LECROYWM8500,500500138,Waveform
Segments,1,SegmentSize,20002
Segment,TrigTime,TimeSinceSegment1
#1,17-Nov-2021 10:39:09,0                 
Time,Ampl
2.2395e-007,0.000143888
2.24e-007,0.000131897
2.2405e-007,9.24991e-005
2.241e-007,8.05085e-005
2.2415e-007,0.000130184
2.242e-007,0.0001456
2.2425e-007,0.000171295
2.243e-007,0.000203841
2.2435e-007,0.000236387
2.244e-007,0.000236387
2.2445e-007,0.000251803
2.245e-007,0.000263794
2.2455e-007,0.000265507
2.246e-007,0.00025009
2.2465e-007,0.000280923
2.247e-007,0.0002381
2.2475e-007,0.000203841
2.248e-007,0.000179859
2.2485e-007,0.000143888
2.249e-007,0.000123332
2.2495e-007,9.42121e-005
2.25e-007,5.31014e-005
2.2505e-007,8.39344e-005
2.251e-007,9.7638e-005
2.2515e-007,0.000130184
2.252e-007,0.000184998
2.2525e-007,0.000239813
2.253e-007,0.000294627
2.2535e-007,0.00032546
2.254e-007,0.000368284
2.2545e-007,0.000373422
2.255e-007,0.000359719
2.2555e-007,0.000361432
2.256e-007,0.000275784
2.2565e-007,0.000183285
2.257e-007,8.39344e-005
2.2575e-007,3.42589e-005
2.258e-007,-0.000101064
2.2585e-007,-0.000217544
2.259e-007,-0.000318608
2.2595e-007,-0.00045907
2.26e-007,-0.000556708
2.2605e-007,-0.000625226
2.261e-007,-0.000664623
2.2615e-007,-0.000671475
2.262e-007,-0.000635503
2.2625e-007,-0.00059268
2.263e-007,-0.000498468
2.2635e-007,-0.000385413
2.264e-007,-0.000268933
2.2645e-007,-0.000150739
2.265e-007,-2.56942e-005
2.2655e-007,9.42121e-005
2.266e-007,0.000200415
2.2665e-007,0.000256942
2.267e-007,0.000277497
2.2675e-007,0.000253516
2.268e-007,0.00020898
2.2685e-007,0.000178146
2.269e-007,9.93509e-005
2.2695e-007,3.59719e-005
2.27e-007,3.42589e-006
2.2705e-007,-5.13884e-006
2.271e-007,2.91201e-005
2.2715e-007,8.05085e-005
2.272e-007,0.000149026
2.2725e-007,0.000229535
2.273e-007,0.000323747
2.2735e-007,0.000381987
2.274e-007,0.000431663
2.2745e-007,0.000416246
2.275e-007,0.00040083
2.2755e-007,0.000352867
2.276e-007,0.000291201
2.2765e-007,0.000173008
2.277e-007,5.31014e-005
2.2775e-007,-5.82402e-005
2.278e-007,-0.000164443
2.2785e-007,-0.000224396
2.279e-007,-0.000205554
2.2795e-007,-0.000203841
2.28e-007,-0.000157591
2.2805e-007,-9.07862e-005
2.281e-007,-1.71295e-005
2.2815e-007,7.02308e-005
2.282e-007,0.000157591
2.2825e-007,0.000224396
2.283e-007,0.000262081
2.2835e-007,0.000263794
2.284e-007,0.000275784
2.2845e-007,0.000282636
2.285e-007,0.000265507
2.2855e-007,0.000265507
2.286e-007,0.000239813
2.2865e-007,0.000217544
2.287e-007,0.00022097
2.2875e-007,0.000260368
2.288e-007,0.00027921
2.2885e-007,0.000284349
2.289e-007,0.000318608
2.2895e-007,0.00032546
2.29e-007,0.000351154
2.2905e-007,0.000349441
2.291e-007,0.000327173
2.2915e-007,0.000282636
2.292e-007,0.000256942
2.2925e-007,0.00019185
2.293e-007,0.000176434
2.2935e-007,0.000150739
2.294e-007,0.00013361
2.2945e-007,0.000138749
2.295e-007,0.000152452
2.2955e-007,0.000198702
2.296e-007,0.000275784
2.2965e-007,0.000366571
2.297e-007,0.000421385
2.2975e-007,0.000481338
2.298e-007,0.000507032
2.2985e-007,0.000479625
2.299e-007,0.000469347
2.2995e-007,0.000450505
2.3e-007,0.000376848
2.3005e-007,0.000339163
2.301e-007,0.000315182
2.3015e-007,0.00027921
2.302e-007,0.000255229
2.3025e-007,0.000260368
2.303e-007,0.000243238
2.3035e-007,0.000232961
2.304e-007,0.000255229
2.3045e-007,0.000272359
2.305e-007,0.000243238
2.3055e-007,0.000272359
2.306e-007,0.000286062
2.3065e-007,0.000262081
2.307e-007,0.000275784
2.3075e-007,0.000277497
2.308e-007,0.000270646
2.3085e-007,0.000284349
2.309e-007,0.000304905
2.3095e-007,0.000303192
2.31e-007,0.000311756
2.3105e-007,0.000330599
2.311e-007,0.000334025
2.3115e-007,0.000334025
2.312e-007,0.000322034
2.3125e-007,0.000270646
2.313e-007,0.0002381
2.3135e-007,0.000217544
2.314e-007,0.000193563
2.3145e-007,0.000190137
2.315e-007,0.000212405
2.3155e-007,0.000203841
2.316e-007,0.000231248
2.3165e-007,0.000239813
2.317e-007,0.000253516
2.3175e-007,0.00027921
2.318e-007,0.000260368
2.3185e-007,0.000256942
2.319e-007,0.000243238
2.3195e-007,0.000246664
2.32e-007,0.000219257
2.3205e-007,0.000186711
2.321e-007,0.000196989
2.3215e-007,0.000176434
2.322e-007,0.000169582
2.3225e-007,0.000178146
2.323e-007,0.000174721
2.3235e-007,0.000147313
2.324e-007,0.000135323
2.3245e-007,0.00010449
2.325e-007,5.13884e-005
2.3255e-007,-3.42589e-006
2.326e-007,-3.93978e-005
2.3265e-007,-9.7638e-005
2.327e-007,-0.000150739
2.3275e-007,-0.000164443
2.328e-007,-0.000183285
2.3285e-007,-0.000150739
2.329e-007,-8.56473e-005
2.3295e-007,-2.22683e-005
2.33e-007,6.5092e-005
2.3305e-007,0.000150739
2.331e-007,0.000248377
2.3315e-007,0.000358006
2.332e-007,0.000428237
2.3325e-007,0.000493329
2.333e-007,0.000496755
2.3335e-007,0.000501893
2.334e-007,0.000486477
2.3345e-007,0.000411107
2.335e-007,0.000358006
2.3355e-007,0.000327173
2.336e-007,0.00027921
2.3365e-007,0.000289488
2.337e-007,0.00029634
2.3375e-007,0.000323747
2.338e-007,0.000359719
2.3385e-007,0.000405968
2.339e-007,0.000440227
2.3395e-007,0.000476199
2.34e-007,0.000453931
2.3405e-007,0.000462496
2.341e-007,0.000421385
2.3415e-007,0.000332312
2.342e-007,0.000236387
2.3425e-007,0.000119906
2.343e-007,3.42589e-006
2.3435e-007,-9.07862e-005
2.344e-007,-0.000159304
2.3445e-007,-0.00020898
2.345e-007,-0.000181572
2.3455e-007,-0.000102777
2.346e-007,-5.13884e-005
2.3465e-007,7.36567e-005
2.347e-007,0.000214118
2.3475e-007,0.000363145
2.348e-007,0.000477912
2.3485e-007,0.000597818
2.349e-007,0.000668049
2.3495e-007,0.000721151
2.35e-007,0.000719438
2.3505e-007,0.000692031
2.351e-007,0.00063379
2.3515e-007,0.000510458
2.352e-007,0.000419672
2.3525e-007,0.000311756
2.353e-007,0.000236387
2.3535e-007,0.000143888
2.354e-007,8.39344e-005
2.3545e-007,3.76848e-005
2.355e-007,3.93978e-005
2.3555e-007,5.99531e-005
2.356e-007,7.02308e-005
2.3565e-007,9.5925e-005
2.357e-007,0.000118193
2.3575e-007,0.000164443
2.358e-007,0.000190137
2.3585e-007,0.000217544
2.359e-007,0.000226109
2.3595e-007,0.000270646
2.36e-007,0.000270646
2.3605e-007,0.000291201
2.361e-007,0.000294627
2.3615e-007,0.000303192
2.362e-007,0.000313469
2.3625e-007,0.000320321
2.363e-007,0.00030833
2.3635e-007,0.000313469
2.364e-007,0.000301479
2.3645e-007,0.000292914
2.365e-007,0.00029634
2.3655e-007,0.000342589
2.366e-007,0.000358006
2.3665e-007,0.0003837
2.367e-007,0.000424811
2.3675e-007,0.000428237
2.368e-007,0.000395691
2.3685e-007,0.000366571
2.369e-007,0.000282636
2.3695e-007,0.000207267
2.37e-007,9.5925e-005
2.3705e-007,5.13884e-006
2.371e-007,-8.22214e-005
2.3715e-007,-0.000181572
2.372e-007,-0.000265507
2.3725e-007,-0.000347728
2.373e-007,-0.000388839
2.3735e-007,-0.000385413
2.374e-007,-0.000373422
2.3745e-007,-0.00029634
2.375e-007,-0.000244951
2.3755e-007,-0.000215831
2.376e-007,-0.000178146
2.3765e-007,-0.00016273
2.377e-007,-0.000196989
2.3775e-007,-0.000215831
2.378e-007,-0.000294627
2.3785e-007,-0.000298053
2.379e-007,-0.000356293
2.3795e-007,-0.000342589
2.38e-007,-0.000359719
2.3805e-007,-0.000306617
2.381e-007,-0.000265507
2.3815e-007,-0.000183285
2.382e-007,-0.000143888
2.3825e-007,-7.87956e-005
2.383e-007,3.42589e-006
2.3835e-007,4.62496e-005
2.384e-007,5.13884e-005
2.3845e-007,5.99531e-005
2.385e-007,6.68049e-005
2.3855e-007,4.79625e-005
2.386e-007,5.82402e-005
2.3865e-007,6.3379e-005
2.387e-007,7.36567e-005
2.3875e-007,0.000125045
2.388e-007,0.000202128
2.3885e-007,0.000253516
2.389e-007,0.000358006
2.3895e-007,0.000411107
2.39e-007,0.000476199
2.3905e-007,0.000525875
2.391e-007,0.000513884
2.3915e-007,0.000512171
2.392e-007,0.000520736
2.3925e-007,0.000493329
2.393e-007,0.000445366
2.3935e-007,0.000373422
2.394e-007,0.000359719
2.3945e-007,0.000330599
2.395e-007,0.000299766
2.3955e-007,0.000286062
2.396e-007,0.000251803
2.3965e-007,0.000226109
2.397e-007,0.00019185
2.3975e-007,0.000181572
2.398e-007,0.000130184
2.3985e-007,7.87956e-005
2.399e-007,4.11107e-005
2.3995e-007,1.71295e-005
2.4e-007,3.42589e-006
2.4005e-007,-5.13884e-006
2.401e-007,-3.42589e-006
2.4015e-007,3.76848e-005
2.402e-007,8.05085e-005
2.4025e-007,0.000131897
2.403e-007,0.000193563
2.4035e-007,0.000234674
2.404e-007,0.000268933
2.4045e-007,0.000332312
2.405e-007,0.000310043
2.4055e-007,0.000255229
2.406e-007,0.000224396
2.4065e-007,0.000169582
2.407e-007,0.000118193
2.4075e-007,6.68049e-005
2.408e-007,1.37036e-005
2.4085e-007,-2.05554e-005
2.409e-007,-6.68049e-005
2.4095e-007,-7.36567e-005
2.41e-007,-6.3379e-005
2.4105e-007,-4.45366e-005
2.411e-007,-2.56942e-005
2.4115e-007,-8.56473e-006
2.412e-007,-3.42589e-006
2.4125e-007,6.85179e-006
2.413e-007,-2.91201e-005
2.4135e-007,-3.59719e-005
2.414e-007,-4.11107e-005
2.4145e-007,-6.68049e-005
2.415e-007,-5.31014e-005
2.4155e-007,-8.05085e-005
2.416e-007,-6.16661e-005
2.4165e-007,-2.22683e-005
2.417e-007,-3.93978e-005
2.4175e-007,-5.13884e-006
2.418e-007,0
2.4185e-007,2.56942e-005
2.419e-007,-3.42589e-006
2.4195e-007,3.76848e-005
2.42e-007,7.02308e-005
2.4205e-007,0.000109629
2.421e-007,0.000130184
2.4215e-007,0.000217544
2.422e-007,0.000275784
2.4225e-007,0.000376848
2.423e-007,0.000476199
2.4235e-007,0.000582402
2.424e-007,0.000654346
2.4245e-007,0.000733141
2.425e-007,0.000762261
2.4255e-007,0.000765687
2.426e-007,0.000757123
2.4265e-007,0.000757123
2.427e-007,0.000695456
2.4275e-007,0.00060467
2.428e-007,0.000484764
2.4285e-007,0.000438514
2.429e-007,0.000332312
2.4295e-007,0.000231248
2.43e-007,0.000184998
2.4305e-007,0.000125045
2.431e-007,0.000113054
2.4315e-007,0.000111342
2.432e-007,0.000157591
2.4325e-007,0.000183285
2.433e-007,0.000234674
2.4335e-007,0.000310043
2.434e-007,0.000330599
2.4345e-007,0.000368284
2.435e-007,0.000385413
2.4355e-007,0.000385413
2.436e-007,0.000339163
2.4365e-007,0.000275784
2.437e-007,0.000227822
2.4375e-007,0.000138749
2.438e-007,3.42589e-005
2.4385e-007,-1.88424e-005
2.439e-007,-7.02308e-005
2.4395e-007,-9.5925e-005
2.44e-007,-8.90732e-005
2.4405e-007,-3.59719e-005
2.441e-007,1.02777e-005
2.4415e-007,4.45366e-005
2.442e-007,0.000126758
2.4425e-007,0.000217544
2.443e-007,0.00026722
2.4435e-007,0.000320321
2.444e-007,0.000361432
2.4445e-007,0.000375135
2.445e-007,0.000395691
2.4455e-007,0.000358006
2.446e-007,0.000352867
2.4465e-007,0.000334025
2.447e-007,0.00029634
2.4475e-007,0.000268933
2.448e-007,0.000263794
2.4485e-007,0.000258655
2.449e-007,0.000268933
2.4495e-007,0.000280923
2.45e-007,0.000282636
2.4505e-007,0.000272359
2.451e-007,0.000253516
2.4515e-007,0.000239813
2.452e-007,0.000207267
2.4525e-007,0.000179859
2.453e-007,0.000186711
2.4535e-007,0.000128471
2.454e-007,0.000125045
2.4545e-007,8.22214e-005
2.455e-007,5.82402e-005
2.4555e-007,5.48143e-005
2.456e-007,5.82402e-005
2.4565e-007,7.53697e-005
2.457e-007,9.42121e-005
2.4575e-007,0.0001456
2.458e-007,0.000196989
2.4585e-007,0.000183285
2.459e-007,0.000198702
2.4595e-007,0.000227822
2.46e-007,0.000232961
2.4605e-007,0.000226109
2.461e-007,0.000248377
2.4615e-007,0.000275784
2.462e-007,0.000255229
2.4625e-007,0.000282636
2.463e-007,0.000277497
2.4635e-007,0.000270646
2.464e-007,0.000280923
2.4645e-007,0.000287775
2.465e-007,0.000291201
2.4655e-007,0.000282636
2.466e-007,0.000313469
2.4665e-007,0.000272359
2.467e-007,0.000241526
2.4675e-007,0.000184998
2.468e-007,0.000142175
2.4685e-007,0.000109629
2.469e-007,8.56473e-005
2.4695e-007,7.19438e-005
2.47e-007,5.65272e-005
2.4705e-007,0.000101064
2.471e-007,0.000167869
2.4715e-007,0.000229535
2.472e-007,0.00030833
2.4725e-007,0.000393978
2.473e-007,0.000462496
2.4735e-007,0.000489903
2.474e-007,0.000495042
2.4745e-007,0.000457357
2.475e-007,0.000416246
2.4755e-007,0.000270646
2.476e-007,0.000147313
2.4765e-007,5.13884e-006
2.477e-007,-0.000106203
2.4775e-007,-0.0002381
2.478e-007,-0.000316895
2.4785e-007,-0.000332312
2.479e-007,-0.000311756
2.4795e-007,-0.000244951
2.48e-007,-0.000150739
2.4805e-007,-4.28237e-005
2.481e-007,5.65272e-005
2.4815e-007,0.000183285
2.482e-007,0.000256942
2.4825e-007,0.000334025
2.483e-007,0.000359719
2.4835e-007,0.000344302
2.484e-007,0.000294627
2.4845e-007,0.00019185
2.485e-007,0.000125045
2.4855e-007,1.37036e-005
2.486e-007,-5.82402e-005
2.4865e-007,-0.000118193
2.487e-007,-0.000161017
2.4875e-007,-0.0001456
2.488e-007,-6.68049e-005
2.4885e-007,5.13884e-006
2.489e-007,7.70826e-005
2.4895e-007,0.000118193
2.49e-007,0.000203841
2.4905e-007,0.000287775
2.491e-007,0.000291201
2.4915e-007,0.000304905
2.492e-007,0.000255229
2.4925e-007,0.000219257
2.493e-007,0.000150739
2.4935e-007,8.05085e-005
2.494e-007,4.45366e-005
2.4945e-007,2.05554e-005
2.495e-007,1.88424e-005
2.4955e-007,2.22683e-005
2.496e-007,4.45366e-005
2.4965e-007,7.53697e-005
2.497e-007,0.000166156
2.4975e-007,0.000212405
2.498e-007,0.000263794
2.4985e-007,0.000299766
2.499e-007,0.000337451
2.4995e-007,0.000335738
2.5e-007,0.000304905
2.5005e-007,0.000320321
2.501e-007,0.000316895
2.5015e-007,0.000323747
2.502e-007,0.000335738
2.5025e-007,0.000334025
2.503e-007,0.000375135
2.5035e-007,0.000368284
2.504e-007,0.000388839
2.5045e-007,0.000390552
2.505e-007,0.000417959
2.5055e-007,0.000388839
2.506e-007,0.000332312
2.5065e-007,0.000265507
2.507e-007,0.000234674
2.5075e-007,0.000188424
2.508e-007,0.00013361
2.5085e-007,9.24991e-005
2.509e-007,3.0833e-005
2.5095e-007,5.13884e-006
2.51e-007,5.13884e-006
2.5105e-007,-6.85179e-006
2.511e-007,0
2.5115e-007,1.71295e-006
2.512e-007,1.71295e-006
2.5125e-007,1.02777e-005
2.513e-007,4.79625e-005
2.5135e-007,7.87956e-005
2.514e-007,0.000113054
2.5145e-007,0.000183285
2.515e-007,0.00025009
2.5155e-007,0.000291201
2.516e-007,0.000344302
2.5165e-007,0.000392265
2.517e-007,0.00041282
2.5175e-007,0.000433376
2.518e-007,0.000438514
2.5185e-007,0.000436801
2.519e-007,0.000402543
2.5195e-007,0.000303192
2.52e-007,0.000239813
2.5205e-007,0.000131897
2.521e-007,1.54165e-005
2.5215e-007,-7.70826e-005
2.522e-007,-0.000123332
2.5225e-007,-0.000159304
2.523e-007,-0.000161017
2.5235e-007,-0.000121619
2.524e-007,-6.5092e-005
2.5245e-007,7.19438e-005
2.525e-007,0.000140462
2.5255e-007,0.000258655
2.526e-007,0.000340876
2.5265e-007,0.0003837
2.527e-007,0.000393978
2.5275e-007,0.000414533
2.528e-007,0.000369997
2.5285e-007,0.000304905
2.529e-007,0.00022097
2.5295e-007,0.000131897
2.53e-007,4.45366e-005
2.5305e-007,1.54165e-005
2.531e-007,-3.0833e-005
2.5315e-007,-2.05554e-005
2.532e-007,-1.71295e-006
2.5325e-007,4.45366e-005
2.533e-007,0.00011648
2.5335e-007,0.000176434
2.534e-007,0.000258655
2.5345e-007,0.000330599
2.535e-007,0.000414533
2.5355e-007,0.000395691
2.536e-007,0.000407681
2.5365e-007,0.000387126
2.537e-007,0.000387126
2.5375e-007,0.000347728
2.538e-007,0.000298053
2.5385e-007,0.000258655
2.539e-007,0.000214118
2.5395e-007,0.000217544
2.54e-007,0.000178146
2.5405e-007,0.000215831
2.541e-007,0.000226109
2.5415e-007,0.00026722
2.542e-007,0.000310043
2.5425e-007,0.000323747
2.543e-007,0.000378561
2.5435e-007,0.00041282
2.544e-007,0.000457357
2.5445e-007,0.000450505
2.545e-007,0.000450505
2.5455e-007,0.000438514
2.546e-007,0.000380274
2.5465e-007,0.000351154
2.547e-007,0.000313469
2.5475e-007,0.000272359
2.548e-007,0.00025009
2.5485e-007,0.000226109
2.549e-007,0.00016273
2.5495e-007,0.000125045
2.55e-007,6.85179e-005
2.5505e-007,6.3379e-005
2.551e-007,4.11107e-005
2.5515e-007,4.11107e-005
2.552e-007,4.79625e-005
2.5525e-007,7.53697e-005
2.553e-007,0.000119906
2.5535e-007,0.000154165
2.554e-007,0.000174721
2.5545e-007,0.000196989
2.555e-007,0.000222683
2.5555e-007,0.000210692
2.556e-007,0.000198702
2.5565e-007,0.000121619
2.557e-007,7.36567e-005
2.5575e-007,-5.13884e-006
2.558e-007,-9.42121e-005
2.5585e-007,-0.000171295
2.559e-007,-0.000226109
2.5595e-007,-0.000241526
2.56e-007,-0.000224396
2.5605e-007,-0.000152452
2.561e-007,-3.2546e-005
2.5615e-007,7.53697e-005
2.562e-007,0.000203841
2.5625e-007,0.000399117
2.563e-007,0.000512171
2.5635e-007,0.000642355
2.564e-007,0.000739993
2.5645e-007,0.000777678
2.565e-007,0.000750271
2.5655e-007,0.000686892
2.566e-007,0.000573837
2.5665e-007,0.000460783
2.567e-007,0.000289488
2.5675e-007,0.000181572
2.568e-007,7.70826e-005
2.5685e-007,-8.56473e-006
2.569e-007,0
2.5695e-007,2.91201e-005
2.57e-007,8.56473e-005
2.5705e-007,0.000167869
2.571e-007,0.00027921
2.5715e-007,0.000371709
2.572e-007,0.000481338
2.5725e-007,0.000551569
2.573e-007,0.000594393
2.5735e-007,0.000585828
2.574e-007,0.000544717
2.5745e-007,0.000495042
2.575e-007,0.000395691
2.5755e-007,0.000286062
2.576e-007,0.000183285
2.5765e-007,0.000106203
2.577e-007,1.71295e-005
2.5775e-007,-1.88424e-005
2.578e-007,-3.42589e-005
2.5785e-007,1.71295e-006
2.579e-007,3.2546e-005
2.5795e-007,0.000121619
2.58e-007,0.000198702
2.5805e-007,0.000282636
2.581e-007,0.00035458
2.5815e-007,0.000416246
2.582e-007,0.000431663
2.5825e-007,0.000421385
2.583e-007,0.0003837
2.5835e-007,0.000366571
2.584e-007,0.000311756
2.5845e-007,0.000274071
2.585e-007,0.0002381
2.5855e-007,0.000181572
2.586e-007,0.00011648
2.5865e-007,9.24991e-005
2.587e-007,3.0833e-005
2.5875e-007,1.71295e-006
2.588e-007,-4.96755e-005
2.5885e-007,-7.19438e-005
2.589e-007,-6.16661e-005
2.5895e-007,-0.000106203
2.59e-007,-8.56473e-005
2.5905e-007,-9.5925e-005
2.591e-007,-8.05085e-005
2.5915e-007,-4.11107e-005
2.592e-007,-3.59719e-005
2.5925e-007,1.71295e-006
2.593e-007,5.65272e-005
2.5935e-007,4.79625e-005
2.594e-007,7.36567e-005
2.5945e-007,8.56473e-005
2.595e-007,5.65272e-005
2.5955e-007,4.11107e-005
2.596e-007,2.74071e-005
2.5965e-007,-1.88424e-005
2.597e-007,-7.02308e-005
2.5975e-007,-9.07862e-005
2.598e-007,-0.000109629
2.5985e-007,-9.5925e-005
2.599e-007,-9.5925e-005
2.5995e-007,-6.16661e-005
2.6e-007,-4.79625e-005
2.6005e-007,-1.71295e-005
2.601e-007,1.71295e-005
2.6015e-007,3.59719e-005
2.602e-007,3.0833e-005
2.6025e-007,1.71295e-005
2.603e-007,2.22683e-005
2.6035e-007,-1.02777e-005
2.604e-007,-2.22683e-005
2.6045e-007,-6.85179e-005
2.605e-007,-0.000106203
2.6055e-007,-0.000140462
2.606e-007,-0.000138749
2.6065e-007,-0.000135323
2.607e-007,-0.000118193
2.6075e-007,-0.000106203
2.608e-007,-5.31014e-005
2.6085e-007,-6.85179e-006
2.609e-007,1.71295e-006
2.6095e-007,-1.02777e-005
2.61e-007,-1.71295e-006
2.6105e-007,1.19906e-005
2.611e-007,-1.02777e-005
2.6115e-007,-1.54165e-005
2.612e-007,5.13884e-006
2.6125e-007,2.56942e-005
2.613e-007,5.65272e-005
2.6135e-007,8.56473e-005
2.614e-007,0.000119906
2.6145e-007,0.000193563
2.615e-007,0.000284349
2.6155e-007,0.000385413
2.616e-007,0.000436801
2.6165e-007,0.000496755
2.617e-007,0.000556708
2.6175e-007,0.000585828
2.618e-007,0.000570411
2.6185e-007,0.000558421
2.619e-007,0.000495042
2.6195e-007,0.000421385
2.62e-007,0.000332312
2.6205e-007,0.000243238
2.621e-007,0.000152452
2.6215e-007,6.3379e-005
2.622e-007,-1.71295e-005
2.6225e-007,-9.93509e-005
2.623e-007,-0.000131897
2.6235e-007,-0.000178146
2.624e-007,-0.000234674
2.6245e-007,-0.000248377
2.625e-007,-0.000270646
2.6255e-007,-0.000298053
2.626e-007,-0.000315182
2.6265e-007,-0.000327173
2.627e-007,-0.000349441
2.6275e-007,-0.000304905
2.628e-007,-0.000263794
2.6285e-007,-0.000203841
2.629e-007,-0.000152452
2.6295e-007,-7.53697e-005
2.63e-007,-2.22683e-005
2.6305e-007,1.71295e-005
2.631e-007,9.5925e-005
2.6315e-007,0.000123332
2.632e-007,0.000188424
2.6325e-007,0.000219257
2.633e-007,0.000210692
2.6335e-007,0.000186711
2.634e-007,0.000150739
2.6345e-007,0.000102777
2.635e-007,5.48143e-005
2.6355e-007,2.56942e-005
2.636e-007,-2.05554e-005
2.6365e-007,-4.28237e-005
2.637e-007,-6.5092e-005
2.6375e-007,-4.96755e-005
2.638e-007,-3.2546e-005
2.6385e-007,-1.54165e-005
2.639e-007,8.56473e-006
2.6395e-007,5.65272e-005
2.64e-007,0.000102777
2.6405e-007,0.000130184
2.641e-007,0.000157591
2.6415e-007,0.000157591
2.642e-007,0.000171295
2.6425e-007,0.00010449
2.643e-007,6.85179e-005
2.6435e-007,5.13884e-005
2.644e-007,2.74071e-005
2.6445e-007,-1.02777e-005
2.645e-007,-3.76848e-005
2.6455e-007,-6.68049e-005
2.646e-007,-7.36567e-005
2.6465e-007,-3.76848e-005
2.647e-007,1.71295e-005
2.6475e-007,7.19438e-005
2.648e-007,0.000167869
2.6485e-007,0.000280923
2.649e-007,0.00040083
2.6495e-007,0.00048819
2.65e-007,0.000532726
2.6505e-007,0.000566985
2.651e-007,0.000549856
2.6515e-007,0.000496755
2.652e-007,0.000393978
2.6525e-007,0.000322034
2.653e-007,0.000167869
2.6535e-007,3.0833e-005
2.654e-007,-0.000101064
2.6545e-007,-0.000198702
2.655e-007,-0.000344302
2.6555e-007,-0.000381987
2.656e-007,-0.000395691
2.6565e-007,-0.000380274
2.657e-007,-0.000322034
2.6575e-007,-0.000258655
2.658e-007,-0.000173008
2.6585e-007,-7.53697e-005
2.659e-007,-1.37036e-005
2.6595e-007,6.68049e-005
2.66e-007,9.07862e-005
2.6605e-007,0.000114767
2.661e-007,0.000126758
2.6615e-007,0.000119906
2.662e-007,0.00011648
2.6625e-007,8.39344e-005
2.663e-007,9.42121e-005
2.6635e-007,0.000119906
2.664e-007,0.000121619
2.6645e-007,0.000173008
2.665e-007,0.000234674
2.6655e-007,0.000289488
2.666e-007,0.000369997
2.6665e-007,0.000414533
2.667e-007,0.000438514
2.6675e-007,0.000476199
2.668e-007,0.000496755
2.6685e-007,0.000496755
2.669e-007,0.00047106
2.6695e-007,0.000424811
2.67e-007,0.000364858
2.6705e-007,0.000364858
2.671e-007,0.00030833
2.6715e-007,0.000286062
2.672e-007,0.000258655
2.6725e-007,0.000200415
2.673e-007,0.000159304
2.6735e-007,0.000147313
2.674e-007,0.000125045
2.6745e-007,0.000121619
2.675e-007,7.53697e-005
2.6755e-007,2.91201e-005
2.676e-007,-1.71295e-005
2.6765e-007,-5.82402e-005
2.677e-007,-0.000114767
2.6775e-007,-0.000171295
2.678e-007,-0.000214118
2.6785e-007,-0.000239813
2.679e-007,-0.000265507
2.6795e-007,-0.000270646
2.68e-007,-0.000268933
2.6805e-007,-0.000260368
2.681e-007,-0.000260368
2.6815e-007,-0.000241526
2.682e-007,-0.000248377
2.6825e-007,-0.000256942
2.683e-007,-0.000239813
2.6835e-007,-0.000270646
2.684e-007,-0.000274071
2.6845e-007,-0.00030833
2.685e-007,-0.000291201
2.6855e-007,-0.000275784
2.686e-007,-0.000224396
2.6865e-007,-0.000142175
2.687e-007,-1.54165e-005
2.6875e-007,0.000109629
2.688e-007,0.000268933
2.6885e-007,0.000411107
2.689e-007,0.000554995
2.6895e-007,0.000642355
2.69e-007,0.000666336
2.6905e-007,0.000669762
2.691e-007,0.000613235
2.6915e-007,0.000551569
2.692e-007,0.000404255
2.6925e-007,0.000298053
2.693e-007,0.000164443
2.6935e-007,5.48143e-005
2.694e-007,3.42589e-006
2.6945e-007,0
2.695e-007,-1.71295e-005
2.6955e-007,7.19438e-005
2.696e-007,0.000176434
2.6965e-007,0.00027921
2.697e-007,0.000414533
2.6975e-007,0.000508745
2.698e-007,0.000589254
2.6985e-007,0.000632077
2.699e-007,0.000656059
2.6995e-007,0.000638929
2.7e-007,0.000570411
2.7005e-007,0.000541291
2.701e-007,0.000476199
2.7015e-007,0.000426524
2.702e-007,0.0003837
2.7025e-007,0.000371709
2.703e-007,0.000369997
2.7035e-007,0.00040083
2.704e-007,0.000411107
2.7045e-007,0.000405968
2.705e-007,0.000435089
2.7055e-007,0.000436801
2.706e-007,0.000419672
2.7065e-007,0.000375135
2.707e-007,0.000327173
2.7075e-007,0.000292914
2.708e-007,0.000241526
2.7085e-007,0.00022097
2.709e-007,0.000202128
2.7095e-007,0.000236387
2.71e-007,0.000241526
2.7105e-007,0.000311756
2.711e-007,0.000409394
2.7115e-007,0.000472773
2.712e-007,0.000501893
2.7125e-007,0.000508745
2.713e-007,0.000501893
2.7135e-007,0.000460783
2.714e-007,0.000388839
2.7145e-007,0.000284349
2.715e-007,0.000147313
2.7155e-007,8.22214e-005
2.716e-007,-5.48143e-005
2.7165e-007,-9.24991e-005
2.717e-007,-0.00013361
2.7175e-007,-0.000155878
2.718e-007,-0.00013361
2.7185e-007,-5.31014e-005
2.719e-007,1.71295e-006
2.7195e-007,7.19438e-005
2.72e-007,0.000142175
2.7205e-007,0.000236387
2.721e-007,0.000256942
2.7215e-007,0.000284349
2.722e-007,0.000280923
2.7225e-007,0.000243238
2.723e-007,0.000234674
2.7235e-007,0.00019185
2.724e-007,0.000154165
2.7245e-007,9.7638e-005
2.725e-007,7.53697e-005
2.7255e-007,4.79625e-005
2.726e-007,2.05554e-005
2.7265e-007,2.56942e-005
2.727e-007,0
2.7275e-007,5.13884e-005
2.728e-007,6.3379e-005
2.7285e-007,0.000114767
2.729e-007,0.000181572
2.7295e-007,0.000248377
2.73e-007,0.000323747
2.7305e-007,0.000409394
2.731e-007,0.000465922
2.7315e-007,0.00051731
2.732e-007,0.000554995
2.7325e-007,0.000596106
2.733e-007,0.00060467
2.7335e-007,0.000580689
2.734e-007,0.000578976
2.7345e-007,0.000515597
2.735e-007,0.00044194
2.7355e-007,0.000378561
2.736e-007,0.000270646
2.7365e-007,0.000186711
2.737e-007,9.07862e-005
2.7375e-007,2.22683e-005
2.738e-007,-5.31014e-005
2.7385e-007,-6.68049e-005
2.739e-007,-0.000102777
2.7395e-007,-0.000121619
2.74e-007,-0.000135323
2.7405e-007,-9.07862e-005
2.741e-007,-4.28237e-005
2.7415e-007,1.71295e-005
2.742e-007,0.000107916
2.7425e-007,0.000184998
2.743e-007,0.000253516
2.7435e-007,0.00035458
2.744e-007,0.000388839
2.7445e-007,0.00040083
2.745e-007,0.000438514
2.7455e-007,0.000424811
2.746e-007,0.000414533
2.7465e-007,0.000330599
2.747e-007,0.000248377
2.7475e-007,0.000154165
2.748e-007,7.02308e-005
2.7485e-007,-8.39344e-005
2.749e-007,-0.000174721
2.7495e-007,-0.000239813
2.75e-007,-0.000301479
2.7505e-007,-0.000294627
2.751e-007,-0.000294627
2.7515e-007,-0.000224396
2.752e-007,-0.000143888
2.7525e-007,-4.45366e-005
2.753e-007,4.96755e-005
2.7535e-007,0.000166156
2.754e-007,0.000270646
2.7545e-007,0.000378561
2.755e-007,0.000438514
2.7555e-007,0.000481338
2.756e-007,0.000486477
2.7565e-007,0.000462496
2.757e-007,0.000431663
2.7575e-007,0.000376848
2.758e-007,0.000334025
2.7585e-007,0.00030833
2.759e-007,0.000229535
2.7595e-007,0.000207267
2.76e-007,0.000167869
2.7605e-007,0.00013361
2.761e-007,0.000125045
2.7615e-007,8.90732e-005
2.762e-007,9.42121e-005
2.7625e-007,9.24991e-005
2.763e-007,0.00011648
2.7635e-007,0.000130184
2.764e-007,0.000157591
2.7645e-007,0.000169582
2.765e-007,0.000195276
2.7655e-007,0.000205554
2.766e-007,0.000229535
2.7665e-007,0.000251803
2.767e-007,0.000274071
2.7675e-007,0.000291201
2.768e-007,0.000328886
2.7685e-007,0.000339163
2.769e-007,0.000337451
2.7695e-007,0.000337451
2.77e-007,0.00035458
2.7705e-007,0.000320321
2.771e-007,0.000304905
2.7715e-007,0.000282636
2.772e-007,0.00026722
2.7725e-007,0.000284349
2.773e-007,0.00026722
2.7735e-007,0.000289488
2.774e-007,0.000299766
2.7745e-007,0.00032546
2.775e-007,0.000366571
2.7755e-007,0.000385413
2.776e-007,0.000431663
2.7765e-007,0.000483051
2.777e-007,0.000469347
2.7775e-007,0.000457357
2.778e-007,0.000464209
2.7785e-007,0.000445366
2.779e-007,0.000364858
2.7795e-007,0.00029634
2.78e-007,0.0002381
2.7805e-007,0.000176434
2.781e-007,0.000140462
2.7815e-007,7.70826e-005
2.782e-007,4.11107e-005
2.7825e-007,1.02777e-005
2.783e-007,-3.42589e-005
2.7835e-007,-5.31014e-005
2.784e-007,-9.5925e-005
2.7845e-007,-4.62496e-005
2.785e-007,-1.88424e-005
2.7855e-007,2.05554e-005
2.786e-007,2.91201e-005
2.7865e-007,7.36567e-005
2.787e-007,0.000101064
2.7875e-007,0.000126758
2.788e-007,0.000184998
2.7885e-007,0.000239813
2.789e-007,0.00026722
2.7895e-007,0.000315182
2.79e-007,0.000340876
2.7905e-007,0.000351154
2.791e-007,0.000358006
2.7915e-007,0.000346015
2.792e-007,0.000304905
2.7925e-007,0.000255229
2.793e-007,0.00020898
2.7935e-007,0.000137036
2.794e-007,6.16661e-005
2.7945e-007,1.54165e-005
2.795e-007,-2.39813e-005
2.7955e-007,-7.87956e-005
2.796e-007,-0.000102777
2.7965e-007,-5.48143e-005
2.797e-007,-4.45366e-005
2.7975e-007,0
2.798e-007,6.68049e-005
2.7985e-007,0.000126758
2.799e-007,0.000174721
2.7995e-007,0.000207267
2.8e-007,0.000214118
2.8005e-007,0.000241526
2.801e-007,0.000243238
2.8015e-007,0.000229535
2.802e-007,0.000207267
2.8025e-007,0.00020898
2.803e-007,0.000195276
2.8035e-007,0.000171295
2.804e-007,0.000173008
2.8045e-007,0.000183285
2.805e-007,0.000150739
2.8055e-007,0.000149026
2.806e-007,0.000142175
2.8065e-007,0.000131897
2.807e-007,0.000101064
2.8075e-007,8.56473e-005
2.808e-007,2.22683e-005
2.8085e-007,-3.42589e-006
2.809e-007,-5.31014e-005
2.8095e-007,-0.000111342
2.81e-007,-0.0001456
2.8105e-007,-0.000149026
2.811e-007,-0.000118193
2.8115e-007,-9.07862e-005
2.812e-007,-3.76848e-005
2.8125e-007,2.22683e-005
2.813e-007,8.39344e-005
2.8135e-007,0.000152452
2.814e-007,0.000239813
2.8145e-007,0.000334025
2.815e-007,0.00035458
2.8155e-007,0.000404255
2.816e-007,0.00041282
2.8165e-007,0.000402543
2.817e-007,0.000364858
2.8175e-007,0.000385413
2.818e-007,0.000339163
2.8185e-007,0.000315182
2.819e-007,0.000306617
2.8195e-007,0.000294627
2.82e-007,0.00027921
2.8205e-007,0.00026722
2.821e-007,0.000286062
2.8215e-007,0.000313469
2.822e-007,0.000327173
2.8225e-007,0.000371709
2.823e-007,0.000421385
2.8235e-007,0.000452218
2.824e-007,0.00047106
2.8245e-007,0.000457357
2.825e-007,0.000455644
2.8255e-007,0.000405968
2.826e-007,0.000371709
2.8265e-007,0.000315182
2.827e-007,0.000229535
2.8275e-007,8.22214e-005
2.828e-007,-3.0833e-005
2.8285e-007,-0.000147313
2.829e-007,-0.000236387
2.8295e-007,-0.000301479
2.83e-007,-0.000358006
2.8305e-007,-0.000375135
2.831e-007,-0.000347728
2.8315e-007,-0.000313469
2.832e-007,-0.000256942
2.8325e-007,-0.000179859
2.833e-007,-0.000111342
2.8335e-007,-3.59719e-005
2.834e-007,1.19906e-005
2.8345e-007,4.62496e-005
2.835e-007,3.42589e-005
2.8355e-007,1.19906e-005
2.836e-007,-1.71295e-006
2.8365e-007,-4.45366e-005
2.837e-007,-4.62496e-005
2.8375e-007,-7.87956e-005
2.838e-007,-7.70826e-005
2.8385e-007,-7.19438e-005
2.839e-007,-4.11107e-005
2.8395e-007,5.13884e-006
2.84e-007,5.99531e-005
2.8405e-007,0.000147313
2.841e-007,0.000234674
2.8415e-007,0.00032546
2.842e-007,0.000381987
2.8425e-007,0.000450505
2.843e-007,0.000501893
2.8435e-007,0.000496755
2.844e-007,0.000464209
2.8445e-007,0.000433376
2.845e-007,0.000373422
2.8455e-007,0.000255229
2.846e-007,0.000176434
2.8465e-007,9.5925e-005
2.847e-007,1.02777e-005
2.8475e-007,-7.53697e-005
2.848e-007,-0.000109629
2.8485e-007,-0.0001456
2.849e-007,-0.0001456
2.8495e-007,-0.000101064
2.85e-007,-1.54165e-005
2.8505e-007,5.82402e-005
2.851e-007,0.000183285
2.8515e-007,0.000262081
2.852e-007,0.00032546
2.8525e-007,0.000369997
2.853e-007,0.000366571
2.8535e-007,0.000363145
2.854e-007,0.000327173
2.8545e-007,0.000248377
2.855e-007,0.000147313
2.8555e-007,5.82402e-005
2.856e-007,-4.62496e-005
2.8565e-007,-0.000113054
2.857e-007,-0.000173008
2.8575e-007,-0.000200415
2.858e-007,-0.000190137
2.8585e-007,-0.00019185
2.859e-007,-0.000207267
2.8595e-007,-0.000198702
2.86e-007,-0.000202128
2.8605e-007,-0.000181572
2.861e-007,-0.00019185
2.8615e-007,-0.000214118
2.862e-007,-0.000222683
2.8625e-007,-0.000246664
2.863e-007,-0.000181572
2.8635e-007,-0.000169582
2.864e-007,-0.000119906
2.8645e-007,-9.93509e-005
2.865e-007,-5.48143e-005
2.8655e-007,1.54165e-005
2.866e-007,7.70826e-005
2.8665e-007,0.000154165
2.867e-007,0.000219257
2.8675e-007,0.000244951
2.868e-007,0.000275784
2.8685e-007,0.000294627
2.869e-007,0.000315182
2.8695e-007,0.000298053
2.87e-007,0.000275784
2.8705e-007,0.000253516
2.871e-007,0.000214118
2.8715e-007,0.000125045
2.872e-007,4.11107e-005
2.8725e-007,-3.42589e-006
2.873e-007,-9.7638e-005
2.8735e-007,-0.000167869
2.874e-007,-0.000188424
2.8745e-007,-0.000169582
2.875e-007,-0.000178146
2.8755e-007,-0.000119906
2.876e-007,-5.48143e-005
2.8765e-007,3.93978e-005
2.877e-007,0.000113054
2.8775e-007,0.000188424
2.878e-007,0.000231248
2.8785e-007,0.000301479
2.879e-007,0.000323747
2.8795e-007,0.000364858
2.88e-007,0.000369997
2.8805e-007,0.000368284
2.881e-007,0.000356293
2.8815e-007,0.000352867
2.882e-007,0.000351154
2.8825e-007,0.000332312
2.883e-007,0.000332312
2.8835e-007,0.000366571
2.884e-007,0.000334025
2.8845e-007,0.000339163
2.885e-007,0.000337451
2.8855e-007,0.000337451
2.886e-007,0.000332312
2.8865e-007,0.000340876
2.887e-007,0.000371709
2.8875e-007,0.000385413
2.888e-007,0.000378561
2.8885e-007,0.000364858
2.889e-007,0.000375135
2.8895e-007,0.000359719
2.89e-007,0.00030833
2.8905e-007,0.000236387
2.891e-007,0.000143888
2.8915e-007,8.56473e-005
2.892e-007,-2.91201e-005
2.8925e-007,-0.000119906
2.893e-007,-0.00025009
2.8935e-007,-0.000310043
2.894e-007,-0.000363145
2.8945e-007,-0.000402543
2.895e-007,-0.000402543
2.8955e-007,-0.000376848
2.896e-007,-0.000291201
2.8965e-007,-0.000207267
2.897e-007,-0.000128471
2.8975e-007,-5.13884e-005
2.898e-007,1.19906e-005
2.8985e-007,7.36567e-005
2.899e-007,0.000130184
2.8995e-007,0.000176434
2.9e-007,0.000193563
2.9005e-007,0.000215831
2.901e-007,0.000215831
2.9015e-007,0.000207267
2.902e-007,0.000229535
2.9025e-007,0.000280923
2.903e-007,0.000286062
2.9035e-007,0.000311756
2.904e-007,0.000316895
2.9045e-007,0.000344302
2.905e-007,0.000361432
2.9055e-007,0.000364858
2.906e-007,0.000363145
2.9065e-007,0.000381987
2.907e-007,0.000361432
2.9075e-007,0.000340876
2.908e-007,0.00035458
2.9085e-007,0.000318608
2.909e-007,0.000339163
2.9095e-007,0.000359719
2.91e-007,0.000390552
2.9105e-007,0.000438514
2.911e-007,0.000507032
2.9115e-007,0.000573837
2.912e-007,0.000664623
2.9125e-007,0.000719438
2.913e-007,0.000751984
2.9135e-007,0.00078453
2.914e-007,0.000782817
2.9145e-007,0.000782817
2.915e-007,0.000736567
2.9155e-007,0.000678327
2.916e-007,0.000597818
2.9165e-007,0.00050018
2.917e-007,0.000381987
2.9175e-007,0.000289488
2.918e-007,0.000202128
2.9185e-007,0.000150739
2.919e-007,0.000114767
2.9195e-007,6.85179e-005
2.92e-007,8.22214e-005
2.9205e-007,9.7638e-005
2.921e-007,0.000119906
2.9215e-007,0.000186711
2.922e-007,0.000268933
2.9225e-007,0.000315182
2.923e-007,0.000388839
2.9235e-007,0.000407681
2.924e-007,0.000421385
2.9245e-007,0.000424811
2.925e-007,0.000419672
2.9255e-007,0.000366571
2.926e-007,0.000323747
2.9265e-007,0.000320321
2.927e-007,0.000291201
2.9275e-007,0.000286062
2.928e-007,0.000323747
2.9285e-007,0.000373422
2.929e-007,0.000416246
2.9295e-007,0.000448792
2.93e-007,0.000484764
2.9305e-007,0.000522449
2.931e-007,0.000501893
2.9315e-007,0.000484764
2.932e-007,0.000397404
2.9325e-007,0.000330599
2.933e-007,0.000202128
2.9335e-007,7.19438e-005
2.934e-007,-1.71295e-005
2.9345e-007,-8.05085e-005
2.935e-007,-0.000138749
2.9355e-007,-0.000184998
2.936e-007,-0.000193563
2.9365e-007,-0.000200415
2.937e-007,-0.000198702
2.9375e-007,-0.000190137
2.938e-007,-0.000193563
2.9385e-007,-0.000244951
2.939e-007,-0.000243238
2.9395e-007,-0.000262081
2.94e-007,-0.000287775
2.9405e-007,-0.000306617
2.941e-007,-0.000371709
2.9415e-007,-0.000342589
2.942e-007,-0.000322034
2.9425e-007,-0.000251803
2.943e-007,-0.000203841
2.9435e-007,-0.00011648
2.944e-007,-1.19906e-005
2.9445e-007,9.07862e-005
2.945e-007,0.000167869
2.9455e-007,0.000232961
2.946e-007,0.000282636
2.9465e-007,0.000320321
2.947e-007,0.000349441
2.9475e-007,0.000334025
2.948e-007,0.000337451
2.9485e-007,0.000340876
2.949e-007,0.000358006
2.9495e-007,0.000342589
2.95e-007,0.000304905
2.9505e-007,0.000299766
2.951e-007,0.000265507
2.9515e-007,0.000222683
2.952e-007,0.000130184
2.9525e-007,9.24991e-005
2.953e-007,3.42589e-005
2.9535e-007,-3.59719e-005
2.954e-007,-0.000109629
2.9545e-007,-0.000196989
2.955e-007,-0.000215831
2.9555e-007,-0.000236387
2.956e-007,-0.000212405
2.9565e-007,-0.000178146
2.957e-007,-9.7638e-005
2.9575e-007,1.19906e-005
2.958e-007,0.000125045
2.9585e-007,0.000251803
2.959e-007,0.000402543
2.9595e-007,0.000539578
2.96e-007,0.000647494
2.9605e-007,0.000728002
2.961e-007,0.00073828
2.9615e-007,0.000731428
2.962e-007,0.00066291
2.9625e-007,0.000566985
2.963e-007,0.000414533
2.9635e-007,0.000274071
2.964e-007,0.000109629
2.9645e-007,-5.65272e-005
2.965e-007,-0.000203841
2.9655e-007,-0.000298053
2.966e-007,-0.000322034
2.9665e-007,-0.000327173
2.967e-007,-0.000263794
2.9675e-007,-0.000171295
2.968e-007,-5.31014e-005
2.9685e-007,8.56473e-005
2.969e-007,0.00019185
2.9695e-007,0.000304905
2.97e-007,0.000387126
2.9705e-007,0.000438514
2.971e-007,0.000448792
2.9715e-007,0.000467634
2.972e-007,0.000438514
2.9725e-007,0.000404255
2.973e-007,0.000332312
2.9735e-007,0.00030833
2.974e-007,0.000243238
2.9745e-007,0.000217544
2.975e-007,0.000184998
2.9755e-007,0.000178146
2.976e-007,9.24991e-005
2.9765e-007,9.07862e-005
2.977e-007,4.62496e-005
2.9775e-007,1.71295e-005
2.978e-007,2.56942e-005
2.9785e-007,3.76848e-005
2.979e-007,3.0833e-005
2.9795e-007,6.5092e-005
2.98e-007,0.000140462
2.9805e-007,0.000202128
2.981e-007,0.000291201
2.9815e-007,0.000349441
2.982e-007,0.000366571
2.9825e-007,0.000428237
2.983e-007,0.000462496
2.9835e-007,0.000416246
2.984e-007,0.000399117
2.9845e-007,0.000349441
2.985e-007,0.00026722
2.9855e-007,0.000210692
2.986e-007,0.000140462
2.9865e-007,0.000113054
2.987e-007,8.39344e-005
2.9875e-007,6.85179e-005
2.988e-007,6.16661e-005
2.9885e-007,7.87956e-005
2.989e-007,0.000109629
2.9895e-007,0.00016273
2.99e-007,0.000193563
2.9905e-007,0.000214118
2.991e-007,0.000255229
2.9915e-007,0.000272359
2.992e-007,0.000292914
2.9925e-007,0.000320321
2.993e-007,0.000339163
2.9935e-007,0.000361432
2.994e-007,0.000373422
2.9945e-007,0.000361432
2.995e-007,0.000358006
2.9955e-007,0.000322034
2.996e-007,0.000272359
2.9965e-007,0.000227822
2.997e-007,0.000226109
2.9975e-007,0.000193563
2.998e-007,0.000181572
2.9985e-007,0.000203841
2.999e-007,0.000255229
2.9995e-007,0.000327173
3e-007,0.000380274
3.0005e-007,0.000464209
3.001e-007,0.000570411
3.0015e-007,0.000614948
3.002e-007,0.000656059
3.0025e-007,0.000681753
3.003e-007,0.000666336
3.0035e-007,0.00059268
3.004e-007,0.000469347
3.0045e-007,0.000347728
3.005e-007,0.000203841
3.0055e-007,8.56473e-005
3.006e-007,-6.85179e-005
3.0065e-007,-0.000135323
3.007e-007,-0.000212405
3.0075e-007,-0.000248377
3.008e-007,-0.000217544
3.0085e-007,-0.000166156
3.009e-007,-0.000109629
3.0095e-007,-3.42589e-005
3.01e-007,5.65272e-005
3.0105e-007,0.000137036
3.011e-007,0.000200415
3.0115e-007,0.000258655
3.012e-007,0.000286062
3.0125e-007,0.000306617
3.013e-007,0.000322034
3.0135e-007,0.000342589
3.014e-007,0.000385413
3.0145e-007,0.000387126
3.015e-007,0.000395691
3.0155e-007,0.000405968
3.016e-007,0.000433376
3.0165e-007,0.000457357
3.017e-007,0.00048819
3.0175e-007,0.000501893
3.018e-007,0.000493329
3.0185e-007,0.000489903
3.019e-007,0.000457357
3.0195e-007,0.000419672
3.02e-007,0.000359719
3.0205e-007,0.000277497
3.021e-007,0.000196989
3.0215e-007,0.000128471
3.022e-007,5.65272e-005
3.0225e-007,1.54165e-005
3.023e-007,6.85179e-006
3.0235e-007,0
3.024e-007,-1.37036e-005
3.0245e-007,-3.42589e-006
3.025e-007,3.0833e-005
3.0255e-007,6.3379e-005
3.026e-007,9.24991e-005
3.0265e-007,0.000111342
3.027e-007,0.000128471
3.0275e-007,0.000157591
3.028e-007,0.000166156
3.0285e-007,0.000128471
3.029e-007,8.90732e-005
3.0295e-007,4.62496e-005
3.03e-007,3.59719e-005
3.0305e-007,-5.13884e-006
3.031e-007,-3.42589e-006
3.0315e-007,2.39813e-005
3.032e-007,7.02308e-005
3.0325e-007,0.000125045
3.033e-007,0.000167869
3.0335e-007,0.000229535
3.034e-007,0.000270646
3.0345e-007,0.000310043
3.035e-007,0.000322034
3.0355e-007,0.000313469
3.036e-007,0.000299766
3.0365e-007,0.000299766
3.037e-007,0.0002381
3.0375e-007,0.000207267
3.038e-007,0.000152452
3.0385e-007,0.000142175
3.039e-007,8.90732e-005
3.0395e-007,9.24991e-005
3.04e-007,0.000138749
3.0405e-007,0.000154165
3.041e-007,0.000190137
3.0415e-007,0.000203841
3.042e-007,0.00022097
3.0425e-007,0.000205554
3.043e-007,0.000193563
3.0435e-007,0.000157591
3.044e-007,0.000125045
3.0445e-007,6.5092e-005
3.045e-007,-2.22683e-005
3.0455e-007,-0.000107916
3.046e-007,-0.000226109
3.0465e-007,-0.00027921
3.047e-007,-0.000337451
3.0475e-007,-0.000380274
3.048e-007,-0.000395691
3.0485e-007,-0.00040083
3.049e-007,-0.000363145
3.0495e-007,-0.000328886
3.05e-007,-0.000277497
3.0505e-007,-0.000229535
3.051e-007,-0.0001456
3.0515e-007,-0.000109629
3.052e-007,-5.13884e-005
3.0525e-007,6.85179e-006
3.053e-007,4.79625e-005
3.0535e-007,6.68049e-005
3.054e-007,5.99531e-005
3.0545e-007,9.24991e-005
3.055e-007,9.42121e-005
3.0555e-007,7.19438e-005
3.056e-007,4.28237e-005
3.0565e-007,-1.37036e-005
3.057e-007,-7.02308e-005
3.0575e-007,-0.000113054
3.058e-007,-0.000186711
3.0585e-007,-0.000224396
3.059e-007,-0.000265507
3.0595e-007,-0.000310043
3.06e-007,-0.000344302
3.0605e-007,-0.000323747
3.061e-007,-0.00026722
3.0615e-007,-0.000224396
3.062e-007,-0.000178146
3.0625e-007,-0.00011648
3.063e-007,-4.28237e-005
3.0635e-007,3.59719e-005
3.064e-007,0.000102777
3.0645e-007,0.000179859
3.065e-007,0.000231248
3.0655e-007,0.000315182
3.066e-007,0.000392265
3.0665e-007,0.000436801
3.067e-007,0.000508745
3.0675e-007,0.000551569
3.068e-007,0.000582402
3.0685e-007,0.000599531
3.069e-007,0.000611522
3.0695e-007,0.000568698
3.07e-007,0.000510458
3.0705e-007,0.000438514
3.071e-007,0.000376848
3.0715e-007,0.000303192
3.072e-007,0.000263794
3.0725e-007,0.000203841
3.073e-007,0.000184998
3.0735e-007,0.000215831
3.074e-007,0.000258655
3.0745e-007,0.000330599
3.075e-007,0.000407681
3.0755e-007,0.000486477
3.076e-007,0.000570411
3.0765e-007,0.000626939
3.077e-007,0.000637216
3.0775e-007,0.000644068
3.078e-007,0.000613235
3.0785e-007,0.00056356
3.079e-007,0.000462496
3.0795e-007,0.000358006
3.08e-007,0.000255229
3.0805e-007,0.000171295
3.081e-007,0.000106203
3.0815e-007,7.02308e-005
3.082e-007,5.65272e-005
3.0825e-007,6.68049e-005
3.083e-007,6.16661e-005
3.0835e-007,7.87956e-005
3.084e-007,0.000123332
3.0845e-007,0.000193563
3.085e-007,0.000243238
3.0855e-007,0.000248377
3.086e-007,0.000253516
3.0865e-007,0.000251803
3.087e-007,0.000186711
3.0875e-007,0.000142175
3.088e-007,8.05085e-005
3.0885e-007,5.48143e-005
3.089e-007,2.56942e-005
3.0895e-007,4.62496e-005
3.09e-007,4.28237e-005
3.0905e-007,9.24991e-005
3.091e-007,0.000106203
3.0915e-007,0.000119906
3.092e-007,0.000143888
3.0925e-007,0.000186711
3.093e-007,0.00019185
3.0935e-007,0.000234674
3.094e-007,0.000243238
3.0945e-007,0.000241526
3.095e-007,0.000205554
3.0955e-007,0.000203841
3.096e-007,0.000147313
3.0965e-007,0.000113054
3.097e-007,7.53697e-005
3.0975e-007,5.13884e-005
3.098e-007,7.53697e-005
3.0985e-007,9.5925e-005
3.099e-007,6.85179e-005
3.0995e-007,8.39344e-005
3.1e-007,7.02308e-005
3.1005e-007,0
3.101e-007,-4.45366e-005
3.1015e-007,-0.000102777
3.102e-007,-0.000150739
3.1025e-007,-0.000215831
3.103e-007,-0.00026722
3.1035e-007,-0.000256942
3.104e-007,-0.000310043
3.1045e-007,-0.000274071
3.105e-007,-0.000202128
3.1055e-007,-0.000101064
3.106e-007,2.74071e-005
3.1065e-007,0.000173008
3.107e-007,0.000330599
3.1075e-007,0.000431663
3.108e-007,0.000532726
3.1085e-007,0.00057555
3.109e-007,0.000573837
3.1095e-007,0.000549856
3.11e-007,0.000508745
3.1105e-007,0.000399117
3.111e-007,0.000316895
3.1115e-007,0.000224396
3.112e-007,0.000154165
3.1125e-007,9.07862e-005
3.113e-007,5.99531e-005
3.1135e-007,4.45366e-005
3.114e-007,6.85179e-005
3.1145e-007,7.53697e-005
3.115e-007,9.7638e-005
3.1155e-007,9.93509e-005
3.116e-007,0.000106203
3.1165e-007,5.99531e-005
3.117e-007,6.85179e-006
3.1175e-007,-3.2546e-005
3.118e-007,-4.96755e-005
3.1185e-007,-2.39813e-005
3.119e-007,-1.54165e-005
3.1195e-007,5.13884e-006
3.12e-007,6.16661e-005
3.1205e-007,9.42121e-005
3.121e-007,0.000147313
3.1215e-007,0.000234674
3.122e-007,0.000292914
3.1225e-007,0.000342589
3.123e-007,0.00035458
3.1235e-007,0.000380274
3.124e-007,0.000378561
3.1245e-007,0.000387126
3.125e-007,0.000390552
3.1255e-007,0.000404255
3.126e-007,0.000419672
3.1265e-007,0.000462496
3.127e-007,0.000489903
3.1275e-007,0.000536152
3.128e-007,0.000543004
3.1285e-007,0.000524162
3.129e-007,0.000486477
3.1295e-007,0.000440227
3.13e-007,0.000304905
3.1305e-007,0.000190137
3.131e-007,5.13884e-005
3.1315e-007,-9.24991e-005
3.132e-007,-0.000215831
3.1325e-007,-0.000334025
3.133e-007,-0.000421385
3.1335e-007,-0.000460783
3.134e-007,-0.00045907
3.1345e-007,-0.000419672
3.135e-007,-0.000330599
3.1355e-007,-0.000217544
3.136e-007,-0.000113054
3.1365e-007,5.65272e-005
3.137e-007,0.000210692
3.1375e-007,0.000306617
3.138e-007,0.000371709
3.1385e-007,0.000435089
3.139e-007,0.000436801
3.1395e-007,0.000402543
3.14e-007,0.000347728
3.1405e-007,0.000265507
3.141e-007,0.000184998
3.1415e-007,7.87956e-005
3.142e-007,6.85179e-006
3.1425e-007,-3.42589e-005
3.143e-007,-3.93978e-005
3.1435e-007,-2.22683e-005
3.144e-007,-1.71295e-006
3.1445e-007,4.45366e-005
3.145e-007,0.00013361
3.1455e-007,0.0002381
3.146e-007,0.00029634
3.1465e-007,0.000404255
3.147e-007,0.000462496
3.1475e-007,0.000493329
3.148e-007,0.000520736
3.1485e-007,0.000501893
3.149e-007,0.000450505
3.1495e-007,0.000467634
3.15e-007,0.000433376
3.1505e-007,0.000399117
3.151e-007,0.000373422
3.1515e-007,0.00041282
3.152e-007,0.000428237
3.1525e-007,0.000464209
3.153e-007,0.000474486
3.1535e-007,0.000512171
3.154e-007,0.000527588
3.1545e-007,0.000536152
3.155e-007,0.000496755
3.1555e-007,0.000435089
3.156e-007,0.000368284
3.1565e-007,0.000306617
3.157e-007,0.000248377
3.1575e-007,0.000166156
3.158e-007,8.90732e-005
3.1585e-007,3.93978e-005
3.159e-007,2.91201e-005
3.1595e-007,3.59719e-005
3.16e-007,9.24991e-005
3.1605e-007,0.000113054
3.161e-007,0.000229535
3.1615e-007,0.00030833
3.162e-007,0.000359719
3.1625e-007,0.000385413
3.163e-007,0.000402543
3.1635e-007,0.000411107
3.164e-007,0.000390552
3.1645e-007,0.000368284
3.165e-007,0.000334025
3.1655e-007,0.00027921
3.166e-007,0.000227822
3.1665e-007,0.000167869
3.167e-007,0.00010449
3.1675e-007,8.56473e-005
3.168e-007,6.3379e-005
3.1685e-007,0.000107916
3.169e-007,0.000159304
3.1695e-007,0.000210692
3.17e-007,0.000291201
3.1705e-007,0.000352867
3.171e-007,0.000399117
3.1715e-007,0.000448792
3.172e-007,0.000465922
3.1725e-007,0.000462496
3.173e-007,0.000447079
3.1735e-007,0.000433376
3.174e-007,0.000399117
3.1745e-007,0.000368284
3.175e-007,0.000301479
3.1755e-007,0.000260368
3.176e-007,0.000196989
3.1765e-007,0.000169582
3.177e-007,0.000159304
3.1775e-007,0.000155878
3.178e-007,0.000154165
3.1785e-007,0.000176434
3.179e-007,0.000169582
3.1795e-007,0.000184998
3.18e-007,0.000188424
3.1805e-007,0.000164443
3.181e-007,0.000137036
3.1815e-007,0.00011648
3.182e-007,9.5925e-005
3.1825e-007,9.24991e-005
3.183e-007,0.00010449
3.1835e-007,0.000159304
3.184e-007,0.000219257
3.1845e-007,0.000303192
3.185e-007,0.000416246
3.1855e-007,0.000529301
3.186e-007,0.000623513
3.1865e-007,0.00068004
3.187e-007,0.000745132
3.1875e-007,0.000746845
3.188e-007,0.000733141
3.1885e-007,0.000690318
3.189e-007,0.000599531
3.1895e-007,0.000536152
3.19e-007,0.000448792
3.1905e-007,0.0003837
3.191e-007,0.000306617
3.1915e-007,0.000298053
3.192e-007,0.000234674
3.1925e-007,0.000234674
3.193e-007,0.000246664
3.1935e-007,0.000299766
3.194e-007,0.000320321
3.1945e-007,0.000337451
3.195e-007,0.000337451
3.1955e-007,0.000322034
3.196e-007,0.000274071
3.1965e-007,0.000253516
3.197e-007,0.00016273
3.1975e-007,9.7638e-005
3.198e-007,-3.42589e-006
3.1985e-007,-9.24991e-005
3.199e-007,-0.000190137
3.1995e-007,-0.000243238
3.2e-007,-0.000335738
3.2005e-007,-0.000404255
3.201e-007,-0.000436801
3.2015e-007,-0.000477912
3.202e-007,-0.00050018
3.2025e-007,-0.000489903
3.203e-007,-0.000464209
3.2035e-007,-0.000414533
3.204e-007,-0.000330599
3.2045e-007,-0.000217544
3.205e-007,-0.000123332
3.2055e-007,-2.22683e-005
3.206e-007,0.00011648
3.2065e-007,0.000200415
3.207e-007,0.0002381
3.2075e-007,0.000320321
3.208e-007,0.000385413
3.2085e-007,0.000378561
3.209e-007,0.000366571
3.2095e-007,0.000328886
3.21e-007,0.000275784
3.2105e-007,0.000190137
3.211e-007,0.000137036
3.2115e-007,0.000119906
3.212e-007,0.000109629
3.2125e-007,0.000118193
3.213e-007,0.000131897
3.2135e-007,0.000155878
3.214e-007,0.000186711
3.2145e-007,0.000253516
3.215e-007,0.000280923
3.2155e-007,0.000344302
3.216e-007,0.000349441
3.2165e-007,0.000380274
3.217e-007,0.000373422
3.2175e-007,0.000371709
3.218e-007,0.000395691
3.2185e-007,0.00041282
3.219e-007,0.000393978
3.2195e-007,0.000433376
3.22e-007,0.000462496
3.2205e-007,0.000464209
3.221e-007,0.000484764
3.2215e-007,0.000479625
3.222e-007,0.000491616
3.2225e-007,0.000481338
3.223e-007,0.000508745
3.2235e-007,0.000486477
3.224e-007,0.000474486
3.2245e-007,0.000462496
3.225e-007,0.000474486
3.2255e-007,0.000455644
3.226e-007,0.000474486
3.2265e-007,0.000489903
3.227e-007,0.000495042
3.2275e-007,0.00054643
3.228e-007,0.000549856
3.2285e-007,0.000582402
3.229e-007,0.000674901
3.2295e-007,0.000733141
3.23e-007,0.000801659
3.2305e-007,0.000859899
3.231e-007,0.000916427
3.2315e-007,0.000962676
3.232e-007,0.000974667
3.2325e-007,0.00100379
3.233e-007,0.0010055
3.2335e-007,0.00102777
3.234e-007,0.000993509
3.2345e-007,0.000919852
3.235e-007,0.000863325
3.2355e-007,0.000799946
3.236e-007,0.000716012
3.2365e-007,0.000635503
3.237e-007,0.000561847
3.2375e-007,0.000477912
3.238e-007,0.000421385
3.2385e-007,0.000417959
3.239e-007,0.000411107
3.2395e-007,0.000428237
3.24e-007,0.000476199
3.2405e-007,0.000537865
3.241e-007,0.000561847
3.2415e-007,0.00059268
3.242e-007,0.000635503
3.2425e-007,0.000674901
3.243e-007,0.000690318
3.2435e-007,0.000712586
3.244e-007,0.000722864
3.2445e-007,0.000702308
3.245e-007,0.000671475
3.2455e-007,0.000683466
3.246e-007,0.000686892
3.2465e-007,0.00070916
3.247e-007,0.000745132
3.2475e-007,0.000827353
3.248e-007,0.000883881
3.2485e-007,0.000971241
3.249e-007,0.00105175
3.2495e-007,0.00112712
3.25e-007,0.00121448
3.2505e-007,0.00129156
3.251e-007,0.00133781
3.2515e-007,0.00137207
3.252e-007,0.00139776
3.2525e-007,0.00137721
3.253e-007,0.00135494
3.2535e-007,0.00134466
3.254e-007,0.00134295
3.2545e-007,0.00139776
3.255e-007,0.00142517
3.2555e-007,0.00148684
3.256e-007,0.00155878
3.2565e-007,0.00165299
3.257e-007,0.00174035
3.2575e-007,0.00188595
3.258e-007,0.00199044
3.2585e-007,0.00205382
3.259e-007,0.00213604
3.2595e-007,0.00218229
3.26e-007,0.00222512
3.2605e-007,0.00226109
3.261e-007,0.00231933
3.2615e-007,0.00233646
3.262e-007,0.00237757
3.2625e-007,0.00245465
3.263e-007,0.00253174
3.2635e-007,0.00263109
3.264e-007,0.0026996
3.2645e-007,0.00280067
3.265e-007,0.00291544
3.2655e-007,0.00300793
3.266e-007,0.00308673
3.2665e-007,0.00316895
3.267e-007,0.00326488
3.2675e-007,0.00335566
3.268e-007,0.00347043
3.2685e-007,0.0035595
3.269e-007,0.00366399
3.2695e-007,0.00380959
3.27e-007,0.00390038
3.2705e-007,0.00400316
3.271e-007,0.00413505
3.2715e-007,0.00426352
3.272e-007,0.00434403
3.2725e-007,0.00445709
3.273e-007,0.00452389
3.2735e-007,0.00458385
3.274e-007,0.0045907
3.2745e-007,0.00463523
3.275e-007,0.00468148
3.2755e-007,0.00470547
3.276e-007,0.00476199
3.2765e-007,0.00482366
3.277e-007,0.00490931
3.2775e-007,0.00502579
3.278e-007,0.00515083
3.2785e-007,0.00528615
3.279e-007,0.00544032
3.2795e-007,0.00559791
3.28e-007,0.00575721
3.2805e-007,0.00588226
3.281e-007,0.00602272
3.2815e-007,0.00613578
3.282e-007,0.00622314
3.2825e-007,0.00630536
3.283e-007,0.00634133
3.2835e-007,0.00638415
3.284e-007,0.006403
3.2845e-007,0.00646295
3.285e-007,0.00648864
3.2855e-007,0.00651776
3.286e-007,0.00659142
3.2865e-007,0.00670105
3.287e-007,0.00683808
3.2875e-007,0.00700595
3.288e-007,0.00719095
3.2885e-007,0.00739308
3.289e-007,0.00760035
3.2895e-007,0.00785215
3.29e-007,0.00805599
3.2905e-007,0.0082564
3.291e-007,0.0084671
3.2915e-007,0.00864696
3.292e-007,0.00883024
3.2925e-007,0.00895871
3.293e-007,0.00915056
3.2935e-007,0.0093407
3.294e-007,0.00952227
3.2945e-007,0.00973982
3.295e-007,0.00995736
3.2955e-007,0.0101732
3.296e-007,0.0104404
3.2965e-007,0.0107111
3.297e-007,0.0109714
3.2975e-007,0.0112215
3.298e-007,0.0114373
3.2985e-007,0.0116515
3.299e-007,0.0118536
3.2995e-007,0.0120574
3.3e-007,0.0122253
3.3005e-007,0.012412
3.301e-007,0.012585
3.3015e-007,0.0127871
3.302e-007,0.012967
3.3025e-007,0.0132017
3.303e-007,0.0134038
3.3035e-007,0.0135939
3.304e-007,0.0138081
3.3045e-007,0.0139691
3.305e-007,0.0141181
3.3055e-007,0.0142346
3.306e-007,0.0143185
3.3065e-007,0.0144076
3.307e-007,0.0144881
3.3075e-007,0.01456
3.308e-007,0.0146354
3.3085e-007,0.0147348
3.309e-007,0.014841
3.3095e-007,0.0149934
3.31e-007,0.0151253
3.3105e-007,0.0152881
3.311e-007,0.0154319
3.3115e-007,0.0155518
3.312e-007,0.0156358
3.3125e-007,0.0156872
3.313e-007,0.0157386
3.3135e-007,0.015682
3.314e-007,0.0156324
3.3145e-007,0.0155536
3.315e-007,0.0154542
3.3155e-007,0.0153754
3.316e-007,0.0152966
3.3165e-007,0.0152487
3.317e-007,0.015211
3.3175e-007,0.015163
3.318e-007,0.0151664
3.3185e-007,0.0151767
3.319e-007,0.0151921
3.3195e-007,0.0151733
3.32e-007,0.0151887
3.3205e-007,0.015151
3.321e-007,0.0150928
3.3215e-007,0.0149883
3.322e-007,0.014841
3.3225e-007,0.0146611
3.323e-007,0.0144453
3.3235e-007,0.0141575
3.324e-007,0.0138714
3.3245e-007,0.0136231
3.325e-007,0.013349
3.3255e-007,0.0131143
3.326e-007,0.0129053
3.3265e-007,0.0127426
3.327e-007,0.0125867
3.3275e-007,0.012472
3.328e-007,0.0123315
3.3285e-007,0.012191
3.329e-007,0.0120454
3.3295e-007,0.0118416
3.33e-007,0.0116292
3.3305e-007,0.0114014
3.331e-007,0.0111393
3.3315e-007,0.0109098
3.332e-007,0.0105809
3.3325e-007,0.0103137
3.333e-007,0.0100995
3.3335e-007,0.00982889
3.334e-007,0.00958222
3.3345e-007,0.00939037
3.335e-007,0.00921223
3.3355e-007,0.00899982
3.336e-007,0.00884223
3.3365e-007,0.00864182
3.337e-007,0.00845168
3.3375e-007,0.0082427
3.338e-007,0.00803201
3.3385e-007,0.00779048
3.339e-007,0.00753354
3.3395e-007,0.0072509
3.34e-007,0.00695628
3.3405e-007,0.00667707
3.341e-007,0.00643897
3.3415e-007,0.00615633
3.342e-007,0.00589254
3.3425e-007,0.00568013
3.343e-007,0.00550712
3.3435e-007,0.00537694
3.344e-007,0.00524162
3.3445e-007,0.00518852
3.345e-007,0.00516282
3.3455e-007,0.00516967
3.346e-007,0.00514227
3.3465e-007,0.00512342
3.347e-007,0.00512171
3.3475e-007,0.00506347
3.348e-007,0.00502236
3.3485e-007,0.00495042
3.349e-007,0.00485792
3.3495e-007,0.00474486
3.35e-007,0.00463866
3.3505e-007,0.00451875
3.351e-007,0.00444338
3.3515e-007,0.00435774
3.352e-007,0.00426866
3.3525e-007,0.00423783
3.353e-007,0.00418644
3.3535e-007,0.00416931
3.354e-007,0.00413505
3.3545e-007,0.00411792
3.355e-007,0.00411964
3.3555e-007,0.00405968
3.356e-007,0.00404427
3.3565e-007,0.00404769
3.357e-007,0.00406825
3.3575e-007,0.00409566
3.358e-007,0.00415218
3.3585e-007,0.00423783
3.359e-007,0.00434061
3.3595e-007,0.0044725
3.36e-007,0.00459926
3.3605e-007,0.00478769
3.361e-007,0.00498296
3.3615e-007,0.00518509
3.362e-007,0.00543518
3.3625e-007,0.00566643
3.363e-007,0.00588055
3.3635e-007,0.00612379
3.364e-007,0.00635846
3.3645e-007,0.00657943
3.365e-007,0.00680211
3.3655e-007,0.00698026
3.366e-007,0.00714128
3.3665e-007,0.00728174
3.367e-007,0.00739822
3.3675e-007,0.00752155
3.368e-007,0.00756609
3.3685e-007,0.00764659
3.369e-007,0.00770312
3.3695e-007,0.00780932
3.37e-007,0.00787613
3.3705e-007,0.00802687
3.371e-007,0.00816219
3.3715e-007,0.00832492
3.372e-007,0.00853219
3.3725e-007,0.00878742
3.373e-007,0.0090495
3.3735e-007,0.00932871
3.374e-007,0.00966102
3.3745e-007,0.0100105
3.375e-007,0.0103205
3.3755e-007,0.0106785
3.376e-007,0.0109971
3.3765e-007,0.0113311
3.377e-007,0.0116446
3.3775e-007,0.0119272
3.378e-007,0.0121311
3.3785e-007,0.0123384
3.379e-007,0.0124908
3.3795e-007,0.012597
3.38e-007,0.0126792
3.3805e-007,0.0127632
3.381e-007,0.0128214
3.3815e-007,0.0128591
3.382e-007,0.012931
3.3825e-007,0.0130115
3.383e-007,0.0131452
3.3835e-007,0.0133062
3.384e-007,0.0134723
3.3845e-007,0.0136813
3.385e-007,0.0138663
3.3855e-007,0.0140496
3.386e-007,0.0141798
3.3865e-007,0.0142723
3.387e-007,0.0143562
3.3875e-007,0.0144162
3.388e-007,0.0144367
3.3885e-007,0.0144419
3.389e-007,0.0144179
3.3895e-007,0.0143751
3.39e-007,0.0143305
3.3905e-007,0.0142963
3.391e-007,0.0143031
3.3915e-007,0.0143511
3.392e-007,0.0143511
3.3925e-007,0.0144162
3.393e-007,0.0144761
3.3935e-007,0.0145481
3.394e-007,0.014584
3.3945e-007,0.0146371
3.395e-007,0.0146388
3.3955e-007,0.0145823
3.396e-007,0.0145224
3.3965e-007,0.0144401
3.397e-007,0.014286
3.3975e-007,0.0141044
3.398e-007,0.01388
3.3985e-007,0.0136967
3.399e-007,0.0134809
3.3995e-007,0.0132342
3.4e-007,0.0130458
3.4005e-007,0.0128111
3.401e-007,0.0126313
3.4015e-007,0.0124428
3.402e-007,0.012251
3.4025e-007,0.0120626
3.403e-007,0.0119204
3.4035e-007,0.0117936
3.404e-007,0.0116378
3.4045e-007,0.0114716
3.405e-007,0.0113243
3.4055e-007,0.0111427
3.406e-007,0.0109611
3.4065e-007,0.0107111
3.407e-007,0.010449
3.4075e-007,0.0102143
3.408e-007,0.00991282
3.4085e-007,0.00963361
3.409e-007,0.00932357
3.4095e-007,0.00903751
3.41e-007,0.00874459
3.4105e-007,0.00847395
3.411e-007,0.00819816
3.4115e-007,0.00798576
3.412e-007,0.00777507
3.4125e-007,0.00759863
3.413e-007,0.00742734
3.4135e-007,0.00730572
3.414e-007,0.0071841
3.4145e-007,0.00704192
3.415e-007,0.00691003
3.4155e-007,0.00679697
3.416e-007,0.00662054
3.4165e-007,0.00646295
3.417e-007,0.00627281
3.4175e-007,0.00608953
3.418e-007,0.00587541
3.4185e-007,0.00568356
3.419e-007,0.00547287
3.4195e-007,0.00527074
3.42e-007,0.00507032
3.4205e-007,0.0048956
3.421e-007,0.0047363
3.4215e-007,0.00459412
3.422e-007,0.0044451
3.4225e-007,0.00430635
3.423e-007,0.00417959
3.4235e-007,0.00402029
3.424e-007,0.00388496
3.4245e-007,0.00376334
3.425e-007,0.003652
3.4255e-007,0.00354409
3.426e-007,0.00344131
3.4265e-007,0.00344816
3.427e-007,0.00342589
3.4275e-007,0.00347214
3.428e-007,0.00356807
3.4285e-007,0.00365372
3.429e-007,0.00377362
3.4295e-007,0.00390381
3.43e-007,0.00400487
3.4305e-007,0.00409052
3.431e-007,0.0041539
3.4315e-007,0.00418302
3.432e-007,0.00412306
3.4325e-007,0.00405283
3.433e-007,0.00396376
3.4335e-007,0.0038507
3.434e-007,0.00375821
3.4345e-007,0.0036777
3.435e-007,0.00365372
3.4355e-007,0.00365372
3.436e-007,0.00368112
3.4365e-007,0.00379932
3.437e-007,0.00394663
3.4375e-007,0.00412649
3.438e-007,0.00433889
3.4385e-007,0.00457699
3.439e-007,0.00482366
3.4395e-007,0.00506176
3.44e-007,0.00532384
3.4405e-007,0.0055431
3.441e-007,0.00570754
3.4415e-007,0.00586513
3.442e-007,0.00603985
3.4425e-007,0.00620258
3.443e-007,0.00635161
3.4435e-007,0.00650577
3.444e-007,0.00667878
3.4445e-007,0.00684836
3.445e-007,0.00704878
3.4455e-007,0.00730914
3.446e-007,0.00756437
3.4465e-007,0.00782817
3.447e-007,0.00807654
3.4475e-007,0.00833691
3.448e-007,0.00856645
3.4485e-007,0.00883195
3.449e-007,0.00904607
3.4495e-007,0.00922936
3.45e-007,0.00944005
3.4505e-007,0.00964046
3.451e-007,0.00978607
3.4515e-007,0.00999162
3.452e-007,0.0101903
3.4525e-007,0.0103668
3.453e-007,0.0105672
3.4535e-007,0.0107761
3.454e-007,0.0110005
3.4545e-007,0.0112147
3.455e-007,0.0114545
3.4555e-007,0.0116617
3.456e-007,0.0118262
3.4565e-007,0.0120215
3.457e-007,0.0121756
3.4575e-007,0.0123332
3.458e-007,0.0124977
3.4585e-007,0.0126587
3.459e-007,0.0128522
3.4595e-007,0.0130544
3.46e-007,0.0132154
3.4605e-007,0.0133867
3.461e-007,0.0135374
3.4615e-007,0.0137001
3.462e-007,0.0138132
3.4625e-007,0.0138989
3.463e-007,0.0139605
3.4635e-007,0.0140051
3.464e-007,0.0139982
3.4645e-007,0.0139845
3.465e-007,0.013928
3.4655e-007,0.0138612
3.466e-007,0.0138012
3.4665e-007,0.0137156
3.467e-007,0.0136642
3.4675e-007,0.0136248
3.468e-007,0.013558
3.4685e-007,0.0134877
3.469e-007,0.0134415
3.4695e-007,0.013349
3.47e-007,0.0132702
3.4705e-007,0.0131948
3.471e-007,0.0131058
3.4715e-007,0.0130201
3.472e-007,0.0129396
3.4725e-007,0.0128659
3.473e-007,0.0128111
3.4735e-007,0.0127529
3.474e-007,0.0126758
3.4745e-007,0.0126107
3.475e-007,0.0125593
3.4755e-007,0.0124651
3.476e-007,0.0124052
3.4765e-007,0.0123161
3.477e-007,0.0121876
3.4775e-007,0.0120746
3.478e-007,0.0119461
3.4785e-007,0.0118108
3.479e-007,0.0117251
3.4795e-007,0.0115778
3.48e-007,0.0114322
3.4805e-007,0.0112798
3.481e-007,0.0111479
3.4815e-007,0.0109817
3.482e-007,0.010807
3.4825e-007,0.0105946
3.483e-007,0.010365
3.4835e-007,0.0101355
3.484e-007,0.00987685
3.4845e-007,0.00961648
3.485e-007,0.00939037
3.4855e-007,0.00916084
3.486e-007,0.00892445
3.4865e-007,0.00870862
3.487e-007,0.00850821
3.4875e-007,0.00831636
3.488e-007,0.00812108
3.4885e-007,0.00792581
3.489e-007,0.00773224
3.4895e-007,0.0075284
3.49e-007,0.00728688
3.4905e-007,0.00704706
3.491e-007,0.00679355
3.4915e-007,0.00657429
3.492e-007,0.00634304
3.4925e-007,0.00615976
3.493e-007,0.00602615
3.4935e-007,0.00587369
3.494e-007,0.00577434
3.4945e-007,0.00564245
3.495e-007,0.00557393
3.4955e-007,0.00550541
3.496e-007,0.00541463
3.4965e-007,0.00535296
3.497e-007,0.00526389
3.4975e-007,0.00511486
3.498e-007,0.00499495
3.4985e-007,0.00482537
3.499e-007,0.00465579
3.4995e-007,0.0045119
3.5e-007,0.00432519
3.5005e-007,0.00414704
3.501e-007,0.00399973
3.5015e-007,0.00386783
3.502e-007,0.00374108
3.5025e-007,0.00361603
3.503e-007,0.0034927
3.5035e-007,0.00342589
3.504e-007,0.00335909
3.5045e-007,0.00330256
3.505e-007,0.00323062
3.5055e-007,0.00319636
3.506e-007,0.00319636
3.5065e-007,0.00321349
3.507e-007,0.00319122
3.5075e-007,0.00320835
3.508e-007,0.0032152
3.5085e-007,0.00325117
3.509e-007,0.00330427
3.5095e-007,0.00340876
3.51e-007,0.00346872
3.5105e-007,0.00354751
3.511e-007,0.00360918
3.5115e-007,0.00370339
3.512e-007,0.00381131
3.5125e-007,0.00391066
3.513e-007,0.00401001
3.5135e-007,0.00414019
3.514e-007,0.00421042
3.5145e-007,0.00429436
3.515e-007,0.00444338
3.5155e-007,0.00454959
3.516e-007,0.00466264
3.5165e-007,0.00481509
3.517e-007,0.00498981
3.5175e-007,0.00518852
3.518e-007,0.00538208
3.5185e-007,0.00561161
3.519e-007,0.00583258
3.5195e-007,0.0060998
3.52e-007,0.00632249
3.5205e-007,0.00652633
3.521e-007,0.00673359
3.5215e-007,0.00691517
3.522e-007,0.00707276
3.5225e-007,0.00726803
3.523e-007,0.00742905
3.5235e-007,0.00762775
3.524e-007,0.00785044
3.5245e-007,0.00806969
3.525e-007,0.00836261
3.5255e-007,0.00868635
3.526e-007,0.00896728
3.5265e-007,0.00929788
3.527e-007,0.00960963
3.5275e-007,0.00991282
3.528e-007,0.0102212
3.5285e-007,0.0104558
3.529e-007,0.0106545
3.5295e-007,0.0107676
3.53e-007,0.0108652
3.5305e-007,0.0108943
3.531e-007,0.010908
3.5315e-007,0.0108824
3.532e-007,0.0108584
3.5325e-007,0.0108892
3.533e-007,0.0109474
3.5335e-007,0.0110725
3.534e-007,0.0112181
3.5345e-007,0.0114151
3.535e-007,0.0116857
3.5355e-007,0.0119564
3.536e-007,0.0122322
3.5365e-007,0.0125336
3.537e-007,0.0128197
3.5375e-007,0.0130852
3.538e-007,0.0132976
3.5385e-007,0.0134775
3.539e-007,0.0136008
3.5395e-007,0.0136899
3.54e-007,0.0137293
3.5405e-007,0.013695
3.541e-007,0.0136608
3.5415e-007,0.0136076
3.542e-007,0.0135408
3.5425e-007,0.0135117
3.543e-007,0.0135014
3.5435e-007,0.0134569
3.544e-007,0.0134501
3.5445e-007,0.0134432
3.545e-007,0.0134415
3.5455e-007,0.0134535
3.546e-007,0.0134518
3.5465e-007,0.0134089
3.547e-007,0.0133884
3.5475e-007,0.0133284
3.548e-007,0.0132274
3.5485e-007,0.0131023
3.549e-007,0.0129396
3.5495e-007,0.0128146
3.55e-007,0.0126758
3.5505e-007,0.0125182
3.551e-007,0.0123846
3.5515e-007,0.0123109
3.552e-007,0.0122322
3.5525e-007,0.0121979
3.553e-007,0.0121585
3.5535e-007,0.0121054
3.554e-007,0.0120848
3.5545e-007,0.0120095
3.555e-007,0.0119204
3.5555e-007,0.0118262
3.556e-007,0.0116806
3.5565e-007,0.011511
3.557e-007,0.011326
3.5575e-007,0.0110811
3.558e-007,0.0108704
3.5585e-007,0.0106699
3.559e-007,0.0104644
3.5595e-007,0.0102931
3.56e-007,0.0101252
3.5605e-007,0.00994194
3.561e-007,0.00975523
3.5615e-007,0.00955482
3.562e-007,0.00935783
3.5625e-007,0.00912829
3.563e-007,0.00887992
3.5635e-007,0.00859385
3.564e-007,0.00832321
3.5645e-007,0.00804229
3.565e-007,0.0077528
3.5655e-007,0.00749072
3.566e-007,0.00721665
3.5665e-007,0.00700595
3.567e-007,0.00681753
3.5675e-007,0.00664281
3.568e-007,0.00651091
3.5685e-007,0.00639957
3.569e-007,0.00632077
3.5695e-007,0.00625568
3.57e-007,0.00618374
3.5705e-007,0.00607754
3.571e-007,0.0059799
3.5715e-007,0.00582059
3.572e-007,0.00568527
3.5725e-007,0.00550027
3.573e-007,0.00531356
3.5735e-007,0.00513541
3.574e-007,0.00492644
3.5745e-007,0.00472431
3.575e-007,0.00450848
3.5755e-007,0.00432176
3.576e-007,0.00415732
3.5765e-007,0.00398774
3.577e-007,0.0038627
3.5775e-007,0.00375307
3.578e-007,0.00366399
3.5785e-007,0.00360575
3.579e-007,0.00356807
3.5795e-007,0.00353381
3.58e-007,0.00354923
3.5805e-007,0.00357663
3.581e-007,0.00360747
3.5815e-007,0.00364515
3.582e-007,0.00366571
3.5825e-007,0.00369825
3.583e-007,0.00371367
3.5835e-007,0.00373594
3.584e-007,0.00371881
3.5845e-007,0.00372223
3.585e-007,0.00367941
3.5855e-007,0.00367941
3.586e-007,0.00364515
3.5865e-007,0.00362631
3.587e-007,0.00362802
3.5875e-007,0.0035989
3.588e-007,0.00357835
3.5885e-007,0.00352867
3.589e-007,0.00354923
3.5895e-007,0.00355608
3.59e-007,0.00354923
3.5905e-007,0.00361089
3.591e-007,0.00367427
3.5915e-007,0.00376848
3.592e-007,0.00395006
3.5925e-007,0.00410079
3.593e-007,0.00431149
3.5935e-007,0.00451533
3.594e-007,0.00474315
3.5945e-007,0.0050138
3.595e-007,0.00528273
3.5955e-007,0.00554652
3.596e-007,0.00580518
3.5965e-007,0.00603129
3.597e-007,0.00625911
3.5975e-007,0.00646466
3.598e-007,0.00663767
3.5985e-007,0.00683123
3.599e-007,0.00702308
3.5995e-007,0.00719609
3.6e-007,0.00737766
3.6005e-007,0.00759349
3.601e-007,0.00776136
3.6015e-007,0.00794979
3.602e-007,0.0081365
3.6025e-007,0.00835404
3.603e-007,0.00855617
3.6035e-007,0.00874802
3.604e-007,0.0089313
3.6045e-007,0.00913857
3.605e-007,0.00933727
3.6055e-007,0.0095257
3.606e-007,0.00973982
3.6065e-007,0.00996764
3.607e-007,0.0102023
3.6075e-007,0.0104421
3.608e-007,0.0106871
3.6085e-007,0.0109474
3.609e-007,0.011201
3.6095e-007,0.0114459
3.61e-007,0.01166
3.6105e-007,0.0118142
3.611e-007,0.0119598
3.6115e-007,0.0121157
3.612e-007,0.0122082
3.6125e-007,0.0122921
3.613e-007,0.0123812
3.6135e-007,0.0124343
3.614e-007,0.0124994
3.6145e-007,0.0126073
3.615e-007,0.0126844
3.6155e-007,0.0127717
3.616e-007,0.0128882
3.6165e-007,0.0130133
3.617e-007,0.01314
3.6175e-007,0.0132257
3.618e-007,0.0133507
3.6185e-007,0.0134586
3.619e-007,0.013534
3.6195e-007,0.0136265
3.62e-007,0.0136676
3.6205e-007,0.0136899
3.621e-007,0.0137361
3.6215e-007,0.0137515
3.622e-007,0.0137755
3.6225e-007,0.0137807
3.623e-007,0.0137824
3.6235e-007,0.0137481
3.624e-007,0.0137036
3.6245e-007,0.0136076
3.625e-007,0.0135134
3.6255e-007,0.013385
3.626e-007,0.0132599
3.6265e-007,0.0130989
3.627e-007,0.0129704
3.6275e-007,0.0128197
3.628e-007,0.012669
3.6285e-007,0.0125251
3.629e-007,0.0123692
3.6295e-007,0.0122578
3.63e-007,0.0121242
3.6305e-007,0.0120283
3.631e-007,0.0119375
3.6315e-007,0.0118502
3.632e-007,0.0117542
3.6325e-007,0.0116652
3.633e-007,0.0115812
3.6335e-007,0.0114476
3.634e-007,0.01135
3.6345e-007,0.0112267
3.635e-007,0.0110965
3.6355e-007,0.0109526
3.636e-007,0.0108173
3.6365e-007,0.0106562
3.637e-007,0.0104987
3.6375e-007,0.0103239
3.638e-007,0.0101475
3.6385e-007,0.00994366
3.639e-007,0.00974495
3.6395e-007,0.00950514
3.64e-007,0.00927732
3.6405e-007,0.00899468
3.641e-007,0.00870348
3.6415e-007,0.00840029
3.642e-007,0.00809539
3.6425e-007,0.00779733
3.643e-007,0.00749928
3.6435e-007,0.00721322
3.644e-007,0.00695114
3.6445e-007,0.00671475
3.645e-007,0.00649207
3.6455e-007,0.00626253
3.646e-007,0.0060724
3.6465e-007,0.00592508
3.647e-007,0.00577948
3.6475e-007,0.00561333
3.648e-007,0.00547287
3.6485e-007,0.00531356
3.649e-007,0.00516796
3.6495e-007,0.00503435
3.65e-007,0.00488875
3.6505e-007,0.00476542
3.651e-007,0.00466093
3.6515e-007,0.00454102
3.652e-007,0.00442968
3.6525e-007,0.00435431
3.653e-007,0.00428408
3.6535e-007,0.00418302
3.654e-007,0.00409052
3.6545e-007,0.00401515
3.655e-007,0.00393121
3.6555e-007,0.00381645
3.656e-007,0.0037308
3.6565e-007,0.00363316
3.657e-007,0.00355436
3.6575e-007,0.00347043
3.658e-007,0.00337108
3.6585e-007,0.00335224
3.659e-007,0.00332826
3.6595e-007,0.00333339
3.66e-007,0.00336423
3.6605e-007,0.00344816
3.661e-007,0.00353381
3.6615e-007,0.00361089
3.662e-007,0.00366228
3.6625e-007,0.00372566
3.663e-007,0.00377705
3.6635e-007,0.00383186
3.664e-007,0.00385756
3.6645e-007,0.00386612
3.665e-007,0.0038764
3.6655e-007,0.00384214
3.666e-007,0.003837
3.6665e-007,0.003837
3.667e-007,0.00384728
3.6675e-007,0.00388839
3.668e-007,0.00399631
3.6685e-007,0.00410936
3.669e-007,0.00426352
3.6695e-007,0.00439542
3.67e-007,0.00454274
3.6705e-007,0.00469861
3.671e-007,0.0048288
3.6715e-007,0.00500866
3.672e-007,0.00512856
3.6725e-007,0.00529301
3.673e-007,0.00544203
3.6735e-007,0.00559277
3.674e-007,0.00577948
3.6745e-007,0.00597647
3.675e-007,0.00618545
3.6755e-007,0.00640128
3.676e-007,0.0066548
3.6765e-007,0.00694429
3.677e-007,0.00723206
3.6775e-007,0.00749586
3.678e-007,0.00776479
3.6785e-007,0.00797548
3.679e-007,0.00817932
3.6795e-007,0.00835062
3.68e-007,0.00850649
3.6805e-007,0.00868121
3.681e-007,0.00883709
3.6815e-007,0.00902038
3.682e-007,0.00918311
3.6825e-007,0.00941264
3.683e-007,0.009685
3.6835e-007,0.00995736
3.684e-007,0.0102554
3.6845e-007,0.01055
3.685e-007,0.010831
3.6855e-007,0.0111119
3.686e-007,0.0113551
3.6865e-007,0.0115384
3.687e-007,0.0116737
3.6875e-007,0.0117731
3.688e-007,0.0118896
3.6885e-007,0.0119701
3.689e-007,0.0120454
3.6895e-007,0.0121054
3.69e-007,0.0121756
3.6905e-007,0.0122578
3.691e-007,0.0123675
3.6915e-007,0.0124994
3.692e-007,0.0126278
3.6925e-007,0.0127769
3.693e-007,0.012919
3.6935e-007,0.0130527
3.694e-007,0.0131537
3.6945e-007,0.0132428
3.695e-007,0.0133079
3.6955e-007,0.0133439
3.696e-007,0.0133233
3.6965e-007,0.0132942
3.697e-007,0.0132274
3.6975e-007,0.0132102
3.698e-007,0.013188
3.6985e-007,0.0131657
3.699e-007,0.0131657
3.6995e-007,0.0131708
3.7e-007,0.0131983
3.7005e-007,0.0132274
3.701e-007,0.0132736
3.7015e-007,0.0133524
3.702e-007,0.0133764
3.7025e-007,0.0133901
3.703e-007,0.0133781
3.7035e-007,0.0133987
3.704e-007,0.0133387
3.7045e-007,0.0133147
3.705e-007,0.0131983
3.7055e-007,0.0130869
3.706e-007,0.012967
3.7065e-007,0.0128111
3.707e-007,0.0126313
3.7075e-007,0.0124703
3.708e-007,0.0123075
3.7085e-007,0.0121225
3.709e-007,0.0119461
3.7095e-007,0.0117782
3.71e-007,0.0115692
3.7105e-007,0.011338
3.711e-007,0.0111444
3.7115e-007,0.0109337
3.712e-007,0.0107093
3.7125e-007,0.0105398
3.713e-007,0.0103462
3.7135e-007,0.010204
3.714e-007,0.0100618
3.7145e-007,0.00996935
3.715e-007,0.00982032
3.7155e-007,0.00975352
3.716e-007,0.00964046
3.7165e-007,0.0094863
3.717e-007,0.00934241
3.7175e-007,0.00917968
3.718e-007,0.00903408
3.7185e-007,0.00885422
3.719e-007,0.0086795
3.7195e-007,0.00849108
3.72e-007,0.00830608
3.7205e-007,0.00812279
3.721e-007,0.00792067
3.7215e-007,0.00771169
3.722e-007,0.0075284
3.7225e-007,0.00730401
3.723e-007,0.00708475
3.7235e-007,0.00685179
3.724e-007,0.00657086
3.7245e-007,0.00631906
3.725e-007,0.00602786
3.7255e-007,0.00571439
3.726e-007,0.00538037
3.7265e-007,0.00505833
3.727e-007,0.00477227
3.7275e-007,0.00451361
3.728e-007,0.00429436
3.7285e-007,0.00411279
3.729e-007,0.00399117
3.7295e-007,0.00389182
3.73e-007,0.00386441
3.7305e-007,0.00382501
3.731e-007,0.00381302
3.7315e-007,0.00381645
3.732e-007,0.00381302
3.7325e-007,0.00376334
3.733e-007,0.00372052
3.7335e-007,0.0036246
3.734e-007,0.00351154
3.7345e-007,0.00335566
3.735e-007,0.00320835
3.7355e-007,0.00304219
3.736e-007,0.00294456
3.7365e-007,0.00282808
3.737e-007,0.00276984
3.7375e-007,0.00274071
3.738e-007,0.00275956
3.7385e-007,0.00281095
3.739e-007,0.002924
3.7395e-007,0.0030696
3.74e-007,0.00321349
3.7405e-007,0.00336937
3.741e-007,0.00352524
3.7415e-007,0.00371881
3.742e-007,0.00388325
3.7425e-007,0.00402543
3.743e-007,0.00416075
3.7435e-007,0.00428579
3.744e-007,0.00434575
3.7445e-007,0.00443653
3.745e-007,0.00449306
3.7455e-007,0.00456329
3.746e-007,0.00457186
3.7465e-007,0.00461982
3.747e-007,0.00464209
3.7475e-007,0.00467634
3.748e-007,0.00472773
3.7485e-007,0.00481681
3.749e-007,0.00490588
3.7495e-007,0.00506518
3.75e-007,0.00523819
3.7505e-007,0.00545574
3.751e-007,0.00566985
3.7515e-007,0.00594564
3.752e-007,0.00620772
3.7525e-007,0.00646637
3.753e-007,0.00672332
3.7535e-007,0.00694429
3.754e-007,0.00716183
3.7545e-007,0.00733826
3.755e-007,0.00750956
3.7555e-007,0.0076346
3.756e-007,0.00779562
3.7565e-007,0.00790354
3.757e-007,0.00799261
3.7575e-007,0.0081502
3.758e-007,0.00828381
3.7585e-007,0.00845339
3.759e-007,0.00865381
3.7595e-007,0.00885936
3.76e-007,0.00907348
3.7605e-007,0.00929102
3.761e-007,0.00953769
3.7615e-007,0.00978607
3.762e-007,0.0100105
3.7625e-007,0.0102366
3.763e-007,0.0104421
3.7635e-007,0.010646
3.764e-007,0.0108327
3.7645e-007,0.0110177
3.765e-007,0.0112232
3.7655e-007,0.0114134
3.766e-007,0.0116378
3.7665e-007,0.0118536
3.767e-007,0.0120609
3.7675e-007,0.012263
3.768e-007,0.0125182
3.7685e-007,0.0127323
3.769e-007,0.0129636
3.7695e-007,0.0131554
3.77e-007,0.0133764
3.7705e-007,0.0135186
3.771e-007,0.0136214
3.7715e-007,0.0137121
3.772e-007,0.0137481
3.7725e-007,0.0137515
3.773e-007,0.0137104
3.7735e-007,0.0136762
3.774e-007,0.0136094
3.7745e-007,0.0135563
3.775e-007,0.0134877
3.7755e-007,0.0134483
3.776e-007,0.0134672
3.7765e-007,0.0134535
3.777e-007,0.0134963
3.7775e-007,0.0135631
3.778e-007,0.0136059
3.7785e-007,0.0136453
3.779e-007,0.0136864
3.7795e-007,0.0137121
3.78e-007,0.0137121
3.7805e-007,0.0137207
3.781e-007,0.0136642
3.7815e-007,0.0136453
3.782e-007,0.01357
3.7825e-007,0.0134912
3.783e-007,0.0134089
3.7835e-007,0.0133404
3.784e-007,0.0132565
3.7845e-007,0.0131297
3.785e-007,0.0129893
3.7855e-007,0.0128659
3.786e-007,0.0126758
3.7865e-007,0.0124959
3.787e-007,0.0123212
3.7875e-007,0.0121157
3.788e-007,0.011905
3.7885e-007,0.0116943
3.789e-007,0.011499
3.7895e-007,0.0113192
3.79e-007,0.0111496
3.7905e-007,0.0109868
3.791e-007,0.0108104
3.7915e-007,0.0106682
3.792e-007,0.0105209
3.7925e-007,0.0103702
3.793e-007,0.010192
3.7935e-007,0.0100105
3.794e-007,0.00983574
3.7945e-007,0.00964046
3.795e-007,0.00941093
3.7955e-007,0.00924477
3.796e-007,0.0090101
3.7965e-007,0.008772
3.797e-007,0.00855103
3.7975e-007,0.00831636
3.798e-007,0.008044
3.7985e-007,0.0077665
3.799e-007,0.00752326
3.7995e-007,0.00728174
3.8e-007,0.00704192
3.8005e-007,0.00681753
3.801e-007,0.00660855
3.8015e-007,0.00634818
3.802e-007,0.00610666
3.8025e-007,0.00592166
3.803e-007,0.00569555
3.8035e-007,0.00550199
3.804e-007,0.00528787
3.8045e-007,0.00511657
3.805e-007,0.00495898
3.8055e-007,0.0048031
3.806e-007,0.00464722
3.8065e-007,0.00449306
3.807e-007,0.00437658
3.8075e-007,0.00422241
3.808e-007,0.00411621
3.8085e-007,0.00402714
3.809e-007,0.00392436
3.8095e-007,0.003837
3.81e-007,0.00377533
3.8105e-007,0.00369654
3.811e-007,0.00362973
3.8115e-007,0.00358862
3.812e-007,0.00353724
3.8125e-007,0.00353895
3.813e-007,0.00352524
3.8135e-007,0.0035064
3.814e-007,0.00354237
3.8145e-007,0.00350983
3.815e-007,0.00347386
3.8155e-007,0.00345501
3.816e-007,0.00342932
3.8165e-007,0.00336937
3.817e-007,0.0033214
3.8175e-007,0.00329742
3.818e-007,0.00325802
3.8185e-007,0.00325289
3.819e-007,0.00326145
3.8195e-007,0.00328543
3.82e-007,0.00329571
3.8205e-007,0.00340534
3.821e-007,0.00350298
3.8215e-007,0.00365714
3.822e-007,0.00374793
3.8225e-007,0.00389524
3.823e-007,0.00402714
3.8235e-007,0.00417959
3.824e-007,0.00430635
3.8245e-007,0.00445709
3.825e-007,0.00460954
3.8255e-007,0.00476713
3.826e-007,0.00489903
3.8265e-007,0.00505491
3.827e-007,0.00520736
3.8275e-007,0.00537694
3.828e-007,0.00552425
3.8285e-007,0.00576578
3.829e-007,0.00593879
3.8295e-007,0.00618545
3.83e-007,0.00638758
3.8305e-007,0.00659142
3.831e-007,0.00680896
3.8315e-007,0.00699396
3.832e-007,0.00718753
3.8325e-007,0.0074222
3.833e-007,0.00764488
3.8335e-007,0.00786585
3.834e-007,0.0080577
3.8345e-007,0.00825469
3.835e-007,0.00841228
3.8355e-007,0.00858186
3.836e-007,0.00879598
3.8365e-007,0.00898612
3.837e-007,0.00917626
3.8375e-007,0.00937838
3.838e-007,0.00961477
3.8385e-007,0.00981347
3.839e-007,0.00999162
3.8395e-007,0.0102057
3.84e-007,0.0103924
3.8405e-007,0.0106151
3.841e-007,0.0108412
3.8415e-007,0.0110742
3.842e-007,0.0112746
3.8425e-007,0.0114819
3.843e-007,0.0116857
3.8435e-007,0.0118724
3.844e-007,0.0120523
3.8445e-007,0.0121945
3.845e-007,0.0123384
3.8455e-007,0.01246
3.846e-007,0.0125439
3.8465e-007,0.0126004
3.847e-007,0.0126638
3.8475e-007,0.0126912
3.848e-007,0.0127152
3.8485e-007,0.0127084
3.849e-007,0.0127289
3.8495e-007,0.0127546
3.85e-007,0.0127769
3.8505e-007,0.0128334
3.851e-007,0.0128591
3.8515e-007,0.0129088
3.852e-007,0.0129276
3.8525e-007,0.0129721
3.853e-007,0.0129636
3.8535e-007,0.0129704
3.854e-007,0.0130372
3.8545e-007,0.013104
3.855e-007,0.0131691
3.8555e-007,0.0131965
3.856e-007,0.0132291
3.8565e-007,0.0132428
3.857e-007,0.0132548
3.8575e-007,0.0132514
3.858e-007,0.0132496
3.8585e-007,0.0132205
3.859e-007,0.0131554
3.8595e-007,0.0131383
3.86e-007,0.0130989
3.8605e-007,0.0129996
3.861e-007,0.0129156
3.8615e-007,0.0128248
3.862e-007,0.0127306
3.8625e-007,0.0126227
3.863e-007,0.0125045
3.8635e-007,0.0124052
3.864e-007,0.0122664
3.8645e-007,0.01209
3.865e-007,0.0119307
3.8655e-007,0.0117285
3.866e-007,0.0115384
3.8665e-007,0.011314
3.867e-007,0.0111393
3.8675e-007,0.0109235
3.868e-007,0.0107196
3.8685e-007,0.0105175
3.869e-007,0.0103256
3.8695e-007,0.0100995
3.87e-007,0.00990083
3.8705e-007,0.00971755
3.871e-007,0.00951371
3.8715e-007,0.00935783
3.872e-007,0.00920024
3.8725e-007,0.0090238
3.873e-007,0.00890047
3.8735e-007,0.00877029
3.874e-007,0.00861784
3.8745e-007,0.00852191
3.875e-007,0.00837802
3.8755e-007,0.00820844
3.876e-007,0.0080183
3.8765e-007,0.0077922
3.877e-007,0.00754211
3.8775e-007,0.00730401
3.878e-007,0.0070248
3.8785e-007,0.00675244
3.879e-007,0.00648522
3.8795e-007,0.00626939
3.88e-007,0.00606212
3.8805e-007,0.00590624
3.881e-007,0.00574351
3.8815e-007,0.00564073
3.882e-007,0.00557564
3.8825e-007,0.00554823
3.883e-007,0.00553111
3.8835e-007,0.0054643
3.884e-007,0.00539407
3.8845e-007,0.00528958
3.885e-007,0.00518166
3.8855e-007,0.00499153
3.886e-007,0.00483222
3.8865e-007,0.00467121
3.887e-007,0.00447079
3.8875e-007,0.00428065
3.888e-007,0.00410422
3.8885e-007,0.00394492
3.889e-007,0.00381987
3.8895e-007,0.00370682
3.89e-007,0.00363659
3.8905e-007,0.00358691
3.891e-007,0.00356122
3.8915e-007,0.00355608
3.892e-007,0.00352182
3.8925e-007,0.00349955
3.893e-007,0.00345501
3.8935e-007,0.00343788
3.894e-007,0.00340705
3.8945e-007,0.00338478
3.895e-007,0.00337793
3.8955e-007,0.00343788
3.896e-007,0.00347728
3.8965e-007,0.00354237
3.897e-007,0.00362631
3.8975e-007,0.00374621
3.898e-007,0.00383529
3.8985e-007,0.00398089
3.899e-007,0.00410079
3.8995e-007,0.00422927
3.9e-007,0.00434061
3.9005e-007,0.00447422
3.901e-007,0.00457357
3.9015e-007,0.0046969
3.902e-007,0.00481167
3.9025e-007,0.00490931
3.903e-007,0.00506005
3.9035e-007,0.00516625
3.904e-007,0.00526046
3.9045e-007,0.0054249
3.905e-007,0.00561675
3.9055e-007,0.00579661
3.906e-007,0.00594564
3.9065e-007,0.00617689
3.907e-007,0.00643383
3.9075e-007,0.00667193
3.908e-007,0.00693572
3.9085e-007,0.00718753
3.909e-007,0.00745132
3.9095e-007,0.00765173
3.91e-007,0.00788298
3.9105e-007,0.0080834
3.911e-007,0.00829238
3.9115e-007,0.00844312
3.912e-007,0.00857501
3.9125e-007,0.00873432
3.913e-007,0.00888506
3.9135e-007,0.00902552
3.914e-007,0.00916427
3.9145e-007,0.0093013
3.915e-007,0.00951371
3.9155e-007,0.00971755
3.916e-007,0.00994194
3.9165e-007,0.0101766
3.917e-007,0.0103839
3.9175e-007,0.0106477
3.918e-007,0.0109372
3.9185e-007,0.0111975
3.919e-007,0.0114322
3.9195e-007,0.0116943
3.92e-007,0.011929
3.9205e-007,0.0121225
3.921e-007,0.0122921
3.9215e-007,0.0124651
3.922e-007,0.0126107
3.9225e-007,0.0127049
3.923e-007,0.012782
3.9235e-007,0.0128557
3.924e-007,0.0128882
3.9245e-007,0.0129345
3.925e-007,0.012967
3.9255e-007,0.0129944
3.926e-007,0.0130321
3.9265e-007,0.013039
3.927e-007,0.0130715
3.9275e-007,0.0131229
3.928e-007,0.0131571
3.9285e-007,0.0132222
3.929e-007,0.0132531
3.9295e-007,0.0132873
3.93e-007,0.0133319
3.9305e-007,0.013385
3.931e-007,0.0134261
3.9315e-007,0.0134946
3.932e-007,0.0135237
3.9325e-007,0.0135768
3.933e-007,0.0136214
3.9335e-007,0.0136128
3.934e-007,0.0136162
3.9345e-007,0.0136008
3.935e-007,0.0135443
3.9355e-007,0.0134672
3.936e-007,0.0133524
3.9365e-007,0.013212
3.937e-007,0.0130372
3.9375e-007,0.0128488
3.938e-007,0.0126672
3.9385e-007,0.0124874
3.939e-007,0.0122972
3.9395e-007,0.0121516
3.94e-007,0.0120335
3.9405e-007,0.0119324
3.941e-007,0.011821
3.9415e-007,0.0117457
3.942e-007,0.0116326
3.9425e-007,0.0115281
3.943e-007,0.0114082
3.9435e-007,0.0112643
3.944e-007,0.0110536
3.9445e-007,0.0108601
3.945e-007,0.0106117
3.9455e-007,0.0104181
3.946e-007,0.0101475
3.9465e-007,0.00994537
3.947e-007,0.00973468
3.9475e-007,0.00951371
3.948e-007,0.00933042
3.9485e-007,0.00918996
3.949e-007,0.00910089
3.9495e-007,0.00898441
3.95e-007,0.00885936
3.9505e-007,0.00878228
3.951e-007,0.00871547
3.9515e-007,0.00862469
3.952e-007,0.00851163
3.9525e-007,0.00839687
3.953e-007,0.00824955
3.9535e-007,0.00807141
3.954e-007,0.00782817
3.9545e-007,0.00759863
3.955e-007,0.00730058
3.9555e-007,0.0069991
3.956e-007,0.00668392
3.9565e-007,0.00636017
3.957e-007,0.00607411
3.9575e-007,0.00582402
3.958e-007,0.00560305
3.9585e-007,0.00543004
3.959e-007,0.00528787
3.9595e-007,0.00520051
3.96e-007,0.00512342
3.9605e-007,0.00509259
3.961e-007,0.00503264
3.9615e-007,0.00502065
3.962e-007,0.00495384
3.9625e-007,0.00487676
3.963e-007,0.00478255
3.9635e-007,0.00466607
3.964e-007,0.00455301
3.9645e-007,0.00442454
3.965e-007,0.00430464
3.9655e-007,0.00418473
3.966e-007,0.00407853
3.9665e-007,0.00398431
3.967e-007,0.00390381
3.9675e-007,0.00384214
3.968e-007,0.00381131
3.9685e-007,0.0037702
3.969e-007,0.00374108
3.9695e-007,0.00372395
3.97e-007,0.00371367
3.9705e-007,0.00372395
3.971e-007,0.0037308
3.9715e-007,0.00376677
3.972e-007,0.00383358
3.9725e-007,0.00391066
3.973e-007,0.00397918
3.9735e-007,0.00407853
3.974e-007,0.00419843
3.9745e-007,0.00425667
3.975e-007,0.00434575
3.9755e-007,0.00445537
3.976e-007,0.00449477
3.9765e-007,0.00457186
3.977e-007,0.0046301
3.9775e-007,0.00463866
3.978e-007,0.00468834
3.9785e-007,0.00473972
3.979e-007,0.00482023
3.9795e-007,0.00491102
3.98e-007,0.0050018
3.9805e-007,0.00516625
3.981e-007,0.00533754
3.9815e-007,0.00548828
3.982e-007,0.00570754
3.9825e-007,0.00594735
3.983e-007,0.00617689
3.9835e-007,0.00639272
3.984e-007,0.00659656
3.9845e-007,0.00677642
3.985e-007,0.00696142
3.9855e-007,0.00714299
3.986e-007,0.00730914
3.9865e-007,0.00745646
3.987e-007,0.00762261
3.9875e-007,0.00780247
3.988e-007,0.00798747
3.9885e-007,0.00817761
3.989e-007,0.00832492
3.9895e-007,0.00848936
3.99e-007,0.0086795
3.9905e-007,0.00884908
3.991e-007,0.00899811
3.9915e-007,0.00917283
3.992e-007,0.00934926
3.9925e-007,0.00952398
3.993e-007,0.0097107
3.9935e-007,0.00990768
3.994e-007,0.0101355
3.9945e-007,0.0103359
3.995e-007,0.0105518
3.9955e-007,0.0107607
3.996e-007,0.0109509
3.9965e-007,0.0111273
3.997e-007,0.0112815
3.9975e-007,0.0114082
3.998e-007,0.0115418
3.9985e-007,0.0116258
3.999e-007,0.0117166
3.9995e-007,0.0117834
4e-007,0.0119135
4.0005e-007,0.0120523
4.001e-007,0.0121893
4.0015e-007,0.0123486
4.002e-007,0.0124942
4.0025e-007,0.0126707
4.003e-007,0.012854
4.0035e-007,0.0130424
4.004e-007,0.0132102
4.0045e-007,0.013361
4.005e-007,0.0135014
4.0055e-007,0.0136402
4.006e-007,0.013755
4.0065e-007,0.0138355
4.007e-007,0.0139314
4.0075e-007,0.0139639
4.008e-007,0.0140033
4.0085e-007,0.0140222
4.009e-007,0.0139982
4.0095e-007,0.0139622
4.01e-007,0.0138834
4.0105e-007,0.0137961
4.011e-007,0.0136847
4.0115e-007,0.0135597
4.012e-007,0.0134021
4.0125e-007,0.0132685
4.013e-007,0.0131143
4.0135e-007,0.012931
4.014e-007,0.0127683
4.0145e-007,0.0125919
4.015e-007,0.0124754
4.0155e-007,0.0123007
4.016e-007,0.0121688
4.0165e-007,0.0120506
4.017e-007,0.0119255
4.0175e-007,0.011857
4.018e-007,0.0117491
4.0185e-007,0.0116737
4.019e-007,0.0115949
4.0195e-007,0.0115555
4.02e-007,0.0114254
4.0205e-007,0.0113089
4.021e-007,0.0111855
4.0215e-007,0.0110759
4.022e-007,0.0108961
4.0225e-007,0.0106974
4.023e-007,0.0105141
4.0235e-007,0.0103102
4.024e-007,0.0100893
4.0245e-007,0.00985801
4.025e-007,0.00966616
4.0255e-007,0.00947088
4.026e-007,0.00930644
4.0265e-007,0.0091814
4.027e-007,0.00903408
4.0275e-007,0.00891246
4.028e-007,0.00878913
4.0285e-007,0.00868293
4.029e-007,0.0085339
4.0295e-007,0.00840886
4.03e-007,0.00826326
4.0305e-007,0.00811423
4.031e-007,0.00796863
4.0315e-007,0.00778877
4.032e-007,0.00760206
4.0325e-007,0.00744275
4.033e-007,0.00726803
4.0335e-007,0.00708304
4.034e-007,0.00689632
4.0345e-007,0.00669762
4.035e-007,0.00648179
4.0355e-007,0.00625739
4.036e-007,0.00602786
4.0365e-007,0.00576235
4.037e-007,0.00549342
4.0375e-007,0.00523134
4.038e-007,0.00500009
4.0385e-007,0.0048031
4.039e-007,0.00461468
4.0395e-007,0.00444681
4.04e-007,0.00435602
4.0405e-007,0.00427723
4.041e-007,0.00421385
4.0415e-007,0.00418644
4.042e-007,0.0041813
4.0425e-007,0.00415218
4.043e-007,0.00418302
4.0435e-007,0.00417445
4.044e-007,0.00414362
4.0445e-007,0.00410593
4.045e-007,0.00406654
4.0455e-007,0.00400658
4.046e-007,0.0039158
4.0465e-007,0.00389695
4.047e-007,0.00384043
4.0475e-007,0.00382672
4.048e-007,0.00380617
4.0485e-007,0.00382672
4.049e-007,0.00387297
4.0495e-007,0.00393121
4.05e-007,0.00403913
4.0505e-007,0.00415561
4.051e-007,0.00427894
4.0515e-007,0.00439542
4.052e-007,0.00455473
4.0525e-007,0.00466435
4.053e-007,0.00478255
4.0535e-007,0.00492644
4.054e-007,0.00501551
4.0545e-007,0.00509602
4.055e-007,0.00517139
4.0555e-007,0.00523134
4.056e-007,0.00529814
4.0565e-007,0.0053718
4.057e-007,0.00544203
4.0575e-007,0.00553796
4.058e-007,0.005663
4.0585e-007,0.00578805
4.059e-007,0.00591309
4.0595e-007,0.00609466
4.06e-007,0.00633276
4.0605e-007,0.00651262
4.061e-007,0.00678327
4.0615e-007,0.00702308
4.062e-007,0.00724405
4.0625e-007,0.00747701
4.063e-007,0.00768257
4.0635e-007,0.00786928
4.064e-007,0.00807654
4.0645e-007,0.00827182
4.065e-007,0.00839344
4.0655e-007,0.00853219
4.066e-007,0.00863839
4.0665e-007,0.00874459
4.067e-007,0.00886279
4.0675e-007,0.00893644
4.068e-007,0.00901695
4.0685e-007,0.00913857
4.069e-007,0.00925676
4.0695e-007,0.00940065
4.07e-007,0.00956338
4.0705e-007,0.00976894
4.071e-007,0.00997106
4.0715e-007,0.010216
4.072e-007,0.0105021
4.0725e-007,0.010783
4.073e-007,0.0110365
4.0735e-007,0.0112883
4.074e-007,0.0114733
4.0745e-007,0.0116463
4.075e-007,0.0117799
4.0755e-007,0.0118776
4.076e-007,0.0119564
4.0765e-007,0.0119615
4.077e-007,0.0119821
4.0775e-007,0.0119786
4.078e-007,0.0119855
4.0785e-007,0.0120146
4.079e-007,0.0120711
4.0795e-007,0.0121482
4.08e-007,0.0122459
4.0805e-007,0.0123743
4.081e-007,0.0125165
4.0815e-007,0.0126895
4.082e-007,0.0128762
4.0825e-007,0.0130372
4.083e-007,0.0131794
4.0835e-007,0.013313
4.084e-007,0.0134072
4.0845e-007,0.0134826
4.085e-007,0.0135306
4.0855e-007,0.0135597
4.086e-007,0.0135117
4.0865e-007,0.0134672
4.087e-007,0.0134209
4.0875e-007,0.0133815
4.088e-007,0.0132925
4.0885e-007,0.0132222
4.089e-007,0.0131623
4.0895e-007,0.0131143
4.09e-007,0.0130355
4.0905e-007,0.0129482
4.091e-007,0.0128796
4.0915e-007,0.0127803
4.092e-007,0.0126861
4.0925e-007,0.0125884
4.093e-007,0.0124634
4.0935e-007,0.0123247
4.094e-007,0.0121756
4.0945e-007,0.0120848
4.095e-007,0.0119581
4.0955e-007,0.0118399
4.096e-007,0.0117388
4.0965e-007,0.011648
4.097e-007,0.0115127
4.0975e-007,0.0114134
4.098e-007,0.0112609
4.0985e-007,0.0111102
4.099e-007,0.0109235
4.0995e-007,0.0107265
4.1e-007,0.0104987
4.1005e-007,0.0102366
4.101e-007,0.00994366
4.1015e-007,0.00968329
4.102e-007,0.00937838
4.1025e-007,0.00909746
4.103e-007,0.00886793
4.1035e-007,0.00866409
4.104e-007,0.00850992
4.1045e-007,0.0083746
4.105e-007,0.00825983
4.1055e-007,0.00820159
4.106e-007,0.00812793
4.1065e-007,0.00806284
4.107e-007,0.00795493
4.1075e-007,0.00784187
4.108e-007,0.00768257
4.1085e-007,0.00750956
4.109e-007,0.00731942
4.1095e-007,0.00704878
4.11e-007,0.0067216
4.1105e-007,0.00642355
4.111e-007,0.00612892
4.1115e-007,0.00587027
4.112e-007,0.00559106
4.1125e-007,0.00538379
4.113e-007,0.00521421
4.1135e-007,0.00509773
4.114e-007,0.00498468
4.1145e-007,0.00491787
4.115e-007,0.00487676
4.1155e-007,0.00480653
4.116e-007,0.00478426
4.1165e-007,0.00473287
4.117e-007,0.00468491
4.1175e-007,0.00463695
4.118e-007,0.0045513
4.1185e-007,0.00447079
4.119e-007,0.00438686
4.1195e-007,0.00430635
4.12e-007,0.0042344
4.1205e-007,0.00417616
4.121e-007,0.00415903
4.1215e-007,0.0041539
4.122e-007,0.0041539
4.1225e-007,0.00415218
4.123e-007,0.00416589
4.1235e-007,0.00413334
4.124e-007,0.00411279
4.1245e-007,0.00407339
4.125e-007,0.00400144
4.1255e-007,0.00397061
4.126e-007,0.0038901
4.1265e-007,0.00384043
4.127e-007,0.00380103
4.1275e-007,0.00373765
4.128e-007,0.00373251
4.1285e-007,0.00374279
4.129e-007,0.00380445
4.1295e-007,0.00386955
4.13e-007,0.00399802
4.1305e-007,0.00413505
4.131e-007,0.00430121
4.1315e-007,0.0044725
4.132e-007,0.00466264
4.1325e-007,0.00481509
4.133e-007,0.00495727
4.1335e-007,0.00512171
4.134e-007,0.00527588
4.1345e-007,0.00543004
4.135e-007,0.00553967
4.1355e-007,0.00568527
4.136e-007,0.00580175
4.1365e-007,0.0059268
4.137e-007,0.00602443
4.1375e-007,0.00614091
4.138e-007,0.00625568
4.1385e-007,0.00642698
4.139e-007,0.00658799
4.1395e-007,0.00674216
4.14e-007,0.006946
4.1405e-007,0.00711901
4.141e-007,0.00733484
4.1415e-007,0.00753183
4.142e-007,0.00772368
4.1425e-007,0.00794979
4.143e-007,0.00815705
4.1435e-007,0.00836775
4.144e-007,0.0085733
4.1445e-007,0.00872061
4.145e-007,0.00889019
4.1455e-007,0.00901353
4.146e-007,0.00913857
4.1465e-007,0.00927732
4.147e-007,0.00943662
4.1475e-007,0.00954968
4.148e-007,0.00967644
4.1485e-007,0.0098306
4.149e-007,0.00999676
4.1495e-007,0.0101886
4.15e-007,0.0103736
4.1505e-007,0.0105774
4.151e-007,0.010771
4.1515e-007,0.0109629
4.152e-007,0.011129
4.1525e-007,0.01129
4.153e-007,0.0114339
4.1535e-007,0.0115435
4.154e-007,0.01166
4.1545e-007,0.0118073
4.155e-007,0.0118724
4.1555e-007,0.0119752
4.156e-007,0.012066
4.1565e-007,0.0121551
4.157e-007,0.0122202
4.1575e-007,0.0122887
4.158e-007,0.0123709
4.1585e-007,0.0124223
4.159e-007,0.0124617
4.1595e-007,0.0125199
4.16e-007,0.0125336
4.1605e-007,0.0125508
4.161e-007,0.0125833
4.1615e-007,0.012597
4.162e-007,0.0126227
4.1625e-007,0.012645
4.163e-007,0.0126433
4.1635e-007,0.0126707
4.164e-007,0.0126792
4.1645e-007,0.0126467
4.165e-007,0.0126604
4.1655e-007,0.0126159
4.166e-007,0.0125987
4.1665e-007,0.0125422
4.167e-007,0.0124857
4.1675e-007,0.012424
4.168e-007,0.0123897
4.1685e-007,0.0123161
4.169e-007,0.0122767
4.1695e-007,0.0122322
4.17e-007,0.012203
4.1705e-007,0.0121619
4.171e-007,0.0121071
4.1715e-007,0.0120506
4.172e-007,0.0119478
4.1725e-007,0.0118125
4.173e-007,0.0116977
4.1735e-007,0.0115504
4.174e-007,0.011338
4.1745e-007,0.0111239
4.175e-007,0.0108772
4.1755e-007,0.0106562
4.176e-007,0.0104079
4.1765e-007,0.01018
4.177e-007,0.00994023
4.1775e-007,0.00970213
4.178e-007,0.00945889
4.1785e-007,0.00923278
4.179e-007,0.00902894
4.1795e-007,0.00882682
4.18e-007,0.00863325
4.1805e-007,0.00845168
4.181e-007,0.00829066
4.1815e-007,0.00812793
4.182e-007,0.0079652
4.1825e-007,0.00781789
4.183e-007,0.00766715
4.1835e-007,0.00750442
4.184e-007,0.00737081
4.1845e-007,0.00721665
4.185e-007,0.00704364
4.1855e-007,0.00687234
4.186e-007,0.00669077
4.1865e-007,0.00654003
4.187e-007,0.0063773
4.1875e-007,0.00620943
4.188e-007,0.00606041
4.1885e-007,0.00590795
4.189e-007,0.00574008
4.1895e-007,0.0056356
4.19e-007,0.00551569
4.1905e-007,0.00541291
4.191e-007,0.005305
4.1915e-007,0.0052125
4.192e-007,0.00511829
4.1925e-007,0.00505319
4.193e-007,0.00495213
4.1935e-007,0.00484764
4.194e-007,0.00475514
4.1945e-007,0.00462667
4.195e-007,0.0045119
4.1955e-007,0.00438343
4.196e-007,0.00429264
4.1965e-007,0.00416075
4.197e-007,0.00403742
4.1975e-007,0.00396033
4.198e-007,0.00388668
4.1985e-007,0.00383529
4.199e-007,0.00377362
4.1995e-007,0.00373765
4.2e-007,0.00368284
4.2005e-007,0.00365372
4.201e-007,0.00362631
4.2015e-007,0.00359719
4.202e-007,0.00356293
4.2025e-007,0.00354751
4.203e-007,0.00356978
4.2035e-007,0.00361946
4.204e-007,0.00362973
4.2045e-007,0.00368797
4.205e-007,0.00374964
4.2055e-007,0.00382844
4.206e-007,0.00393464
4.2065e-007,0.0040357
4.207e-007,0.00417959
4.2075e-007,0.00426524
4.208e-007,0.00441426
4.2085e-007,0.00452047
4.209e-007,0.00464037
4.2095e-007,0.00475514
4.21e-007,0.00483222
4.2105e-007,0.00494185
4.211e-007,0.00503092
4.2115e-007,0.00515597
4.212e-007,0.00523819
4.2125e-007,0.0053855
4.213e-007,0.00551226
4.2135e-007,0.00563731
4.214e-007,0.00576407
4.2145e-007,0.00589939
4.215e-007,0.00602615
4.2155e-007,0.0061923
4.216e-007,0.00630707
4.2165e-007,0.00646124
4.217e-007,0.00665137
4.2175e-007,0.00682781
4.218e-007,0.00697512
4.2185e-007,0.00714128
4.219e-007,0.00734854
4.2195e-007,0.00751127
4.22e-007,0.00770141
4.2205e-007,0.00788127
4.221e-007,0.00804914
4.2215e-007,0.0082564
4.222e-007,0.00845339
4.2225e-007,0.00865381
4.223e-007,0.00888848
4.2235e-007,0.00906663
4.224e-007,0.00926533
4.2245e-007,0.00944519
4.225e-007,0.00966445
4.2255e-007,0.00984773
4.226e-007,0.0100036
4.2265e-007,0.0101509
4.227e-007,0.0103085
4.2275e-007,0.0104199
4.228e-007,0.0105261
4.2285e-007,0.0106168
4.229e-007,0.0107539
4.2295e-007,0.0108892
4.23e-007,0.0110074
4.2305e-007,0.0111838
4.231e-007,0.0113226
4.2315e-007,0.0114442
4.232e-007,0.0115778
4.2325e-007,0.0117097
4.233e-007,0.0118296
4.2335e-007,0.0119135
4.234e-007,0.0119786
4.2345e-007,0.0120403
4.235e-007,0.0120472
4.2355e-007,0.012054
4.236e-007,0.0120437
4.2365e-007,0.012054
4.237e-007,0.0120609
4.2375e-007,0.0121071
4.238e-007,0.0121636
4.2385e-007,0.0122664
4.239e-007,0.0123264
4.2395e-007,0.0123949
4.24e-007,0.0124394
4.2405e-007,0.0124754
4.241e-007,0.0124857
4.2415e-007,0.0124668
4.242e-007,0.0124137
4.2425e-007,0.0123024
4.243e-007,0.0122047
4.2435e-007,0.0120848
4.244e-007,0.0119855
4.2445e-007,0.011833
4.245e-007,0.0116926
4.2455e-007,0.0115761
4.246e-007,0.0114733
4.2465e-007,0.0113997
4.247e-007,0.0113448
4.2475e-007,0.0112952
4.248e-007,0.0112609
4.2485e-007,0.0111924
4.249e-007,0.0111273
4.2495e-007,0.0110862
4.25e-007,0.0110108
4.2505e-007,0.010944
4.251e-007,0.0108481
4.2515e-007,0.0107624
4.252e-007,0.0106562
4.2525e-007,0.0104987
4.253e-007,0.0103239
4.2535e-007,0.0101509
4.254e-007,0.00996421
4.2545e-007,0.00977236
4.255e-007,0.00963533
4.2555e-007,0.00941607
4.256e-007,0.00923278
4.2565e-007,0.00904607
4.257e-007,0.00885422
4.2575e-007,0.00865381
4.258e-007,0.00846367
4.2585e-007,0.008229
4.259e-007,0.00802002
4.2595e-007,0.00779562
4.26e-007,0.00756437
4.2605e-007,0.00733484
4.261e-007,0.00710188
4.2615e-007,0.00689632
4.262e-007,0.00666679
4.2625e-007,0.00649036
4.263e-007,0.00633105
4.2635e-007,0.00618545
4.264e-007,0.00605184
4.2645e-007,0.00591481
4.265e-007,0.00578805
4.2655e-007,0.00567671
4.266e-007,0.00551226
4.2665e-007,0.00536838
4.267e-007,0.00520051
4.2675e-007,0.0050412
4.268e-007,0.00486134
4.2685e-007,0.00470033
4.269e-007,0.00453931
4.2695e-007,0.004392
4.27e-007,0.00428751
4.2705e-007,0.0042207
4.271e-007,0.00415903
4.2715e-007,0.00409908
4.272e-007,0.00407853
4.2725e-007,0.00406825
4.273e-007,0.00404598
4.2735e-007,0.00404598
4.274e-007,0.00401001
4.2745e-007,0.00394663
4.275e-007,0.0039295
4.2755e-007,0.00389695
4.276e-007,0.00384043
4.2765e-007,0.00377876
4.277e-007,0.00371024
4.2775e-007,0.00365029
4.278e-007,0.00359376
4.2785e-007,0.00359548
4.279e-007,0.00356464
4.2795e-007,0.0035458
4.28e-007,0.00355779
4.2805e-007,0.0035595
4.281e-007,0.00358006
4.2815e-007,0.00360233
4.282e-007,0.00363316
4.2825e-007,0.00368797
4.283e-007,0.0037702
4.2835e-007,0.00381645
4.284e-007,0.0039158
4.2845e-007,0.00401001
4.285e-007,0.00412135
4.2855e-007,0.00423783
4.286e-007,0.00435602
4.2865e-007,0.00447593
4.287e-007,0.00458727
4.2875e-007,0.00473116
4.288e-007,0.00485792
4.2885e-007,0.00502579
4.289e-007,0.00516796
4.2895e-007,0.00528273
4.29e-007,0.00540092
4.2905e-007,0.00550027
4.291e-007,0.00560819
4.2915e-007,0.00572124
4.292e-007,0.00587198
4.2925e-007,0.0060193
4.293e-007,0.00617689
4.2935e-007,0.00635675
4.294e-007,0.00659142
4.2945e-007,0.00682267
4.295e-007,0.00710702
4.2955e-007,0.00736738
4.296e-007,0.00765002
4.2965e-007,0.00791039
4.297e-007,0.00815191
4.2975e-007,0.00836261
4.298e-007,0.00859385
4.2985e-007,0.00874288
4.299e-007,0.0088782
4.2995e-007,0.00900667
4.3e-007,0.00906834
4.3005e-007,0.0091557
4.301e-007,0.00919339
4.3015e-007,0.00922936
4.302e-007,0.00923621
4.3025e-007,0.00930301
4.303e-007,0.00937667
4.3035e-007,0.0094469
4.304e-007,0.0095531
4.3045e-007,0.00965588
4.305e-007,0.00976037
4.3055e-007,0.00991625
4.306e-007,0.0100704
4.3065e-007,0.0101749
4.307e-007,0.0103137
4.3075e-007,0.0104661
4.308e-007,0.0105894
4.3085e-007,0.010723
4.309e-007,0.0108584
4.3095e-007,0.010992
4.31e-007,0.0111393
4.3105e-007,0.0113106
4.311e-007,0.011499
4.3115e-007,0.0116669
4.312e-007,0.0118091
4.3125e-007,0.0119889
4.313e-007,0.0121122
4.3135e-007,0.0121996
4.314e-007,0.0122681
4.3145e-007,0.0122904
4.315e-007,0.0123161
4.3155e-007,0.0123247
4.316e-007,0.012275
4.3165e-007,0.0122253
4.317e-007,0.0121688
4.3175e-007,0.0121465
4.318e-007,0.0120694
4.3185e-007,0.0120454
4.319e-007,0.0119889
4.3195e-007,0.0119547
4.32e-007,0.0119272
4.3205e-007,0.0118776
4.321e-007,0.0118108
4.3215e-007,0.0117628
4.322e-007,0.011696
4.3225e-007,0.0116052
4.323e-007,0.011559
4.3235e-007,0.0114904
4.324e-007,0.0114048
4.3245e-007,0.0113106
4.325e-007,0.011177
4.3255e-007,0.0110673
4.326e-007,0.0109509
4.3265e-007,0.0108275
4.327e-007,0.0107042
4.3275e-007,0.0105415
4.328e-007,0.0103924
4.3285e-007,0.0102503
4.329e-007,0.0101458
4.3295e-007,0.0100567
4.33e-007,0.00995736
4.3305e-007,0.00984944
4.331e-007,0.00971926
4.3315e-007,0.0095651
4.332e-007,0.00938352
4.3325e-007,0.00918996
4.333e-007,0.00897413
4.3335e-007,0.00874802
4.334e-007,0.00852534
4.3345e-007,0.00826326
4.335e-007,0.00801659
4.3355e-007,0.00781446
4.336e-007,0.00761405
4.3365e-007,0.00742905
4.337e-007,0.00728859
4.3375e-007,0.0071841
4.338e-007,0.00705563
4.3385e-007,0.00694943
4.339e-007,0.00688091
4.3395e-007,0.00678156
4.34e-007,0.00671989
4.3405e-007,0.00658971
4.341e-007,0.00646295
4.3415e-007,0.00636017
4.342e-007,0.00625226
4.3425e-007,0.00611693
4.343e-007,0.00595078
4.3435e-007,0.00579661
4.344e-007,0.00558249
4.3445e-007,0.00539064
4.345e-007,0.00520222
4.3455e-007,0.00501037
4.346e-007,0.00480482
4.3465e-007,0.00457699
4.347e-007,0.00435602
4.3475e-007,0.00414362
4.348e-007,0.00401172
4.3485e-007,0.00388325
4.349e-007,0.00377533
4.3495e-007,0.00373594
4.35e-007,0.00372052
4.3505e-007,0.00371367
4.351e-007,0.00375821
4.3515e-007,0.00378561
4.352e-007,0.00380959
4.3525e-007,0.00381131
4.353e-007,0.00382158
4.3535e-007,0.00377705
4.354e-007,0.00372909
4.3545e-007,0.00365029
4.355e-007,0.00358691
4.3555e-007,0.00353038
4.356e-007,0.00349955
4.3565e-007,0.00344474
4.357e-007,0.00340363
4.3575e-007,0.003479
4.358e-007,0.00350298
4.3585e-007,0.00356293
4.359e-007,0.00364173
4.3595e-007,0.00375135
4.36e-007,0.0037976
4.3605e-007,0.00385756
4.361e-007,0.0039432
4.3615e-007,0.00399459
4.362e-007,0.00404941
4.3625e-007,0.00410251
4.363e-007,0.00414019
4.3635e-007,0.00420357
4.364e-007,0.00425839
4.3645e-007,0.00429778
4.365e-007,0.00436116
4.3655e-007,0.00443482
4.366e-007,0.00449477
4.3665e-007,0.0045907
4.367e-007,0.00466093
4.3675e-007,0.00474658
4.368e-007,0.0048288
4.3685e-007,0.00496069
4.369e-007,0.00508917
4.3695e-007,0.00523477
4.37e-007,0.00539407
4.3705e-007,0.00554481
4.371e-007,0.00574008
4.3715e-007,0.00589939
4.372e-007,0.00607582
4.3725e-007,0.0062454
4.373e-007,0.00641499
4.3735e-007,0.00658799
4.374e-007,0.00675758
4.3745e-007,0.00693401
4.375e-007,0.00711558
4.3755e-007,0.0073297
4.376e-007,0.0075541
4.3765e-007,0.00772196
4.377e-007,0.00794979
4.3775e-007,0.00815191
4.378e-007,0.00834376
4.3785e-007,0.00852362
4.379e-007,0.00867608
4.3795e-007,0.00884908
4.38e-007,0.00897755
4.3805e-007,0.00910089
4.381e-007,0.00921223
4.3815e-007,0.00933727
4.382e-007,0.00942977
4.3825e-007,0.0095394
4.383e-007,0.00969871
4.3835e-007,0.00985287
4.384e-007,0.0100242
4.3845e-007,0.0102331
4.385e-007,0.0104147
4.3855e-007,0.0105997
4.386e-007,0.0107642
4.3865e-007,0.0108772
4.387e-007,0.0109954
4.3875e-007,0.011105
4.388e-007,0.0111273
4.3885e-007,0.0111924
4.389e-007,0.0112438
4.3895e-007,0.0112626
4.39e-007,0.0112541
4.3905e-007,0.0112832
4.391e-007,0.0112798
4.3915e-007,0.0112883
4.392e-007,0.0112969
4.3925e-007,0.0112849
4.393e-007,0.0112952
4.3935e-007,0.011302
4.394e-007,0.0112712
4.3945e-007,0.0112609
4.395e-007,0.0112318
4.3955e-007,0.0111667
4.396e-007,0.0111119
4.3965e-007,0.0110588
4.397e-007,0.0109766
4.3975e-007,0.0109183
4.398e-007,0.0109012
4.3985e-007,0.0108481
4.399e-007,0.0108018
4.3995e-007,0.0107864
4.4e-007,0.0108138
4.4005e-007,0.0108138
4.401e-007,0.0107916
4.4015e-007,0.0107607
4.402e-007,0.0107899
4.4025e-007,0.010759
4.403e-007,0.0107196
4.4035e-007,0.0106819
4.404e-007,0.01061
4.4045e-007,0.0104952
4.405e-007,0.0103582
4.4055e-007,0.010204
4.406e-007,0.0100122
4.4065e-007,0.00984088
4.407e-007,0.00962505
4.4075e-007,0.00944519
4.408e-007,0.00925676
4.4085e-007,0.00908376
4.409e-007,0.00889019
4.4095e-007,0.00870862
4.41e-007,0.00852191
4.4105e-007,0.0083352
4.411e-007,0.00819302
4.4115e-007,0.00805942
4.412e-007,0.00791039
4.4125e-007,0.00775622
4.413e-007,0.00763974
4.4135e-007,0.00750613
4.414e-007,0.00738623
4.4145e-007,0.00726289
4.415e-007,0.00715155
4.4155e-007,0.00703165
4.416e-007,0.00692716
4.4165e-007,0.00683466
4.417e-007,0.00673873
4.4175e-007,0.0066685
4.418e-007,0.00659656
4.4185e-007,0.00648522
4.419e-007,0.00640471
4.4195e-007,0.00635675
4.42e-007,0.00630193
4.4205e-007,0.00626082
4.421e-007,0.00620087
4.4215e-007,0.00612207
4.422e-007,0.00599531
4.4225e-007,0.00586684
4.423e-007,0.00573323
4.4235e-007,0.00556708
4.424e-007,0.00540777
4.4245e-007,0.00522449
4.425e-007,0.00506347
4.4255e-007,0.00489903
4.426e-007,0.0047106
4.4265e-007,0.00456843
4.427e-007,0.00443139
4.4275e-007,0.00431834
4.428e-007,0.00418987
4.4285e-007,0.00407167
4.429e-007,0.00396033
4.4295e-007,0.00382501
4.43e-007,0.00369311
4.4305e-007,0.00352182
4.431e-007,0.00339335
4.4315e-007,0.00328201
4.432e-007,0.00318779
4.4325e-007,0.00314154
4.433e-007,0.00311585
4.4335e-007,0.00314497
4.434e-007,0.00320835
4.4345e-007,0.00331455
4.435e-007,0.00347214
4.4355e-007,0.00363145
4.436e-007,0.00374621
4.4365e-007,0.00387126
4.437e-007,0.00399288
4.4375e-007,0.0040614
4.438e-007,0.00411964
4.4385e-007,0.00417959
4.439e-007,0.00421728
4.4395e-007,0.00424982
4.44e-007,0.00429607
4.4405e-007,0.00430635
4.441e-007,0.00436459
4.4415e-007,0.00443311
4.442e-007,0.00452903
4.4425e-007,0.00463695
4.443e-007,0.00476371
4.4435e-007,0.00486648
4.444e-007,0.00499838
4.4445e-007,0.00519537
4.445e-007,0.00529986
4.4455e-007,0.00546601
4.446e-007,0.00563046
4.4465e-007,0.00579147
4.447e-007,0.00595934
4.4475e-007,0.00613064
4.448e-007,0.00631392
4.4485e-007,0.00649036
4.449e-007,0.00667535
4.4495e-007,0.00685179
4.45e-007,0.00703679
4.4505e-007,0.00722864
4.451e-007,0.007316
4.4515e-007,0.00744618
4.452e-007,0.00757808
4.4525e-007,0.00767229
4.453e-007,0.00775965
4.4535e-007,0.00789326
4.454e-007,0.00801659
4.4545e-007,0.00815191
4.455e-007,0.00830265
4.4555e-007,0.00850307
4.456e-007,0.00868293
4.4565e-007,0.00891589
4.457e-007,0.00909746
4.4575e-007,0.00931843
4.458e-007,0.0095
4.4585e-007,0.00969871
4.459e-007,0.00985972
4.4595e-007,0.00995393
4.46e-007,0.010055
4.4605e-007,0.0101338
4.461e-007,0.0101646
4.4615e-007,0.0102006
4.462e-007,0.0102297
4.4625e-007,0.0102725
4.463e-007,0.0102948
4.4635e-007,0.0103291
4.464e-007,0.0104062
4.4645e-007,0.0104987
4.465e-007,0.0106134
4.4655e-007,0.0107316
4.466e-007,0.0108481
4.4665e-007,0.0110125
4.467e-007,0.0111736
4.4675e-007,0.0113089
4.468e-007,0.0114271
4.4685e-007,0.011535
4.469e-007,0.0116309
4.4695e-007,0.0116652
4.47e-007,0.0116823
4.4705e-007,0.011684
4.471e-007,0.0116498
4.4715e-007,0.0116138
4.472e-007,0.011571
4.4725e-007,0.0115453
4.473e-007,0.0115692
4.4735e-007,0.0115641
4.474e-007,0.0115744
4.4745e-007,0.0115778
4.475e-007,0.0115453
4.4755e-007,0.0114956
4.476e-007,0.011386
4.4765e-007,0.01129
4.477e-007,0.0111804
4.4775e-007,0.0110245
4.478e-007,0.010843
4.4785e-007,0.0106871
4.479e-007,0.0105552
4.4795e-007,0.010401
4.48e-007,0.0102965
4.4805e-007,0.0102331
4.481e-007,0.0101886
4.4815e-007,0.0101749
4.482e-007,0.0101492
4.4825e-007,0.0101012
4.483e-007,0.0100259
4.4835e-007,0.00994023
4.484e-007,0.00980319
4.4845e-007,0.00964046
4.485e-007,0.00942806
4.4855e-007,0.0091951
4.486e-007,0.008957
4.4865e-007,0.00871547
4.487e-007,0.00847737
4.4875e-007,0.0082427
4.488e-007,0.00805085
4.4885e-007,0.00789669
4.489e-007,0.00770997
4.4895e-007,0.00759007
4.49e-007,0.00746331
4.4905e-007,0.00733826
4.491e-007,0.00719609
4.4915e-007,0.0070385
4.492e-007,0.00687919
4.4925e-007,0.00673017
4.493e-007,0.00654174
4.4935e-007,0.00635332
4.494e-007,0.00618716
4.4945e-007,0.00596277
4.495e-007,0.00578291
4.4955e-007,0.00563217
4.496e-007,0.00549171
4.4965e-007,0.00535467
4.497e-007,0.00525018
4.4975e-007,0.00514569
4.498e-007,0.00505491
4.4985e-007,0.00502236
4.499e-007,0.00494528
4.4995e-007,0.00486477
4.5e-007,0.00476542
4.5005e-007,0.00465236
4.501e-007,0.00448792
4.5015e-007,0.00435431
4.502e-007,0.00415732
4.5025e-007,0.00395691
4.503e-007,0.00378561
4.5035e-007,0.00362288
4.504e-007,0.00346358
4.5045e-007,0.00336594
4.505e-007,0.00327858
4.5055e-007,0.00325974
4.506e-007,0.00322548
4.5065e-007,0.00325117
4.507e-007,0.00329228
4.5075e-007,0.0033608
4.508e-007,0.00341219
4.5085e-007,0.00348585
4.509e-007,0.00355094
4.5095e-007,0.00362631
4.51e-007,0.00365885
4.5105e-007,0.00372737
4.511e-007,0.0037976
4.5115e-007,0.00383186
4.512e-007,0.00386955
4.5125e-007,0.00390552
4.513e-007,0.00397061
4.5135e-007,0.00403228
4.514e-007,0.0040751
4.5145e-007,0.00410593
4.515e-007,0.00417103
4.5155e-007,0.00424297
4.516e-007,0.00428065
4.5165e-007,0.00433547
4.517e-007,0.00441084
4.5175e-007,0.00446394
4.518e-007,0.00456329
4.5185e-007,0.0046438
4.519e-007,0.00475685
4.5195e-007,0.00488875
4.52e-007,0.00506005
4.5205e-007,0.00519194
4.521e-007,0.00531014
4.5215e-007,0.00544717
4.522e-007,0.00560476
4.5225e-007,0.00574351
4.523e-007,0.00591652
4.5235e-007,0.0060467
4.524e-007,0.00618888
4.5245e-007,0.0063379
4.525e-007,0.0064698
4.5255e-007,0.00660855
4.526e-007,0.00677642
4.5265e-007,0.00693401
4.527e-007,0.00713271
4.5275e-007,0.00732799
4.528e-007,0.00751984
4.5285e-007,0.00771854
4.529e-007,0.00793608
4.5295e-007,0.0081365
4.53e-007,0.00830608
4.5305e-007,0.00850136
4.531e-007,0.00867608
4.5315e-007,0.00877885
4.532e-007,0.00890047
4.5325e-007,0.00897242
4.533e-007,0.00901867
4.5335e-007,0.00904265
4.534e-007,0.00907691
4.5345e-007,0.00909575
4.535e-007,0.00911802
4.5355e-007,0.00916255
4.536e-007,0.00919681
4.5365e-007,0.00925334
4.537e-007,0.009327
4.5375e-007,0.00941949
4.538e-007,0.00953084
4.5385e-007,0.0096713
4.539e-007,0.00983574
4.5395e-007,0.0100019
4.54e-007,0.0101543
4.5405e-007,0.0103685
4.541e-007,0.0105603
4.5415e-007,0.0107059
4.542e-007,0.0108464
4.5425e-007,0.0109543
4.543e-007,0.0110314
4.5435e-007,0.0110588
4.544e-007,0.0110536
4.5445e-007,0.0110331
4.545e-007,0.0109954
4.5455e-007,0.0109252
4.546e-007,0.0108549
4.5465e-007,0.0108293
4.547e-007,0.0107779
4.5475e-007,0.0107744
4.548e-007,0.0108138
4.5485e-007,0.0109029
4.549e-007,0.0109731
4.5495e-007,0.0111102
4.55e-007,0.0112147
4.5505e-007,0.0112952
4.551e-007,0.0113363
4.5515e-007,0.0113671
4.552e-007,0.0113054
4.5525e-007,0.0112078
4.553e-007,0.0111033
4.5535e-007,0.0109594
4.554e-007,0.0108207
4.5545e-007,0.0106871
4.555e-007,0.010562
4.5555e-007,0.0104849
4.556e-007,0.0104216
4.5565e-007,0.0103633
4.557e-007,0.0103633
4.5575e-007,0.0103616
4.558e-007,0.0103222
4.5585e-007,0.010264
4.559e-007,0.0101766
4.5595e-007,0.0100687
4.56e-007,0.00989227
4.5605e-007,0.00971755
4.561e-007,0.00953255
4.5615e-007,0.0093407
4.562e-007,0.00912144
4.5625e-007,0.00892788
4.563e-007,0.00876515
4.5635e-007,0.00863839
4.564e-007,0.00850307
4.5645e-007,0.00841913
4.565e-007,0.00833691
4.5655e-007,0.00825469
4.566e-007,0.00812451
4.5665e-007,0.00800803
4.567e-007,0.00790696
4.5675e-007,0.00775622
4.568e-007,0.00762604
4.5685e-007,0.00748215
4.569e-007,0.0073297
4.5695e-007,0.00715327
4.57e-007,0.00699054
4.5705e-007,0.00682952
4.571e-007,0.00668734
4.5715e-007,0.00658457
4.572e-007,0.00648693
4.5725e-007,0.00635846
4.573e-007,0.00626425
4.5735e-007,0.00608781
4.574e-007,0.00593365
4.5745e-007,0.00575893
4.575e-007,0.00555166
4.5755e-007,0.00534953
4.576e-007,0.00514569
4.5765e-007,0.00493329
4.577e-007,0.00473972
4.5775e-007,0.00458727
4.578e-007,0.0044588
4.5785e-007,0.0043663
4.579e-007,0.0043132
4.5795e-007,0.00432862
4.58e-007,0.00438857
4.5805e-007,0.00447593
4.581e-007,0.00458042
4.5815e-007,0.00469861
4.582e-007,0.00477398
4.5825e-007,0.00486134
4.583e-007,0.00487676
4.5835e-007,0.00489903
4.584e-007,0.00486477
4.5845e-007,0.00481338
4.585e-007,0.00472088
4.5855e-007,0.0046044
4.586e-007,0.00447079
4.5865e-007,0.00436288
4.587e-007,0.00423098
4.5875e-007,0.00415561
4.588e-007,0.00406482
4.5885e-007,0.00402714
4.589e-007,0.00403056
4.5895e-007,0.00405112
4.59e-007,0.00408709
4.5905e-007,0.00417445
4.591e-007,0.00424126
4.5915e-007,0.00437829
4.592e-007,0.00452561
4.5925e-007,0.0046438
4.593e-007,0.00475514
4.5935e-007,0.00486134
4.594e-007,0.00495213
4.5945e-007,0.00501722
4.595e-007,0.00507032
4.5955e-007,0.00516967
4.596e-007,0.00524847
4.5965e-007,0.00535296
4.597e-007,0.00543518
4.5975e-007,0.00551569
4.598e-007,0.00560648
4.5985e-007,0.00569041
4.599e-007,0.00575721
4.5995e-007,0.00586684
4.6e-007,0.00593707
4.6005e-007,0.00598332
4.601e-007,0.00608439
4.6015e-007,0.00615291
4.602e-007,0.006218
4.6025e-007,0.00629337
4.603e-007,0.00635332
4.6035e-007,0.0064167
4.604e-007,0.00651091
4.6045e-007,0.00663596
4.605e-007,0.00676614
4.6055e-007,0.00692544
4.606e-007,0.00707447
4.6065e-007,0.00722864
4.607e-007,0.00738794
4.6075e-007,0.00754896
4.608e-007,0.00771854
4.6085e-007,0.0078984
4.609e-007,0.00809539
4.6095e-007,0.00828381
4.61e-007,0.00846881
4.6105e-007,0.00865723
4.611e-007,0.0088782
4.6115e-007,0.00908547
4.612e-007,0.00929616
4.6125e-007,0.00953084
4.613e-007,0.00974838
4.6135e-007,0.00997963
4.614e-007,0.0101681
4.6145e-007,0.0103531
4.615e-007,0.0104815
4.6155e-007,0.0106066
4.616e-007,0.0106905
4.6165e-007,0.0107487
4.617e-007,0.010783
4.6175e-007,0.0107796
4.618e-007,0.0108087
4.6185e-007,0.0108241
4.619e-007,0.0108361
4.6195e-007,0.0108481
4.62e-007,0.0108738
4.6205e-007,0.0109372
4.621e-007,0.0109543
4.6215e-007,0.0110708
4.622e-007,0.0111598
4.6225e-007,0.0112678
4.623e-007,0.0113483
4.6235e-007,0.0114117
4.624e-007,0.0114442
4.6245e-007,0.0114562
4.625e-007,0.0114254
4.6255e-007,0.0113671
4.626e-007,0.0113483
4.6265e-007,0.0112798
4.627e-007,0.0112095
4.6275e-007,0.0111496
4.628e-007,0.0111307
4.6285e-007,0.0111119
4.629e-007,0.0110759
4.6295e-007,0.0110554
4.63e-007,0.0110194
4.6305e-007,0.010956
4.631e-007,0.0108858
4.6315e-007,0.0107761
4.632e-007,0.0106494
4.6325e-007,0.0105021
4.633e-007,0.0103582
4.6335e-007,0.0101766
4.634e-007,0.0100379
4.6345e-007,0.0098563
4.635e-007,0.00973296
4.6355e-007,0.00960621
4.636e-007,0.0095257
4.6365e-007,0.00943149
4.637e-007,0.00937325
4.6375e-007,0.00933556
4.638e-007,0.00933556
4.6385e-007,0.00928588
4.639e-007,0.00919339
4.6395e-007,0.00910089
4.64e-007,0.00897242
4.6405e-007,0.00887649
4.641e-007,0.00869321
4.6415e-007,0.00854418
4.642e-007,0.00835233
4.6425e-007,0.00820159
4.643e-007,0.00804057
4.6435e-007,0.00786928
4.644e-007,0.0077134
4.6445e-007,0.00756951
4.645e-007,0.0074359
4.6455e-007,0.00732799
4.646e-007,0.00723549
4.6465e-007,0.00710873
4.647e-007,0.00701452
4.6475e-007,0.00694771
4.648e-007,0.00684665
4.6485e-007,0.00674901
4.649e-007,0.00665137
4.6495e-007,0.00656059
4.65e-007,0.00649207
4.6505e-007,0.00639272
4.651e-007,0.00631906
4.6515e-007,0.00621457
4.652e-007,0.00612379
4.6525e-007,0.00601758
4.653e-007,0.00592508
4.6535e-007,0.00581888
4.654e-007,0.00569384
4.6545e-007,0.00556879
4.655e-007,0.00543689
4.6555e-007,0.00523305
4.656e-007,0.0050412
4.6565e-007,0.00487333
4.657e-007,0.00469347
4.6575e-007,0.0045513
4.658e-007,0.0043663
4.6585e-007,0.0042207
4.659e-007,0.00410936
4.6595e-007,0.00404598
4.66e-007,0.00395519
4.6605e-007,0.00393293
4.661e-007,0.00398431
4.6615e-007,0.00404941
4.662e-007,0.00412649
4.6625e-007,0.00420357
4.663e-007,0.00428237
4.6635e-007,0.00432176
4.664e-007,0.00437144
4.6645e-007,0.00438857
4.665e-007,0.00436116
4.6655e-007,0.00429264
4.666e-007,0.00423954
4.6665e-007,0.00417445
4.667e-007,0.00413677
4.6675e-007,0.00408709
4.668e-007,0.00407681
4.6685e-007,0.00410251
4.669e-007,0.00418473
4.6695e-007,0.00429264
4.67e-007,0.00442625
4.6705e-007,0.00458898
4.671e-007,0.00476199
4.6715e-007,0.00497097
4.672e-007,0.00514569
4.6725e-007,0.0053324
4.673e-007,0.00545745
4.6735e-007,0.00560476
4.674e-007,0.00569726
4.6745e-007,0.00580346
4.675e-007,0.00589596
4.6755e-007,0.00595934
4.676e-007,0.00605527
4.6765e-007,0.00615291
4.677e-007,0.00623513
4.6775e-007,0.00632249
4.678e-007,0.00645438
4.6785e-007,0.00659142
4.679e-007,0.00670961
4.6795e-007,0.00684836
4.68e-007,0.00698026
4.6805e-007,0.00713614
4.681e-007,0.00723891
4.6815e-007,0.00735882
4.682e-007,0.00744961
4.6825e-007,0.00750785
4.683e-007,0.00759863
4.6835e-007,0.0076603
4.684e-007,0.00774766
4.6845e-007,0.00781789
4.685e-007,0.00787613
4.6855e-007,0.00795835
4.686e-007,0.00806284
4.6865e-007,0.0081896
4.687e-007,0.00831122
4.6875e-007,0.0084808
4.688e-007,0.0086658
4.6885e-007,0.0088508
4.689e-007,0.00902552
4.6895e-007,0.00921565
4.69e-007,0.00938866
4.6905e-007,0.00954454
4.691e-007,0.00969357
4.6915e-007,0.00984259
4.692e-007,0.00997278
4.6925e-007,0.0100738
4.693e-007,0.0101852
4.6935e-007,0.0102982
4.694e-007,0.0104267
4.6945e-007,0.0105415
4.695e-007,0.0106665
4.6955e-007,0.0107676
4.696e-007,0.0108635
4.6965e-007,0.0109389
4.697e-007,0.011016
4.6975e-007,0.0110725
4.698e-007,0.0110536
4.6985e-007,0.011004
4.699e-007,0.0110057
4.6995e-007,0.0109629
4.7e-007,0.0109474
4.7005e-007,0.010944
4.701e-007,0.0109166
4.7015e-007,0.0109012
4.702e-007,0.010908
4.7025e-007,0.0109303
4.703e-007,0.0109543
4.7035e-007,0.0109509
4.704e-007,0.0109868
4.7045e-007,0.0109509
4.705e-007,0.010944
4.7055e-007,0.0108652
4.706e-007,0.0107881
4.7065e-007,0.0107213
4.707e-007,0.0106597
4.7075e-007,0.0105792
4.708e-007,0.0105466
4.7085e-007,0.0104952
4.709e-007,0.0105141
4.7095e-007,0.0104815
4.71e-007,0.0104456
4.7105e-007,0.0104404
4.711e-007,0.0103291
4.7115e-007,0.0102468
4.712e-007,0.0101115
4.7125e-007,0.00997106
4.713e-007,0.00977236
4.7135e-007,0.00955824
4.714e-007,0.00936297
4.7145e-007,0.00913686
4.715e-007,0.00893644
4.7155e-007,0.00879084
4.716e-007,0.00863668
4.7165e-007,0.00856473
4.717e-007,0.00849622
4.7175e-007,0.0084414
4.718e-007,0.00840886
4.7185e-007,0.00838487
4.719e-007,0.00832663
4.7195e-007,0.00826154
4.72e-007,0.00810395
4.7205e-007,0.00799261
4.721e-007,0.0078059
4.7215e-007,0.0075815
4.722e-007,0.00740336
4.7225e-007,0.0071704
4.723e-007,0.00699739
4.7235e-007,0.00683637
4.724e-007,0.00669762
4.7245e-007,0.00661197
4.725e-007,0.00654517
4.7255e-007,0.0065229
4.726e-007,0.00652119
4.7265e-007,0.00652975
4.727e-007,0.00649378
4.7275e-007,0.00643383
4.728e-007,0.00633448
4.7285e-007,0.00622142
4.729e-007,0.00609124
4.7295e-007,0.00591481
4.73e-007,0.00575208
4.7305e-007,0.00557222
4.731e-007,0.00536666
4.7315e-007,0.00518338
4.732e-007,0.0050275
4.7325e-007,0.004935
4.733e-007,0.00480139
4.7335e-007,0.00471746
4.734e-007,0.00464894
4.7345e-007,0.00460611
4.735e-007,0.00454102
4.7355e-007,0.00445366
4.736e-007,0.00439713
4.7365e-007,0.00431834
4.737e-007,0.00425496
4.7375e-007,0.00422755
4.738e-007,0.00421385
4.7385e-007,0.00418644
4.739e-007,0.00422413
4.7395e-007,0.00427894
4.74e-007,0.00434917
4.7405e-007,0.00440913
4.741e-007,0.00450334
4.7415e-007,0.00457357
4.742e-007,0.00464551
4.7425e-007,0.00466607
4.743e-007,0.00463523
4.7435e-007,0.00462496
4.744e-007,0.00455301
4.7445e-007,0.00446908
4.745e-007,0.00435774
4.7455e-007,0.00425839
4.746e-007,0.00417959
4.7465e-007,0.00409052
4.747e-007,0.00406825
4.7475e-007,0.00405112
4.748e-007,0.00410251
4.7485e-007,0.00420871
4.749e-007,0.00430806
4.7495e-007,0.00442797
4.75e-007,0.00457186
4.7505e-007,0.00472773
4.751e-007,0.00483736
4.7515e-007,0.00499153
4.752e-007,0.00511486
4.7525e-007,0.00520393
4.753e-007,0.00529986
4.7535e-007,0.00541805
4.754e-007,0.0055568
4.7545e-007,0.00566643
4.755e-007,0.00579661
4.7555e-007,0.00598846
4.756e-007,0.00618203
4.7565e-007,0.00635675
4.757e-007,0.00655887
4.7575e-007,0.00675586
4.758e-007,0.00694257
4.7585e-007,0.00708989
4.759e-007,0.0072372
4.7595e-007,0.00733313
4.76e-007,0.00745474
4.7605e-007,0.00756266
4.761e-007,0.00760548
4.7615e-007,0.00769798
4.762e-007,0.00777849
4.7625e-007,0.00783844
4.763e-007,0.00790696
4.7635e-007,0.00802687
4.764e-007,0.00814678
4.7645e-007,0.00829923
4.765e-007,0.00844312
4.7655e-007,0.00859385
4.766e-007,0.00879427
4.7665e-007,0.00897413
4.767e-007,0.0091951
4.7675e-007,0.00940408
4.768e-007,0.00956167
4.7685e-007,0.00970213
4.769e-007,0.00982204
4.7695e-007,0.00989056
4.77e-007,0.00994366
4.7705e-007,0.00995565
4.771e-007,0.00994366
4.7715e-007,0.00995393
4.772e-007,0.00996421
4.7725e-007,0.00997792
4.773e-007,0.0100396
4.7735e-007,0.0101081
4.774e-007,0.0101749
4.7745e-007,0.0102468
4.775e-007,0.0103496
4.7755e-007,0.010425
4.776e-007,0.0104952
4.7765e-007,0.0105004
4.777e-007,0.0105466
4.7775e-007,0.0105432
4.778e-007,0.0105278
4.7785e-007,0.0105192
4.779e-007,0.0105072
4.7795e-007,0.0105089
4.78e-007,0.0105432
4.7805e-007,0.0106014
4.781e-007,0.0106682
4.7815e-007,0.0107487
4.782e-007,0.0108087
4.7825e-007,0.0108464
4.783e-007,0.0108275
4.7835e-007,0.0107899
4.784e-007,0.0106819
4.7845e-007,0.0105432
4.785e-007,0.0103959
4.7855e-007,0.0102263
4.786e-007,0.010031
4.7865e-007,0.00985801
4.787e-007,0.00968671
4.7875e-007,0.00956167
4.788e-007,0.0094469
4.7885e-007,0.00938695
4.789e-007,0.00933385
4.7895e-007,0.00932014
4.79e-007,0.00931672
4.7905e-007,0.00933042
4.791e-007,0.00929274
4.7915e-007,0.00926704
4.792e-007,0.00918653
4.7925e-007,0.00908204
4.793e-007,0.00892959
4.7935e-007,0.00876858
4.794e-007,0.00861098
4.7945e-007,0.00842085
4.795e-007,0.00824099
4.7955e-007,0.00806798
4.796e-007,0.00786243
4.7965e-007,0.00770655
4.797e-007,0.00756609
4.7975e-007,0.00739822
4.798e-007,0.00723035
4.7985e-007,0.00711216
4.799e-007,0.00697855
4.7995e-007,0.00685179
4.8e-007,0.00675758
4.8005e-007,0.00663938
4.801e-007,0.0065092
4.8015e-007,0.00642184
4.802e-007,0.00625739
4.8025e-007,0.00614605
4.803e-007,0.00600902
4.8035e-007,0.00590795
4.804e-007,0.00577092
4.8045e-007,0.00572296
4.805e-007,0.00565444
4.8055e-007,0.00558249
4.806e-007,0.00555166
4.8065e-007,0.00551055
4.807e-007,0.00548657
4.8075e-007,0.0054506
4.808e-007,0.00543347
4.8085e-007,0.00538722
4.809e-007,0.00531014
4.8095e-007,0.00522791
4.81e-007,0.00510801
4.8105e-007,0.00501893
4.811e-007,0.00488875
4.8115e-007,0.00476884
4.812e-007,0.00465579
4.8125e-007,0.00454959
4.813e-007,0.0044982
4.8135e-007,0.00447936
4.814e-007,0.00447079
4.8145e-007,0.0044588
4.815e-007,0.00442625
4.8155e-007,0.00441598
4.816e-007,0.00438857
4.8165e-007,0.00432862
4.817e-007,0.00424982
4.8175e-007,0.00419501
4.818e-007,0.00408367
4.8185e-007,0.00400658
4.819e-007,0.00398089
4.8195e-007,0.00390209
4.82e-007,0.00384728
4.8205e-007,0.00386441
4.821e-007,0.00388325
4.8215e-007,0.00398603
4.822e-007,0.00405626
4.8225e-007,0.00419843
4.823e-007,0.00433376
4.8235e-007,0.00448963
4.824e-007,0.00462838
4.8245e-007,0.00477398
4.825e-007,0.00494356
4.8255e-007,0.00509259
4.826e-007,0.00522449
4.8265e-007,0.00532041
4.827e-007,0.0054112
4.8275e-007,0.0054506
4.828e-007,0.00552597
4.8285e-007,0.00559448
4.829e-007,0.00559277
4.8295e-007,0.00564587
4.83e-007,0.00567157
4.8305e-007,0.0056493
4.831e-007,0.00566643
4.8315e-007,0.00568527
4.832e-007,0.0057161
4.8325e-007,0.00578291
4.833e-007,0.00586684
4.8335e-007,0.00601073
4.834e-007,0.00616661
4.8345e-007,0.00636702
4.835e-007,0.00656573
4.8355e-007,0.006761
4.836e-007,0.00696484
4.8365e-007,0.00716697
4.837e-007,0.00733313
4.8375e-007,0.00750785
4.838e-007,0.00765687
4.8385e-007,0.0077665
4.839e-007,0.00789497
4.8395e-007,0.00799946
4.84e-007,0.00807997
4.8405e-007,0.00814849
4.841e-007,0.00820502
4.8415e-007,0.00828724
4.842e-007,0.00836089
4.8425e-007,0.00841742
4.843e-007,0.00847737
4.8435e-007,0.00850478
4.844e-007,0.00855617
4.8445e-007,0.00861098
4.845e-007,0.00869321
4.8455e-007,0.00877714
4.846e-007,0.00887306
4.8465e-007,0.0089964
4.847e-007,0.00910431
4.8475e-007,0.00923107
4.848e-007,0.00934413
4.8485e-007,0.00944176
4.849e-007,0.00955824
4.8495e-007,0.00964218
4.85e-007,0.00971755
4.8505e-007,0.00973982
4.851e-007,0.00971412
4.8515e-007,0.00968329
4.852e-007,0.00962505
4.8525e-007,0.00954797
4.853e-007,0.00948116
4.8535e-007,0.00944005
4.854e-007,0.00941264
4.8545e-007,0.0093801
4.855e-007,0.00934584
4.8555e-007,0.00936297
4.856e-007,0.00934926
4.8565e-007,0.00936297
4.857e-007,0.0093801
4.8575e-007,0.00939037
4.858e-007,0.00944519
4.8585e-007,0.0094863
4.859e-007,0.00951713
4.8595e-007,0.0095531
4.86e-007,0.00956681
4.8605e-007,0.00958222
4.861e-007,0.00958908
4.8615e-007,0.00961306
4.862e-007,0.00960621
4.8625e-007,0.00957366
4.863e-007,0.00954283
4.8635e-007,0.00944861
4.864e-007,0.00937667
4.8645e-007,0.00928075
4.865e-007,0.00914542
4.8655e-007,0.00904607
4.866e-007,0.0089313
4.8665e-007,0.00883367
4.867e-007,0.00873432
4.8675e-007,0.00866751
4.868e-007,0.00856645
4.8685e-007,0.00852876
4.869e-007,0.008414
4.8695e-007,0.00835918
4.87e-007,0.00829409
4.8705e-007,0.00823414
4.871e-007,0.00813992
4.8715e-007,0.00803029
4.872e-007,0.0079121
4.8725e-007,0.00775965
4.873e-007,0.0075678
4.8735e-007,0.00741706
4.874e-007,0.00725262
4.8745e-007,0.00707104
4.875e-007,0.00692716
4.8755e-007,0.00679012
4.876e-007,0.00671133
4.8765e-007,0.00661369
4.877e-007,0.00654346
4.8775e-007,0.00654003
4.878e-007,0.00653147
4.8785e-007,0.00650406
4.879e-007,0.00647665
4.8795e-007,0.00643554
4.88e-007,0.00634304
4.8805e-007,0.00624712
4.881e-007,0.00608267
4.8815e-007,0.00591994
4.882e-007,0.00576235
4.8825e-007,0.0056099
4.883e-007,0.00543004
4.8835e-007,0.00524676
4.884e-007,0.00511829
4.8845e-007,0.00502065
4.885e-007,0.00491273
4.8855e-007,0.00490245
4.886e-007,0.00488532
4.8865e-007,0.00487847
4.887e-007,0.00492644
4.8875e-007,0.00499838
4.888e-007,0.0050275
4.8885e-007,0.0050275
4.889e-007,0.00502407
4.8895e-007,0.00498981
4.89e-007,0.00494185
4.8905e-007,0.0048562
4.891e-007,0.00475343
4.8915e-007,0.00460783
4.892e-007,0.00449477
4.8925e-007,0.00435089
4.893e-007,0.00426181
4.8935e-007,0.00415903
4.894e-007,0.00407853
4.8945e-007,0.00409394
4.895e-007,0.00411107
4.8955e-007,0.00416417
4.896e-007,0.00426181
4.8965e-007,0.00444167
4.897e-007,0.00457871
4.8975e-007,0.00475
4.898e-007,0.00487505
4.8985e-007,0.00499838
4.899e-007,0.00506005
4.8995e-007,0.00514912
4.9e-007,0.00519537
4.9005e-007,0.00519879
4.901e-007,0.00519023
4.9015e-007,0.00516796
4.902e-007,0.00516967
4.9025e-007,0.00516967
4.903e-007,0.00517824
4.9035e-007,0.00519537
4.904e-007,0.00526389
4.9045e-007,0.00538037
4.905e-007,0.00548486
4.9055e-007,0.00564073
4.906e-007,0.00581717
4.9065e-007,0.00600045
4.907e-007,0.00619744
4.9075e-007,0.00637216
4.908e-007,0.00656573
4.9085e-007,0.0067079
4.909e-007,0.00684151
4.9095e-007,0.00692544
4.91e-007,0.00699568
4.9105e-007,0.00701966
4.911e-007,0.0069991
4.9115e-007,0.00697855
4.912e-007,0.00692031
4.9125e-007,0.00684151
4.913e-007,0.00679355
4.9135e-007,0.00679869
4.914e-007,0.00681924
4.9145e-007,0.00690146
4.915e-007,0.00701623
4.9155e-007,0.00713442
4.916e-007,0.00730058
4.9165e-007,0.00746331
4.917e-007,0.0076603
4.9175e-007,0.00782817
4.918e-007,0.00803715
4.9185e-007,0.00825983
4.919e-007,0.00844825
4.9195e-007,0.00859899
4.92e-007,0.00873945
4.9205e-007,0.00882853
4.921e-007,0.00887649
4.9215e-007,0.00891246
4.922e-007,0.00891075
4.9225e-007,0.00891075
4.923e-007,0.00889362
4.9235e-007,0.00888506
4.924e-007,0.00886107
4.9245e-007,0.00886964
4.925e-007,0.00889191
4.9255e-007,0.00893816
4.926e-007,0.00899297
4.9265e-007,0.00911973
4.927e-007,0.00925163
4.9275e-007,0.00938524
4.928e-007,0.00950172
4.9285e-007,0.00961648
4.929e-007,0.0096713
4.9295e-007,0.00970556
4.93e-007,0.00968843
4.9305e-007,0.00966616
4.931e-007,0.00959764
4.9315e-007,0.00952227
4.932e-007,0.00944176
4.9325e-007,0.00936639
4.933e-007,0.00933385
4.9335e-007,0.00934584
4.934e-007,0.00939551
4.9345e-007,0.00945889
4.935e-007,0.00952741
4.9355e-007,0.00963019
4.936e-007,0.00968329
4.9365e-007,0.00971755
4.937e-007,0.00970556
4.9375e-007,0.00963704
4.938e-007,0.00955139
4.9385e-007,0.00945375
4.939e-007,0.0092876
4.9395e-007,0.00915913
4.94e-007,0.00899297
4.9405e-007,0.00885765
4.941e-007,0.00877543
4.9415e-007,0.00869321
4.942e-007,0.00866922
4.9425e-007,0.00861612
4.943e-007,0.00858872
4.9435e-007,0.00857501
4.944e-007,0.0085339
4.9445e-007,0.00850307
4.945e-007,0.00847224
4.9455e-007,0.00840714
4.946e-007,0.00833863
4.9465e-007,0.00826154
4.947e-007,0.00817418
4.9475e-007,0.00805599
4.948e-007,0.00796178
4.9485e-007,0.00786414
4.949e-007,0.00776136
4.9495e-007,0.00767058
4.95e-007,0.00758322
4.9505e-007,0.00745817
4.951e-007,0.00734512
4.9515e-007,0.00726289
4.952e-007,0.00715327
4.9525e-007,0.00702993
4.953e-007,0.00695114
4.9535e-007,0.00687234
4.954e-007,0.00678841
4.9545e-007,0.00673359
4.955e-007,0.00669591
4.9555e-007,0.00663424
4.956e-007,0.00658628
4.9565e-007,0.00652461
4.957e-007,0.00646637
4.9575e-007,0.0063379
4.958e-007,0.00623684
4.9585e-007,0.00607925
4.959e-007,0.0059542
4.9595e-007,0.00580346
4.96e-007,0.00565444
4.9605e-007,0.00551569
4.961e-007,0.00539578
4.9615e-007,0.00527588
4.962e-007,0.00519194
4.9625e-007,0.00515254
4.963e-007,0.0050806
4.9635e-007,0.00504463
4.964e-007,0.00501551
4.9645e-007,0.00497097
4.965e-007,0.00490588
4.9655e-007,0.00482366
4.966e-007,0.00472945
4.9665e-007,0.00461125
4.967e-007,0.00450676
4.9675e-007,0.00438686
4.968e-007,0.00430635
4.9685e-007,0.00428751
4.969e-007,0.00429264
4.9695e-007,0.00435602
4.97e-007,0.00442797
4.9705e-007,0.00454445
4.971e-007,0.00469005
4.9715e-007,0.0048031
4.972e-007,0.00489218
4.9725e-007,0.00496755
4.973e-007,0.00499495
4.9735e-007,0.00500009
4.974e-007,0.00495213
4.9745e-007,0.00487847
4.975e-007,0.00481167
4.9755e-007,0.00470204
4.976e-007,0.00463181
4.9765e-007,0.00456672
4.977e-007,0.0045376
4.9775e-007,0.00455301
4.978e-007,0.00459926
4.9785e-007,0.00464894
4.979e-007,0.00472259
4.9795e-007,0.00484935
4.98e-007,0.00496069
4.9805e-007,0.00503949
4.981e-007,0.00511143
4.9815e-007,0.00522449
4.982e-007,0.00526902
4.9825e-007,0.00532898
4.983e-007,0.0053718
4.9835e-007,0.00546087
4.984e-007,0.00553967
4.9845e-007,0.005663
4.985e-007,0.0057812
4.9855e-007,0.0059011
4.986e-007,0.006033
4.9865e-007,0.00619059
4.987e-007,0.00632763
4.9875e-007,0.00647837
4.988e-007,0.00662225
4.9885e-007,0.00674558
4.989e-007,0.00685864
4.9895e-007,0.00695628
4.99e-007,0.00705049
4.9905e-007,0.00710359
4.991e-007,0.00719438
4.9915e-007,0.00727831
4.992e-007,0.00733826
4.9925e-007,0.00745303
4.993e-007,0.00757979
4.9935e-007,0.00770655
4.994e-007,0.00785729
4.9945e-007,0.00800117
4.995e-007,0.00812451
4.9955e-007,0.00825983
4.996e-007,0.0083489
4.9965e-007,0.00844483
4.997e-007,0.00853561
4.9975e-007,0.00858529
4.998e-007,0.00862983
4.9985e-007,0.00866409
4.999e-007,0.0086658
4.9995e-007,0.0086795
5e-007,0.00866751
5.0005e-007,0.00868464
5.001e-007,0.00872061
5.0015e-007,0.00875316
5.002e-007,0.00878399
5.0025e-007,0.00885765
5.003e-007,0.00889362
5.0035e-007,0.00896214
5.004e-007,0.00903579
5.0045e-007,0.00910945
5.005e-007,0.00916598
5.0055e-007,0.0092345
5.006e-007,0.00931329
5.0065e-007,0.00936982
5.007e-007,0.00946917
5.0075e-007,0.00957366
5.008e-007,0.00966445
5.0085e-007,0.00976208
5.009e-007,0.00982889
5.0095e-007,0.00991968
5.01e-007,0.00998991
5.0105e-007,0.0100516
5.011e-007,0.0100841
5.0115e-007,0.0100961
5.012e-007,0.0100567
5.0125e-007,0.0100173
5.013e-007,0.00994194
5.0135e-007,0.00986144
5.014e-007,0.0097381
5.0145e-007,0.00964046
5.015e-007,0.00949829
5.0155e-007,0.00937153
5.016e-007,0.00922251
5.0165e-007,0.00911288
5.017e-007,0.00899126
5.0175e-007,0.00888163
5.018e-007,0.00879427
5.0185e-007,0.00870177
5.019e-007,0.00859385
5.0195e-007,0.00852362
5.02e-007,0.00847566
5.0205e-007,0.00836946
5.021e-007,0.00827867
5.0215e-007,0.00817418
5.022e-007,0.00806627
5.0225e-007,0.00797377
5.023e-007,0.00790354
5.0235e-007,0.00782817
5.024e-007,0.00772539
5.0245e-007,0.00763289
5.025e-007,0.00757636
5.0255e-007,0.00752326
5.026e-007,0.00744447
5.0265e-007,0.00738965
5.027e-007,0.00729887
5.0275e-007,0.00721665
5.028e-007,0.00711901
5.0285e-007,0.00701623
5.029e-007,0.00691859
5.0295e-007,0.00683295
5.03e-007,0.00673188
5.0305e-007,0.00666165
5.031e-007,0.00660341
5.0315e-007,0.00655887
5.032e-007,0.00650406
5.0325e-007,0.00650577
5.033e-007,0.00644411
5.0335e-007,0.006391
5.034e-007,0.00629165
5.0345e-007,0.00619915
5.035e-007,0.0060724
5.0355e-007,0.00593194
5.036e-007,0.00579661
5.0365e-007,0.00562189
5.037e-007,0.00548999
5.0375e-007,0.00533754
5.038e-007,0.00523134
5.0385e-007,0.0051731
5.039e-007,0.00510287
5.0395e-007,0.00506518
5.04e-007,0.00503606
5.0405e-007,0.00499495
5.041e-007,0.00492986
5.0415e-007,0.00487847
5.042e-007,0.00482195
5.0425e-007,0.00477056
5.043e-007,0.00469005
5.0435e-007,0.00458556
5.044e-007,0.00450676
5.0445e-007,0.00443482
5.045e-007,0.00441084
5.0455e-007,0.00440056
5.046e-007,0.00438514
5.0465e-007,0.00438857
5.047e-007,0.00445195
5.0475e-007,0.00448107
5.048e-007,0.00455815
5.0485e-007,0.00462153
5.049e-007,0.00473459
5.0495e-007,0.00485107
5.05e-007,0.00489389
5.0505e-007,0.00500694
5.051e-007,0.00503092
5.0515e-007,0.00510458
5.052e-007,0.00515254
5.0525e-007,0.00518166
5.053e-007,0.00519365
5.0535e-007,0.00522791
5.054e-007,0.00523477
5.0545e-007,0.00524676
5.055e-007,0.00521764
5.0555e-007,0.00519537
5.056e-007,0.00519537
5.0565e-007,0.00520565
5.057e-007,0.00518509
5.0575e-007,0.00520222
5.058e-007,0.00523819
5.0585e-007,0.00530328
5.059e-007,0.00537865
5.0595e-007,0.0054643
5.06e-007,0.00554995
5.0605e-007,0.00563731
5.061e-007,0.00573837
5.0615e-007,0.00584629
5.062e-007,0.00598161
5.0625e-007,0.00611008
5.063e-007,0.00620601
5.0635e-007,0.00632249
5.064e-007,0.00636874
5.0645e-007,0.00639957
5.065e-007,0.00644924
5.0655e-007,0.00650577
5.066e-007,0.00656401
5.0665e-007,0.00663938
5.067e-007,0.00671818
5.0675e-007,0.00683637
5.068e-007,0.00694943
5.0685e-007,0.00710188
5.069e-007,0.00724405
5.0695e-007,0.00741535
5.07e-007,0.00757979
5.0705e-007,0.0077271
5.071e-007,0.00786928
5.0715e-007,0.0079909
5.072e-007,0.00808682
5.0725e-007,0.00814506
5.073e-007,0.00816219
5.0735e-007,0.00821358
5.074e-007,0.00823585
5.0745e-007,0.00828039
5.075e-007,0.00832663
5.0755e-007,0.00836432
5.076e-007,0.00842941
5.0765e-007,0.00848936
5.077e-007,0.00856645
5.0775e-007,0.00865895
5.078e-007,0.0087326
5.0785e-007,0.00881654
5.079e-007,0.00887135
5.0795e-007,0.00893816
5.08e-007,0.00896556
5.0805e-007,0.00896728
5.081e-007,0.00897755
5.0815e-007,0.0089707
5.082e-007,0.00895529
5.0825e-007,0.00898441
5.083e-007,0.00901181
5.0835e-007,0.00903922
5.084e-007,0.00905806
5.0845e-007,0.00908718
5.085e-007,0.00911973
5.0855e-007,0.009142
5.086e-007,0.00914371
5.0865e-007,0.00910945
5.087e-007,0.00907177
5.0875e-007,0.00900839
5.088e-007,0.00893473
5.0885e-007,0.00886964
5.089e-007,0.00877885
5.0895e-007,0.00871547
5.09e-007,0.00867436
5.0905e-007,0.00866237
5.091e-007,0.00865381
5.0915e-007,0.00871719
5.092e-007,0.00876858
5.0925e-007,0.00878399
5.093e-007,0.00879427
5.0935e-007,0.00881654
5.094e-007,0.00878742
5.0945e-007,0.00868635
5.095e-007,0.00859728
5.0955e-007,0.00848594
5.096e-007,0.00836603
5.0965e-007,0.00820159
5.097e-007,0.00810224
5.0975e-007,0.00798233
5.098e-007,0.00791724
5.0985e-007,0.00790525
5.099e-007,0.0078984
5.0995e-007,0.00788298
5.1e-007,0.00787784
5.1005e-007,0.00790354
5.101e-007,0.00788812
5.1015e-007,0.00788983
5.102e-007,0.00783502
5.1025e-007,0.00780932
5.103e-007,0.00773909
5.1035e-007,0.0076346
5.104e-007,0.00753354
5.1045e-007,0.00744961
5.105e-007,0.00729373
5.1055e-007,0.00718581
5.106e-007,0.0070522
5.1065e-007,0.00691688
5.107e-007,0.00682267
5.1075e-007,0.00667707
5.108e-007,0.00652804
5.1085e-007,0.00638929
5.109e-007,0.00621286
5.1095e-007,0.00605184
5.11e-007,0.00589768
5.1105e-007,0.0057555
5.111e-007,0.00562189
5.1115e-007,0.00548143
5.112e-007,0.00535125
5.1125e-007,0.00525018
5.113e-007,0.00513028
5.1135e-007,0.00507032
5.114e-007,0.00499324
5.1145e-007,0.0049487
5.115e-007,0.00492301
5.1155e-007,0.00491787
5.116e-007,0.00489732
5.1165e-007,0.00492815
5.117e-007,0.00493843
5.1175e-007,0.00494185
5.118e-007,0.00493157
5.1185e-007,0.00492815
5.119e-007,0.00488875
5.1195e-007,0.00486306
5.12e-007,0.00483051
5.1205e-007,0.00476713
5.121e-007,0.00473972
5.1215e-007,0.0047106
5.122e-007,0.00467806
5.1225e-007,0.00467292
5.123e-007,0.00465236
5.1235e-007,0.00462667
5.124e-007,0.00457699
5.1245e-007,0.00452047
5.125e-007,0.00445537
5.1255e-007,0.00439542
5.126e-007,0.00430121
5.1265e-007,0.0042344
5.127e-007,0.00418473
5.1275e-007,0.00418816
5.128e-007,0.00418302
5.1285e-007,0.00424982
5.129e-007,0.00434403
5.1295e-007,0.00446223
5.13e-007,0.00464209
5.1305e-007,0.00485963
5.131e-007,0.00508231
5.1315e-007,0.00528273
5.132e-007,0.00546601
5.1325e-007,0.00563217
5.133e-007,0.00573323
5.1335e-007,0.00582402
5.134e-007,0.00583772
5.1345e-007,0.00584457
5.135e-007,0.005848
5.1355e-007,0.00584971
5.136e-007,0.005848
5.1365e-007,0.0058874
5.137e-007,0.00589768
5.1375e-007,0.00598161
5.138e-007,0.00602101
5.1385e-007,0.00607411
5.139e-007,0.00617517
5.1395e-007,0.00627624
5.14e-007,0.00634818
5.1405e-007,0.00643725
5.141e-007,0.00650406
5.1415e-007,0.0065486
5.142e-007,0.00658628
5.1425e-007,0.0066017
5.143e-007,0.00659142
5.1435e-007,0.00664795
5.144e-007,0.00667364
5.1445e-007,0.00673017
5.145e-007,0.00679526
5.1455e-007,0.0068929
5.146e-007,0.00698711
5.1465e-007,0.00712757
5.147e-007,0.00722007
5.1475e-007,0.00735197
5.148e-007,0.00748386
5.1485e-007,0.00758493
5.149e-007,0.00768428
5.1495e-007,0.00777507
5.15e-007,0.00783502
5.1505e-007,0.00792581
5.151e-007,0.00795664
5.1515e-007,0.0080183
5.152e-007,0.00807312
5.1525e-007,0.00814678
5.153e-007,0.0082564
5.1535e-007,0.0083746
5.154e-007,0.00854589
5.1545e-007,0.00867608
5.155e-007,0.00887135
5.1555e-007,0.00907005
5.156e-007,0.00923964
5.1565e-007,0.00939209
5.157e-007,0.00948801
5.1575e-007,0.00954625
5.158e-007,0.00958222
5.1585e-007,0.00955482
5.159e-007,0.00952398
5.1595e-007,0.00945033
5.16e-007,0.00935098
5.1605e-007,0.00926533
5.161e-007,0.00916255
5.1615e-007,0.0090495
5.162e-007,0.00899468
5.1625e-007,0.00892274
5.163e-007,0.00885594
5.1635e-007,0.00880112
5.164e-007,0.00878057
5.1645e-007,0.00875658
5.165e-007,0.00872061
5.1655e-007,0.00869321
5.166e-007,0.00866751
5.1665e-007,0.00868293
5.167e-007,0.00864696
5.1675e-007,0.00864353
5.168e-007,0.00863325
5.1685e-007,0.00859557
5.169e-007,0.0085733
5.1695e-007,0.00854418
5.17e-007,0.00852876
5.1705e-007,0.00842427
5.171e-007,0.00836089
5.1715e-007,0.0082958
5.172e-007,0.00821187
5.1725e-007,0.00812279
5.173e-007,0.00801488
5.1735e-007,0.00797548
5.174e-007,0.00790525
5.1745e-007,0.00788298
5.175e-007,0.00783159
5.1755e-007,0.00784872
5.176e-007,0.00784701
5.1765e-007,0.0078059
5.177e-007,0.00775965
5.1775e-007,0.00769284
5.178e-007,0.00763632
5.1785e-007,0.00756095
5.179e-007,0.00743076
5.1795e-007,0.00731771
5.18e-007,0.00721836
5.1805e-007,0.0070916
5.181e-007,0.00700424
5.1815e-007,0.0069066
5.182e-007,0.00683808
5.1825e-007,0.00673702
5.183e-007,0.00671133
5.1835e-007,0.0066291
5.184e-007,0.00660855
5.1845e-007,0.00658285
5.185e-007,0.00650235
5.1855e-007,0.006403
5.186e-007,0.00630707
5.1865e-007,0.00620429
5.187e-007,0.00609638
5.1875e-007,0.00597647
5.188e-007,0.00584115
5.1885e-007,0.00572124
5.189e-007,0.00562532
5.1895e-007,0.00554995
5.19e-007,0.00551569
5.1905e-007,0.00546773
5.191e-007,0.00550027
5.1915e-007,0.00547972
5.192e-007,0.00552939
5.1925e-007,0.00557393
5.193e-007,0.00558763
5.1935e-007,0.00559791
5.194e-007,0.00557736
5.1945e-007,0.00553282
5.195e-007,0.00543861
5.1955e-007,0.00531699
5.196e-007,0.0052125
5.1965e-007,0.00505148
5.197e-007,0.00488704
5.1975e-007,0.00474658
5.198e-007,0.00462153
5.1985e-007,0.00449135
5.199e-007,0.00443996
5.1995e-007,0.00442112
5.2e-007,0.00443653
5.2005e-007,0.00448107
5.201e-007,0.00454616
5.2015e-007,0.00468148
5.202e-007,0.00477741
5.2025e-007,0.00492472
5.203e-007,0.0050275
5.2035e-007,0.00515426
5.204e-007,0.00519879
5.2045e-007,0.0052399
5.205e-007,0.00526902
5.2055e-007,0.00526046
5.206e-007,0.00526046
5.2065e-007,0.00529301
5.207e-007,0.00530157
5.2075e-007,0.00527588
5.208e-007,0.00527759
5.2085e-007,0.00531356
5.209e-007,0.00533754
5.2095e-007,0.00538893
5.21e-007,0.00545916
5.2105e-007,0.0055705
5.211e-007,0.00564759
5.2115e-007,0.00574351
5.212e-007,0.00581203
5.2125e-007,0.00587027
5.213e-007,0.00589596
5.2135e-007,0.00597818
5.214e-007,0.0060193
5.2145e-007,0.00608267
5.215e-007,0.00608953
5.2155e-007,0.00615976
5.216e-007,0.00620087
5.2165e-007,0.00625054
5.217e-007,0.0063379
5.2175e-007,0.0064167
5.218e-007,0.00655031
5.2185e-007,0.0067216
5.219e-007,0.00688262
5.2195e-007,0.00707276
5.22e-007,0.00724919
5.2205e-007,0.00744961
5.221e-007,0.00760548
5.2215e-007,0.00776993
5.222e-007,0.0078984
5.2225e-007,0.00796692
5.223e-007,0.00803886
5.2235e-007,0.00803543
5.224e-007,0.00800631
5.2245e-007,0.00797377
5.225e-007,0.0079378
5.2255e-007,0.00787784
5.226e-007,0.00785044
5.2265e-007,0.00785557
5.227e-007,0.0078984
5.2275e-007,0.00795835
5.228e-007,0.00811594
5.2285e-007,0.00829409
5.229e-007,0.00849793
5.2295e-007,0.00867779
5.23e-007,0.00887649
5.2305e-007,0.00903408
5.231e-007,0.00914885
5.2315e-007,0.00920366
5.232e-007,0.00916084
5.2325e-007,0.00905292
5.233e-007,0.00894672
5.2335e-007,0.00879941
5.234e-007,0.00865381
5.2345e-007,0.00854932
5.235e-007,0.00847909
5.2355e-007,0.00842427
5.236e-007,0.00847052
5.2365e-007,0.00856302
5.237e-007,0.00869663
5.2375e-007,0.00887135
5.238e-007,0.0090632
5.2385e-007,0.00922422
5.239e-007,0.009327
5.2395e-007,0.00937667
5.24e-007,0.00936639
5.2405e-007,0.00933899
5.241e-007,0.00922936
5.2415e-007,0.00911459
5.242e-007,0.0089964
5.2425e-007,0.00886621
5.243e-007,0.00874459
5.2435e-007,0.00866237
5.244e-007,0.00855788
5.2445e-007,0.00849964
5.245e-007,0.00846367
5.2455e-007,0.00843626
5.246e-007,0.00846367
5.2465e-007,0.00846024
5.247e-007,0.00847395
5.2475e-007,0.00847052
5.248e-007,0.00843284
5.2485e-007,0.00841913
5.249e-007,0.00835918
5.2495e-007,0.00829066
5.25e-007,0.00825983
5.2505e-007,0.00824613
5.251e-007,0.00820673
5.2515e-007,0.00820844
5.252e-007,0.00822043
5.2525e-007,0.00822386
5.253e-007,0.00824613
5.2535e-007,0.00828381
5.254e-007,0.00825812
5.2545e-007,0.00823927
5.255e-007,0.00817076
5.2555e-007,0.0080577
5.256e-007,0.00784872
5.2565e-007,0.00759178
5.257e-007,0.00728859
5.2575e-007,0.0070248
5.258e-007,0.00673359
5.2585e-007,0.00645781
5.259e-007,0.00625226
5.2595e-007,0.00611008
5.26e-007,0.00603471
5.2605e-007,0.00600217
5.261e-007,0.00604499
5.2615e-007,0.0061649
5.262e-007,0.00628823
5.2625e-007,0.006403
5.263e-007,0.00647665
5.2635e-007,0.00654517
5.264e-007,0.0065486
5.2645e-007,0.00648693
5.265e-007,0.00639614
5.2655e-007,0.00626767
5.266e-007,0.00612207
5.2665e-007,0.00596448
5.267e-007,0.00582402
5.2675e-007,0.00572467
5.268e-007,0.00564416
5.2685e-007,0.00557907
5.269e-007,0.00555851
5.2695e-007,0.00556194
5.27e-007,0.0055568
5.2705e-007,0.00553967
5.271e-007,0.00552425
5.2715e-007,0.00545745
5.272e-007,0.00538037
5.2725e-007,0.00528444
5.273e-007,0.00523648
5.2735e-007,0.00515768
5.274e-007,0.00508917
5.2745e-007,0.00506518
5.275e-007,0.00504634
5.2755e-007,0.00505491
5.276e-007,0.00509602
5.2765e-007,0.00514569
5.277e-007,0.00519194
5.2775e-007,0.00525018
5.278e-007,0.00532041
5.2785e-007,0.00534611
5.279e-007,0.00537523
5.2795e-007,0.00537351
5.28e-007,0.00539921
5.2805e-007,0.00535638
5.281e-007,0.00536324
5.2815e-007,0.00535467
5.282e-007,0.00540435
5.2825e-007,0.00544032
5.283e-007,0.0055174
5.2835e-007,0.00562018
5.284e-007,0.0057024
5.2845e-007,0.00581717
5.285e-007,0.00588397
5.2855e-007,0.00593194
5.286e-007,0.00594221
5.2865e-007,0.0059936
5.287e-007,0.00597476
5.2875e-007,0.00596106
5.288e-007,0.00590967
5.2885e-007,0.00589768
5.289e-007,0.00588569
5.2895e-007,0.0059268
5.29e-007,0.00596619
5.2905e-007,0.00606212
5.291e-007,0.00617003
5.2915e-007,0.00627966
5.292e-007,0.00640128
5.2925e-007,0.00652633
5.293e-007,0.00661369
5.2935e-007,0.0067216
5.294e-007,0.0067867
5.2945e-007,0.00685007
5.295e-007,0.00688947
5.2955e-007,0.00688947
5.296e-007,0.00690489
5.2965e-007,0.00689975
5.297e-007,0.00688262
5.2975e-007,0.00690489
5.298e-007,0.00696827
5.2985e-007,0.00702822
5.299e-007,0.00712757
5.2995e-007,0.00725776
5.3e-007,0.00739308
5.3005e-007,0.00754553
5.301e-007,0.00770655
5.3015e-007,0.00784016
5.302e-007,0.00795664
5.3025e-007,0.00810053
5.303e-007,0.00819474
5.3035e-007,0.00826839
5.304e-007,0.00831636
5.3045e-007,0.00835062
5.305e-007,0.0083746
5.3055e-007,0.00840714
5.306e-007,0.00842941
5.3065e-007,0.00846881
5.307e-007,0.00855788
5.3075e-007,0.00862811
5.308e-007,0.0087052
5.3085e-007,0.00879598
5.309e-007,0.00886279
5.3095e-007,0.00889362
5.31e-007,0.00897755
5.3105e-007,0.00901353
5.311e-007,0.00903922
5.3115e-007,0.00903922
5.312e-007,0.00905806
5.3125e-007,0.00903408
5.313e-007,0.00902552
5.3135e-007,0.00897413
5.314e-007,0.0089433
5.3145e-007,0.00889362
5.315e-007,0.00885594
5.3155e-007,0.00879427
5.316e-007,0.00872404
5.3165e-007,0.00867436
5.317e-007,0.00856987
5.3175e-007,0.00851506
5.318e-007,0.00845511
5.3185e-007,0.00840372
5.319e-007,0.00840714
5.3195e-007,0.00843798
5.32e-007,0.00844312
5.3205e-007,0.00850821
5.321e-007,0.00852876
5.3215e-007,0.00857672
5.322e-007,0.00861784
5.3225e-007,0.0086264
5.323e-007,0.00862297
5.3235e-007,0.00858358
5.324e-007,0.00850478
5.3245e-007,0.00841228
5.325e-007,0.00829923
5.3255e-007,0.00818103
5.326e-007,0.00801145
5.3265e-007,0.00786071
5.327e-007,0.00773396
5.3275e-007,0.00764488
5.328e-007,0.00756266
5.3285e-007,0.00749928
5.329e-007,0.00746331
5.3295e-007,0.00746331
5.33e-007,0.0074753
5.3305e-007,0.0075284
5.331e-007,0.00754724
5.3315e-007,0.00760891
5.332e-007,0.00759349
5.3325e-007,0.00758322
5.333e-007,0.00751984
5.3335e-007,0.00746502
5.334e-007,0.00735539
5.3345e-007,0.00720465
5.335e-007,0.00709845
5.3355e-007,0.00700767
5.336e-007,0.00690146
5.3365e-007,0.00684494
5.337e-007,0.0068004
5.3375e-007,0.00679526
5.338e-007,0.00675586
5.3385e-007,0.006761
5.339e-007,0.00676614
5.3395e-007,0.00675244
5.34e-007,0.00670276
5.3405e-007,0.00667707
5.341e-007,0.00661026
5.3415e-007,0.00650235
5.342e-007,0.00640985
5.3425e-007,0.00633962
5.343e-007,0.00624027
5.3435e-007,0.00613064
5.344e-007,0.006033
5.3445e-007,0.00596962
5.345e-007,0.00589425
5.3455e-007,0.00584286
5.346e-007,0.00577948
5.3465e-007,0.00573837
5.347e-007,0.00568356
5.3475e-007,0.00561504
5.348e-007,0.00553796
5.3485e-007,0.00550712
5.349e-007,0.00546944
5.3495e-007,0.00543861
5.35e-007,0.00540777
5.3505e-007,0.0054112
5.351e-007,0.00534439
5.3515e-007,0.0053187
5.352e-007,0.00528444
5.3525e-007,0.00524162
5.353e-007,0.00524162
5.3535e-007,0.00523477
5.354e-007,0.0052125
5.3545e-007,0.00521764
5.355e-007,0.00523305
5.3555e-007,0.00527245
5.356e-007,0.00536495
5.3565e-007,0.00548486
5.357e-007,0.00564073
5.3575e-007,0.00582231
5.358e-007,0.00600902
5.3585e-007,0.00620601
5.359e-007,0.00632763
5.3595e-007,0.00642012
5.36e-007,0.00643897
5.3605e-007,0.00644239
5.361e-007,0.00637045
5.3615e-007,0.0062711
5.362e-007,0.00611693
5.3625e-007,0.00593365
5.363e-007,0.00577434
5.3635e-007,0.00561333
5.364e-007,0.00549856
5.3645e-007,0.00540777
5.365e-007,0.00539064
5.3655e-007,0.0054506
5.366e-007,0.00556708
5.3665e-007,0.00570069
5.367e-007,0.00591652
5.3675e-007,0.00616318
5.368e-007,0.00638758
5.3685e-007,0.00660512
5.369e-007,0.00682095
5.3695e-007,0.00701109
5.37e-007,0.00716526
5.3705e-007,0.0072903
5.371e-007,0.00733826
5.3715e-007,0.00737766
5.372e-007,0.00740164
5.3725e-007,0.00737766
5.373e-007,0.00733484
5.3735e-007,0.00731942
5.374e-007,0.00731428
5.3745e-007,0.00733141
5.375e-007,0.00735882
5.3755e-007,0.0073965
5.376e-007,0.00746674
5.3765e-007,0.00754896
5.377e-007,0.00764317
5.3775e-007,0.00776308
5.378e-007,0.00785386
5.3785e-007,0.00793094
5.379e-007,0.00798918
5.3795e-007,0.00803029
5.38e-007,0.00809367
5.3805e-007,0.00810053
5.381e-007,0.00810566
5.3815e-007,0.00814506
5.382e-007,0.00815534
5.3825e-007,0.0081639
5.383e-007,0.00817247
5.3835e-007,0.00819816
5.384e-007,0.0082427
5.3845e-007,0.00824784
5.385e-007,0.00827525
5.3855e-007,0.00825812
5.386e-007,0.0082427
5.3865e-007,0.0082033
5.387e-007,0.00812793
5.3875e-007,0.00804742
5.388e-007,0.00799775
5.3885e-007,0.0079515
5.389e-007,0.00789326
5.3895e-007,0.0078727
5.39e-007,0.00786585
5.3905e-007,0.00793437
5.391e-007,0.00800117
5.3915e-007,0.00809025
5.392e-007,0.00818617
5.3925e-007,0.00828039
5.393e-007,0.00839001
5.3935e-007,0.00849622
5.394e-007,0.00856645
5.3945e-007,0.00860413
5.395e-007,0.00859557
5.3955e-007,0.00861098
5.396e-007,0.00859385
5.3965e-007,0.00860413
5.397e-007,0.00859557
5.3975e-007,0.0085339
5.398e-007,0.00850821
5.3985e-007,0.00845511
5.399e-007,0.00841742
5.3995e-007,0.00840372
5.4e-007,0.00838145
5.4005e-007,0.00838487
5.401e-007,0.0083883
5.4015e-007,0.00836261
5.402e-007,0.00835062
5.4025e-007,0.00831636
5.403e-007,0.00825469
5.4035e-007,0.00820844
5.404e-007,0.00812451
5.4045e-007,0.00804057
5.405e-007,0.00791039
5.4055e-007,0.00780247
5.406e-007,0.00767914
5.4065e-007,0.00752498
5.407e-007,0.00744961
5.4075e-007,0.00732627
5.408e-007,0.00726632
5.4085e-007,0.00717382
5.409e-007,0.00716868
5.4095e-007,0.00714128
5.41e-007,0.0071053
5.4105e-007,0.00706591
5.411e-007,0.00706077
5.4115e-007,0.00700081
5.412e-007,0.00692031
5.4125e-007,0.00685693
5.413e-007,0.00677642
5.4135e-007,0.00671989
5.414e-007,0.00661711
5.4145e-007,0.00653318
5.415e-007,0.00645781
5.4155e-007,0.00639614
5.416e-007,0.00631221
5.4165e-007,0.00622827
5.417e-007,0.00617346
5.4175e-007,0.00611865
5.418e-007,0.00608267
5.4185e-007,0.00602272
5.419e-007,0.00600045
5.4195e-007,0.0059405
5.42e-007,0.00589425
5.4205e-007,0.00580175
5.421e-007,0.00573666
5.4215e-007,0.00568184
5.422e-007,0.00567328
5.4225e-007,0.00562874
5.423e-007,0.00560819
5.4235e-007,0.00562189
5.424e-007,0.00561504
5.4245e-007,0.00563217
5.425e-007,0.00566129
5.4255e-007,0.00570925
5.426e-007,0.00574351
5.4265e-007,0.00581888
5.427e-007,0.00587541
5.4275e-007,0.00591138
5.428e-007,0.00596277
5.4285e-007,0.0059542
5.429e-007,0.00593022
5.4295e-007,0.00591138
5.43e-007,0.00585657
5.4305e-007,0.00579661
5.431e-007,0.00574351
5.4315e-007,0.0056493
5.432e-007,0.00560648
5.4325e-007,0.0055174
5.433e-007,0.00545745
5.4335e-007,0.00541805
5.434e-007,0.00540777
5.4345e-007,0.00539236
5.435e-007,0.00541634
5.4355e-007,0.0055037
5.436e-007,0.00560305
5.4365e-007,0.0057024
5.437e-007,0.00580518
5.4375e-007,0.00598675
5.438e-007,0.00613749
5.4385e-007,0.00628309
5.439e-007,0.00641156
5.4395e-007,0.00654346
5.44e-007,0.00664452
5.4405e-007,0.00675072
5.441e-007,0.00679526
5.4415e-007,0.00682267
5.442e-007,0.0068141
5.4425e-007,0.00682609
5.443e-007,0.00682781
5.4435e-007,0.00676957
5.444e-007,0.00675072
5.4445e-007,0.00674216
5.445e-007,0.00673531
5.4455e-007,0.00673188
5.446e-007,0.00675072
5.4465e-007,0.0068141
5.447e-007,0.00688262
5.4475e-007,0.00696827
5.448e-007,0.00704706
5.4485e-007,0.007131
5.449e-007,0.00724577
5.4495e-007,0.00737252
5.45e-007,0.00749414
5.4505e-007,0.00759692
5.451e-007,0.00766715
5.4515e-007,0.00776479
5.452e-007,0.00784358
5.4525e-007,0.00790868
5.453e-007,0.00798576
5.4535e-007,0.00804742
5.454e-007,0.00810395
5.4545e-007,0.00817076
5.455e-007,0.00819988
5.4555e-007,0.00822043
5.456e-007,0.00823071
5.4565e-007,0.00823585
5.457e-007,0.00824955
5.4575e-007,0.00823414
5.458e-007,0.00823585
5.4585e-007,0.00824099
5.459e-007,0.00826839
5.4595e-007,0.00829238
5.46e-007,0.00830437
5.4605e-007,0.00835233
5.461e-007,0.00842599
5.4615e-007,0.00845853
5.462e-007,0.00851335
5.4625e-007,0.00855788
5.463e-007,0.00859728
5.4635e-007,0.00860585
5.464e-007,0.00860927
5.4645e-007,0.00857672
5.465e-007,0.00854589
5.4655e-007,0.00851677
5.466e-007,0.00849108
5.4665e-007,0.00846881
5.467e-007,0.00843112
5.4675e-007,0.00844997
5.468e-007,0.00846367
5.4685e-007,0.00850478
5.469e-007,0.00853733
5.4695e-007,0.00861784
5.47e-007,0.00864353
5.4705e-007,0.0086795
5.471e-007,0.00870006
5.4715e-007,0.0087189
5.472e-007,0.0087189
5.4725e-007,0.00866922
5.473e-007,0.0086264
5.4735e-007,0.0085596
5.474e-007,0.0084945
5.4745e-007,0.00837974
5.475e-007,0.00827696
5.4755e-007,0.00820502
5.476e-007,0.00814678
5.4765e-007,0.00810395
5.477e-007,0.00805428
5.4775e-007,0.00799946
5.478e-007,0.00792923
5.4785e-007,0.00786756
5.479e-007,0.0078059
5.4795e-007,0.00775451
5.48e-007,0.00772025
5.4805e-007,0.00771169
5.481e-007,0.00766201
5.4815e-007,0.00767571
5.482e-007,0.00768771
5.4825e-007,0.00770997
5.483e-007,0.00774423
5.4835e-007,0.00776136
5.484e-007,0.00776821
5.4845e-007,0.00780076
5.485e-007,0.00779905
5.4855e-007,0.00780247
5.486e-007,0.00776136
5.4865e-007,0.00766544
5.487e-007,0.00758493
5.4875e-007,0.00744104
5.488e-007,0.00725776
5.4885e-007,0.00711901
5.489e-007,0.00696142
5.4895e-007,0.0067867
5.49e-007,0.00665137
5.4905e-007,0.0065092
5.491e-007,0.00643212
5.4915e-007,0.00633962
5.492e-007,0.00630364
5.4925e-007,0.0062848
5.493e-007,0.00627624
5.4935e-007,0.00625568
5.494e-007,0.00625568
5.4945e-007,0.00625568
5.495e-007,0.00626767
5.4955e-007,0.00624712
5.496e-007,0.00621457
5.4965e-007,0.00619573
5.497e-007,0.00611693
5.4975e-007,0.00604499
5.498e-007,0.00597818
5.4985e-007,0.00591994
5.499e-007,0.00585314
5.4995e-007,0.00579833
5.5e-007,0.00573837
5.5005e-007,0.00568698
5.501e-007,0.00566643
5.5015e-007,0.00562703
5.502e-007,0.00563217
5.5025e-007,0.00565272
5.503e-007,0.00570754
5.5035e-007,0.00579319
5.504e-007,0.00584971
5.5045e-007,0.00594564
5.505e-007,0.006033
5.5055e-007,0.00605184
5.506e-007,0.00605355
5.5065e-007,0.00610323
5.507e-007,0.00607754
5.5075e-007,0.00600559
5.508e-007,0.00592851
5.5085e-007,0.00584629
5.509e-007,0.00576749
5.5095e-007,0.00565958
5.51e-007,0.00558421
5.5105e-007,0.00553967
5.511e-007,0.00551398
5.5115e-007,0.00558935
5.512e-007,0.00567328
5.5125e-007,0.00576235
5.513e-007,0.00591138
5.5135e-007,0.00605869
5.514e-007,0.00618374
5.5145e-007,0.00632077
5.515e-007,0.0064167
5.5155e-007,0.00652119
5.516e-007,0.00655202
5.5165e-007,0.00656744
5.517e-007,0.00654517
5.5175e-007,0.00654003
5.518e-007,0.00652461
5.5185e-007,0.00646124
5.519e-007,0.00647665
5.5195e-007,0.00648179
5.52e-007,0.00652804
5.5205e-007,0.00658971
5.521e-007,0.00669762
5.5215e-007,0.0068004
5.522e-007,0.0069323
5.5225e-007,0.00700767
5.523e-007,0.0070916
5.5235e-007,0.00717211
5.524e-007,0.00723206
5.5245e-007,0.0072766
5.525e-007,0.00730914
5.5255e-007,0.00733484
5.526e-007,0.00732627
5.5265e-007,0.00731942
5.527e-007,0.00732456
5.5275e-007,0.00733313
5.528e-007,0.00732456
5.5285e-007,0.00738794
5.529e-007,0.0074753
5.5295e-007,0.00756266
5.53e-007,0.00764831
5.5305e-007,0.00777335
5.531e-007,0.0078984
5.5315e-007,0.00799604
5.532e-007,0.0080971
5.5325e-007,0.00816904
5.533e-007,0.00822728
5.5335e-007,0.00825983
5.534e-007,0.00827867
5.5345e-007,0.00831464
5.535e-007,0.00833006
5.5355e-007,0.00833177
5.536e-007,0.00833863
5.5365e-007,0.00833691
5.537e-007,0.00835747
5.5375e-007,0.00837974
5.538e-007,0.00843969
5.5385e-007,0.00849793
5.539e-007,0.00854589
5.5395e-007,0.00859728
5.54e-007,0.00863325
5.5405e-007,0.00863154
5.541e-007,0.00861098
5.5415e-007,0.00858872
5.542e-007,0.0085202
5.5425e-007,0.00845168
5.543e-007,0.00838145
5.5435e-007,0.00830437
5.544e-007,0.00827525
5.5445e-007,0.00822386
5.545e-007,0.00821187
5.5455e-007,0.00822386
5.546e-007,0.00824099
5.5465e-007,0.00828381
5.547e-007,0.0083215
5.5475e-007,0.00835918
5.548e-007,0.00839001
5.5485e-007,0.00845511
5.549e-007,0.00845511
5.5495e-007,0.00845853
5.55e-007,0.00842256
5.5505e-007,0.00839344
5.551e-007,0.00833691
5.5515e-007,0.00827353
5.552e-007,0.00825127
5.5525e-007,0.0082427
5.553e-007,0.00822557
5.5535e-007,0.0082427
5.554e-007,0.00826154
5.5545e-007,0.00828552
5.555e-007,0.00830951
5.5555e-007,0.00828552
5.556e-007,0.00826668
5.5565e-007,0.00822214
5.557e-007,0.00811423
5.5575e-007,0.00801488
5.558e-007,0.00789497
5.5585e-007,0.00779733
5.559e-007,0.00769284
5.5595e-007,0.00759349
5.56e-007,0.00748215
5.5605e-007,0.00737766
5.561e-007,0.00731086
5.5615e-007,0.00727489
5.562e-007,0.00725433
5.5625e-007,0.00725947
5.563e-007,0.00725604
5.5635e-007,0.00724234
5.564e-007,0.00725776
5.5645e-007,0.00724405
5.565e-007,0.00720123
5.5655e-007,0.0071584
5.566e-007,0.00712415
5.5665e-007,0.0070779
5.567e-007,0.00701452
5.5675e-007,0.00694771
5.568e-007,0.00686378
5.5685e-007,0.00677299
5.569e-007,0.00667022
5.5695e-007,0.00657772
5.57e-007,0.00647323
5.5705e-007,0.00634818
5.571e-007,0.00623855
5.5715e-007,0.00611693
5.572e-007,0.0059936
5.5725e-007,0.00585657
5.573e-007,0.0057555
5.5735e-007,0.00568356
5.574e-007,0.00562703
5.5745e-007,0.00559106
5.575e-007,0.00557736
5.5755e-007,0.00558592
5.576e-007,0.00561333
5.5765e-007,0.00568356
5.577e-007,0.00573152
5.5775e-007,0.00573666
5.578e-007,0.00576921
5.5785e-007,0.00575379
5.579e-007,0.00572296
5.5795e-007,0.00564073
5.58e-007,0.00555851
5.5805e-007,0.00545231
5.581e-007,0.00537694
5.5815e-007,0.00530671
5.582e-007,0.00524333
5.5825e-007,0.00523648
5.583e-007,0.00524676
5.5835e-007,0.00530157
5.584e-007,0.00538208
5.5845e-007,0.00548314
5.585e-007,0.00560134
5.5855e-007,0.00571953
5.586e-007,0.00584629
5.5865e-007,0.00594735
5.587e-007,0.00606554
5.5875e-007,0.00611693
5.588e-007,0.00616147
5.5885e-007,0.00620429
5.589e-007,0.00624369
5.5895e-007,0.00625568
5.59e-007,0.00628652
5.5905e-007,0.00632763
5.591e-007,0.00631906
5.5915e-007,0.00632934
5.592e-007,0.00633619
5.5925e-007,0.00634647
5.593e-007,0.0063379
5.5935e-007,0.0063242
5.594e-007,0.00633619
5.5945e-007,0.00632591
5.595e-007,0.00634647
5.5955e-007,0.00639272
5.596e-007,0.00643897
5.5965e-007,0.00650235
5.597e-007,0.0065623
5.5975e-007,0.00662397
5.598e-007,0.00670961
5.5985e-007,0.00679012
5.599e-007,0.00687748
5.5995e-007,0.00691688
5.6e-007,0.00694943
5.6005e-007,0.00697341
5.601e-007,0.00696998
5.6015e-007,0.00695456
5.602e-007,0.00692887
5.6025e-007,0.00693401
5.603e-007,0.00696484
5.6035e-007,0.00702822
5.604e-007,0.00710016
5.6045e-007,0.00718753
5.605e-007,0.00729887
5.6055e-007,0.00739822
5.606e-007,0.00751641
5.6065e-007,0.00759863
5.607e-007,0.00770312
5.6075e-007,0.00776993
5.608e-007,0.00784187
5.6085e-007,0.00788641
5.609e-007,0.00788812
5.6095e-007,0.0079121
5.61e-007,0.00791895
5.6105e-007,0.00796006
5.611e-007,0.00797548
5.6115e-007,0.0080046
5.612e-007,0.0080046
5.6125e-007,0.00802002
5.613e-007,0.00803029
5.6135e-007,0.00806798
5.614e-007,0.00807141
5.6145e-007,0.00805428
5.615e-007,0.00804914
5.6155e-007,0.00805256
5.616e-007,0.008044
5.6165e-007,0.0080183
5.617e-007,0.00799775
5.6175e-007,0.00804057
5.618e-007,0.00807826
5.6185e-007,0.00810738
5.619e-007,0.0081759
5.6195e-007,0.00827182
5.62e-007,0.00837802
5.6205e-007,0.00845339
5.621e-007,0.00853219
5.6215e-007,0.00863668
5.622e-007,0.0087052
5.6225e-007,0.00877029
5.623e-007,0.0087977
5.6235e-007,0.00880283
5.624e-007,0.00879427
5.6245e-007,0.00872061
5.625e-007,0.00859385
5.6255e-007,0.00845853
5.626e-007,0.00830779
5.6265e-007,0.00812793
5.627e-007,0.00797891
5.6275e-007,0.00784016
5.628e-007,0.00770312
5.6285e-007,0.00761405
5.629e-007,0.00757123
5.6295e-007,0.00758664
5.63e-007,0.00758835
5.6305e-007,0.00763289
5.631e-007,0.00771169
5.6315e-007,0.00779048
5.632e-007,0.00789155
5.6325e-007,0.0079378
5.633e-007,0.00799432
5.6335e-007,0.00801659
5.634e-007,0.00800631
5.6345e-007,0.00795664
5.635e-007,0.00789326
5.6355e-007,0.0078196
5.636e-007,0.00771169
5.6365e-007,0.00755923
5.637e-007,0.00739308
5.6375e-007,0.00724748
5.638e-007,0.00708475
5.6385e-007,0.00694257
5.639e-007,0.00680382
5.6395e-007,0.00670619
5.64e-007,0.00663082
5.6405e-007,0.0065623
5.641e-007,0.00652119
5.6415e-007,0.00649549
5.642e-007,0.00649892
5.6425e-007,0.00650749
5.643e-007,0.00652461
5.6435e-007,0.00650063
5.644e-007,0.00646466
5.6445e-007,0.00643383
5.645e-007,0.00636017
5.6455e-007,0.00627624
5.646e-007,0.00613235
5.6465e-007,0.00603129
5.647e-007,0.00591823
5.6475e-007,0.00582916
5.648e-007,0.00577434
5.6485e-007,0.00576749
5.649e-007,0.00576064
5.6495e-007,0.00578976
5.65e-007,0.00581888
5.6505e-007,0.00582573
5.651e-007,0.00587198
5.6515e-007,0.00585999
5.652e-007,0.00585828
5.6525e-007,0.00581203
5.653e-007,0.00575721
5.6535e-007,0.00570069
5.654e-007,0.00563902
5.6545e-007,0.00555166
5.655e-007,0.00552768
5.6555e-007,0.00548143
5.656e-007,0.00548314
5.6565e-007,0.00549856
5.657e-007,0.00560134
5.6575e-007,0.00567671
5.658e-007,0.00575036
5.6585e-007,0.00583772
5.659e-007,0.00593707
5.6595e-007,0.00601073
5.66e-007,0.00603814
5.6605e-007,0.00608439
5.661e-007,0.0060998
5.6615e-007,0.00612379
5.662e-007,0.00611693
5.6625e-007,0.00611693
5.663e-007,0.00613235
5.6635e-007,0.00610494
5.664e-007,0.0060998
5.6645e-007,0.00608096
5.665e-007,0.0060467
5.6655e-007,0.00603129
5.666e-007,0.00604499
5.6665e-007,0.00601758
5.667e-007,0.00600388
5.6675e-007,0.00599874
5.668e-007,0.0059936
5.6685e-007,0.00597133
5.669e-007,0.0059405
5.6695e-007,0.00592166
5.67e-007,0.0059011
5.6705e-007,0.00591309
5.671e-007,0.00594393
5.6715e-007,0.00601244
5.672e-007,0.00607411
5.6725e-007,0.00613235
5.673e-007,0.00620429
5.6735e-007,0.00626939
5.674e-007,0.00635846
5.6745e-007,0.00642355
5.675e-007,0.00651948
5.6755e-007,0.00658114
5.676e-007,0.0066685
5.6765e-007,0.00677813
5.677e-007,0.00684151
5.6775e-007,0.00694429
5.678e-007,0.00706591
5.6785e-007,0.00717896
5.679e-007,0.00731942
5.6795e-007,0.00742049
5.68e-007,0.00753697
5.6805e-007,0.00768085
5.681e-007,0.0077922
5.6815e-007,0.00786243
5.682e-007,0.00789155
5.6825e-007,0.00790696
5.683e-007,0.00786928
5.6835e-007,0.00781104
5.684e-007,0.00775451
5.6845e-007,0.00763803
5.685e-007,0.0075678
5.6855e-007,0.00745988
5.686e-007,0.0074085
5.6865e-007,0.00738109
5.687e-007,0.00739308
5.6875e-007,0.00741877
5.688e-007,0.00748044
5.6885e-007,0.0075678
5.689e-007,0.00767058
5.6895e-007,0.00778706
5.69e-007,0.00788641
5.6905e-007,0.00795835
5.691e-007,0.00801488
5.6915e-007,0.00807312
5.692e-007,0.00808168
5.6925e-007,0.00807826
5.693e-007,0.00807997
5.6935e-007,0.00804742
5.694e-007,0.00797891
5.6945e-007,0.00797205
5.695e-007,0.0079378
5.6955e-007,0.00794807
5.696e-007,0.00799261
5.6965e-007,0.0080577
5.697e-007,0.0081365
5.6975e-007,0.00823071
5.698e-007,0.0083489
5.6985e-007,0.00844654
5.699e-007,0.00850992
5.6995e-007,0.00856131
5.7e-007,0.00858015
5.7005e-007,0.00853733
5.701e-007,0.00848936
5.7015e-007,0.00839173
5.702e-007,0.00826326
5.7025e-007,0.00813478
5.703e-007,0.00798405
5.7035e-007,0.00787956
5.704e-007,0.00781446
5.7045e-007,0.00779562
5.705e-007,0.0077922
5.7055e-007,0.00784187
5.706e-007,0.0079121
5.7065e-007,0.00799604
5.707e-007,0.00806969
5.7075e-007,0.00812793
5.708e-007,0.00819302
5.7085e-007,0.00819474
5.709e-007,0.00815363
5.7095e-007,0.00809025
5.71e-007,0.00800117
5.7105e-007,0.00788298
5.711e-007,0.00773567
5.7115e-007,0.00757808
5.712e-007,0.00747701
5.7125e-007,0.00740678
5.713e-007,0.00734512
5.7135e-007,0.00726803
5.714e-007,0.00726289
5.7145e-007,0.00724405
5.715e-007,0.00723206
5.7155e-007,0.00721151
5.716e-007,0.0071978
5.7165e-007,0.00718581
5.717e-007,0.00714128
5.7175e-007,0.00706419
5.718e-007,0.00701452
5.7185e-007,0.00692031
5.719e-007,0.00679869
5.7195e-007,0.00669591
5.72e-007,0.00658971
5.7205e-007,0.00647837
5.721e-007,0.00637559
5.7215e-007,0.00633619
5.722e-007,0.00628823
5.7225e-007,0.0062317
5.723e-007,0.00615976
5.7235e-007,0.00614948
5.724e-007,0.00613749
5.7245e-007,0.00611693
5.725e-007,0.00613064
5.7255e-007,0.00613235
5.726e-007,0.00612721
5.7265e-007,0.00613406
5.727e-007,0.00612379
5.7275e-007,0.0061255
5.728e-007,0.00608781
5.7285e-007,0.00605869
5.729e-007,0.00600388
5.7295e-007,0.00597305
5.73e-007,0.0059405
5.7305e-007,0.00589254
5.731e-007,0.00586513
5.7315e-007,0.00588397
5.732e-007,0.00588055
5.7325e-007,0.00590453
5.733e-007,0.00592508
5.7335e-007,0.00597305
5.734e-007,0.00603814
5.7345e-007,0.00609124
5.735e-007,0.00616318
5.7355e-007,0.00620429
5.736e-007,0.00622142
5.7365e-007,0.0062317
5.737e-007,0.00618888
5.7375e-007,0.00612379
5.738e-007,0.00602272
5.7385e-007,0.00592166
5.739e-007,0.00582231
5.7395e-007,0.00575036
5.74e-007,0.00562018
5.7405e-007,0.00555509
5.741e-007,0.00550199
5.7415e-007,0.00544203
5.742e-007,0.00548143
5.7425e-007,0.00551911
5.743e-007,0.00556708
5.7435e-007,0.00568184
5.744e-007,0.00577948
5.7445e-007,0.00592166
5.745e-007,0.00605355
5.7455e-007,0.00622999
5.746e-007,0.00632077
5.7465e-007,0.00644582
5.747e-007,0.00651948
5.7475e-007,0.00657086
5.748e-007,0.00658799
5.7485e-007,0.00658114
5.749e-007,0.00656059
5.7495e-007,0.00653832
5.75e-007,0.00649721
5.7505e-007,0.00649207
5.751e-007,0.00645781
5.7515e-007,0.00644411
5.752e-007,0.00644411
5.7525e-007,0.00646295
5.753e-007,0.00653318
5.7535e-007,0.0066017
5.754e-007,0.00664966
5.7545e-007,0.00671133
5.755e-007,0.00675586
5.7555e-007,0.0068141
5.756e-007,0.00682609
5.7565e-007,0.00686035
5.757e-007,0.00687063
5.7575e-007,0.0069066
5.758e-007,0.00691688
5.7585e-007,0.00696484
5.759e-007,0.00701109
5.7595e-007,0.00707961
5.76e-007,0.00713442
5.7605e-007,0.00719438
5.761e-007,0.00728688
5.7615e-007,0.00737252
5.762e-007,0.00741363
5.7625e-007,0.00752498
5.763e-007,0.00758664
5.7635e-007,0.00763118
5.764e-007,0.0076603
5.7645e-007,0.00763289
5.765e-007,0.00761576
5.7655e-007,0.00760548
5.766e-007,0.00755752
5.7665e-007,0.0074753
5.767e-007,0.00744275
5.7675e-007,0.00740164
5.768e-007,0.0073828
5.7685e-007,0.00738623
5.769e-007,0.00737252
5.7695e-007,0.00739993
5.77e-007,0.00744104
5.7705e-007,0.00749928
5.771e-007,0.00762775
5.7715e-007,0.00772368
5.772e-007,0.00777164
5.7725e-007,0.00785729
5.773e-007,0.00791724
5.7735e-007,0.0079515
5.774e-007,0.00794293
5.7745e-007,0.00797034
5.775e-007,0.00797891
5.7755e-007,0.00797891
5.776e-007,0.00798062
5.7765e-007,0.0079909
5.777e-007,0.00801317
5.7775e-007,0.00804571
5.778e-007,0.00804057
5.7785e-007,0.00806798
5.779e-007,0.00804742
5.7795e-007,0.00801317
5.78e-007,0.00798233
5.7805e-007,0.00793266
5.781e-007,0.00782474
5.7815e-007,0.00770484
5.782e-007,0.00757636
5.7825e-007,0.0074085
5.783e-007,0.00726118
5.7835e-007,0.00709674
5.784e-007,0.00695456
5.7845e-007,0.00682438
5.785e-007,0.00673188
5.7855e-007,0.0067473
5.786e-007,0.00675244
5.7865e-007,0.0067867
5.787e-007,0.00686892
5.7875e-007,0.0069597
5.788e-007,0.00703679
5.7885e-007,0.00713271
5.789e-007,0.00717211
5.7895e-007,0.00722521
5.79e-007,0.00725947
5.7905e-007,0.00725604
5.791e-007,0.00724748
5.7915e-007,0.00722178
5.792e-007,0.00718067
5.7925e-007,0.00711558
5.793e-007,0.00705563
5.7935e-007,0.00699396
5.794e-007,0.00694429
5.7945e-007,0.00690489
5.795e-007,0.00687234
5.7955e-007,0.00684151
5.796e-007,0.00675586
5.7965e-007,0.00671304
5.797e-007,0.00664966
5.7975e-007,0.00655031
5.798e-007,0.0064561
5.7985e-007,0.00636017
5.799e-007,0.00625568
5.7995e-007,0.00618031
5.8e-007,0.00606897
5.8005e-007,0.00600217
5.801e-007,0.00591481
5.8015e-007,0.00585485
5.802e-007,0.00577263
5.8025e-007,0.00571953
5.803e-007,0.00567842
5.8035e-007,0.00564416
5.804e-007,0.00561333
5.8045e-007,0.00562532
5.805e-007,0.00562532
5.8055e-007,0.00563388
5.806e-007,0.00567499
5.8065e-007,0.00571782
5.807e-007,0.0057812
5.8075e-007,0.00584286
5.808e-007,0.00589082
5.8085e-007,0.00594564
5.809e-007,0.00597476
5.8095e-007,0.00599018
5.81e-007,0.00598161
5.8105e-007,0.00593365
5.811e-007,0.00587883
5.8115e-007,0.0058343
5.812e-007,0.00575721
5.8125e-007,0.00569555
5.813e-007,0.00565786
5.8135e-007,0.00565101
5.814e-007,0.00567671
5.8145e-007,0.00575721
5.815e-007,0.00582402
5.8155e-007,0.00590453
5.816e-007,0.00597647
5.8165e-007,0.00603642
5.817e-007,0.00609466
5.8175e-007,0.00614948
5.818e-007,0.00615633
5.8185e-007,0.00610837
5.819e-007,0.00606041
5.8195e-007,0.00599189
5.82e-007,0.00592337
5.8205e-007,0.00590281
5.821e-007,0.00589768
5.8215e-007,0.00587369
5.822e-007,0.00591309
5.8225e-007,0.00599703
5.823e-007,0.00610152
5.8235e-007,0.00622999
5.824e-007,0.00636874
5.8245e-007,0.00645096
5.825e-007,0.00654346
5.8255e-007,0.00658799
5.826e-007,0.00665651
5.8265e-007,0.00666508
5.827e-007,0.00667193
5.8275e-007,0.00665651
5.828e-007,0.00663082
5.8285e-007,0.00661026
5.829e-007,0.0066017
5.8295e-007,0.00660855
5.83e-007,0.00660512
5.8305e-007,0.00663082
5.831e-007,0.00668906
5.8315e-007,0.00670105
5.832e-007,0.00674216
5.8325e-007,0.00682095
5.833e-007,0.00687748
5.8335e-007,0.00691859
5.834e-007,0.00697512
5.8345e-007,0.00705049
5.835e-007,0.007131
5.8355e-007,0.00724919
5.836e-007,0.0073691
5.8365e-007,0.00745988
5.837e-007,0.00755752
5.8375e-007,0.00765687
5.838e-007,0.0077134
5.8385e-007,0.00778706
5.839e-007,0.00781618
5.8395e-007,0.007859
5.84e-007,0.00787442
5.8405e-007,0.0078984
5.841e-007,0.00788983
5.8415e-007,0.00790011
5.842e-007,0.00793266
5.8425e-007,0.00797034
5.843e-007,0.00805599
5.8435e-007,0.00812279
5.844e-007,0.00821701
5.8445e-007,0.00826154
5.845e-007,0.00826839
5.8455e-007,0.00829238
5.846e-007,0.00825469
5.8465e-007,0.00817418
5.847e-007,0.00810909
5.8475e-007,0.00803715
5.848e-007,0.00792581
5.8485e-007,0.00785215
5.849e-007,0.00779905
5.8495e-007,0.00775622
5.85e-007,0.00772882
5.8505e-007,0.00770312
5.851e-007,0.0076997
5.8515e-007,0.00770484
5.852e-007,0.00770655
5.8525e-007,0.00766544
5.853e-007,0.0076603
5.8535e-007,0.00761234
5.854e-007,0.00754039
5.8545e-007,0.00746674
5.855e-007,0.00740678
5.8555e-007,0.00731771
5.856e-007,0.00726289
5.8565e-007,0.00723035
5.857e-007,0.00719438
5.8575e-007,0.00722864
5.858e-007,0.0072235
5.8585e-007,0.00724748
5.859e-007,0.00726975
5.8595e-007,0.00726289
5.86e-007,0.00726118
5.8605e-007,0.0072372
5.861e-007,0.0071841
5.8615e-007,0.00717896
5.862e-007,0.00715327
5.8625e-007,0.00710188
5.863e-007,0.00706762
5.8635e-007,0.00706248
5.864e-007,0.00707104
5.8645e-007,0.00706762
5.865e-007,0.00708817
5.8655e-007,0.00712072
5.866e-007,0.00712586
5.8665e-007,0.00711729
5.867e-007,0.00714984
5.8675e-007,0.00713271
5.868e-007,0.00706077
5.8685e-007,0.00699568
5.869e-007,0.00690146
5.8695e-007,0.00684322
5.87e-007,0.00674387
5.8705e-007,0.00665137
5.871e-007,0.00654174
5.8715e-007,0.00647837
5.872e-007,0.006391
5.8725e-007,0.00634818
5.873e-007,0.0063242
5.8735e-007,0.00634476
5.874e-007,0.0063242
5.8745e-007,0.00634476
5.875e-007,0.00635161
5.8755e-007,0.00634304
5.876e-007,0.00632249
5.8765e-007,0.00629851
5.877e-007,0.00628994
5.8775e-007,0.00626425
5.878e-007,0.00622827
5.8785e-007,0.0061923
5.879e-007,0.00618545
5.8795e-007,0.00615462
5.88e-007,0.00613578
5.8805e-007,0.00615119
5.881e-007,0.00614434
5.8815e-007,0.00618374
5.882e-007,0.00619573
5.8825e-007,0.00623341
5.883e-007,0.00622142
5.8835e-007,0.00625397
5.884e-007,0.00625226
5.8845e-007,0.0062711
5.885e-007,0.00625397
5.8855e-007,0.00622142
5.886e-007,0.0061923
5.8865e-007,0.00612036
5.887e-007,0.00609638
5.8875e-007,0.00601073
5.888e-007,0.00595934
5.8885e-007,0.00590967
5.889e-007,0.00588397
5.8895e-007,0.00583944
5.89e-007,0.00583944
5.8905e-007,0.00587541
5.891e-007,0.00590967
5.8915e-007,0.00595592
5.892e-007,0.00602272
5.8925e-007,0.0060998
5.893e-007,0.00615633
5.8935e-007,0.006218
5.894e-007,0.00625739
5.8945e-007,0.00629679
5.895e-007,0.00633962
5.8955e-007,0.00634818
5.896e-007,0.00637901
5.8965e-007,0.0063773
5.897e-007,0.00640985
5.8975e-007,0.00645438
5.898e-007,0.00648179
5.8985e-007,0.00654174
5.899e-007,0.00657429
5.8995e-007,0.00663767
5.9e-007,0.00668392
5.9005e-007,0.00668906
5.901e-007,0.00670276
5.9015e-007,0.00676271
5.902e-007,0.00675586
5.9025e-007,0.00674901
5.903e-007,0.00673873
5.9035e-007,0.00675586
5.904e-007,0.006761
5.9045e-007,0.00677128
5.905e-007,0.0067867
5.9055e-007,0.00682267
5.906e-007,0.00684494
5.9065e-007,0.00683808
5.907e-007,0.00686207
5.9075e-007,0.0069066
5.908e-007,0.00692887
5.9085e-007,0.00687063
5.909e-007,0.00687063
5.9095e-007,0.00686549
5.91e-007,0.00685179
5.9105e-007,0.00686378
5.911e-007,0.00690318
5.9115e-007,0.00694943
5.912e-007,0.00701109
5.9125e-007,0.00708817
5.913e-007,0.00716354
5.9135e-007,0.00720637
5.914e-007,0.00724748
5.9145e-007,0.0072766
5.915e-007,0.00728345
5.9155e-007,0.00726461
5.916e-007,0.00724577
5.9165e-007,0.00721151
5.917e-007,0.00720294
5.9175e-007,0.00720294
5.918e-007,0.00721665
5.9185e-007,0.0072509
5.919e-007,0.007316
5.9195e-007,0.00738451
5.92e-007,0.00747187
5.9205e-007,0.00754211
5.921e-007,0.00760548
5.9215e-007,0.00761234
5.922e-007,0.00762775
5.9225e-007,0.00760206
5.923e-007,0.00761062
5.9235e-007,0.00760891
5.924e-007,0.00756437
5.9245e-007,0.00757294
5.925e-007,0.0075541
5.9255e-007,0.00757123
5.926e-007,0.00759007
5.9265e-007,0.00766544
5.927e-007,0.00775965
5.9275e-007,0.00786756
5.928e-007,0.00793608
5.9285e-007,0.00796006
5.929e-007,0.00798918
5.9295e-007,0.00796349
5.93e-007,0.0079121
5.9305e-007,0.00784872
5.931e-007,0.00773567
5.9315e-007,0.00761576
5.932e-007,0.00752326
5.9325e-007,0.00739479
5.933e-007,0.00729544
5.9335e-007,0.00724234
5.934e-007,0.00718753
5.9345e-007,0.00721836
5.935e-007,0.00720465
5.9355e-007,0.00724919
5.936e-007,0.00727317
5.9365e-007,0.00732799
5.937e-007,0.00736225
5.9375e-007,0.00741363
5.938e-007,0.00745474
5.9385e-007,0.00749757
5.939e-007,0.00751298
5.9395e-007,0.00750442
5.94e-007,0.00747701
5.9405e-007,0.00745474
5.941e-007,0.00735711
5.9415e-007,0.00722692
5.942e-007,0.00708989
5.9425e-007,0.00695114
5.943e-007,0.00681753
5.9435e-007,0.00668563
5.944e-007,0.00657086
5.9445e-007,0.00646295
5.945e-007,0.0064167
5.9455e-007,0.00638929
5.946e-007,0.00638929
5.9465e-007,0.00640471
5.947e-007,0.00650406
5.9475e-007,0.00659827
5.948e-007,0.00665651
5.9485e-007,0.00672332
5.949e-007,0.00677128
5.9495e-007,0.00681924
5.95e-007,0.00683466
5.9505e-007,0.00680382
5.951e-007,0.00682438
5.9515e-007,0.00681582
5.952e-007,0.00681239
5.9525e-007,0.0067867
5.953e-007,0.00679183
5.9535e-007,0.00681582
5.954e-007,0.00679526
5.9545e-007,0.00680896
5.955e-007,0.00678156
5.9555e-007,0.00677128
5.956e-007,0.00671304
5.9565e-007,0.00664623
5.957e-007,0.00656744
5.9575e-007,0.00645952
5.958e-007,0.00635332
5.9585e-007,0.00623684
5.959e-007,0.00620429
5.9595e-007,0.00612892
5.96e-007,0.00611693
5.9605e-007,0.00615119
5.961e-007,0.00616147
5.9615e-007,0.0062454
5.962e-007,0.00632077
5.9625e-007,0.00646466
5.963e-007,0.00659827
5.9635e-007,0.0067079
5.964e-007,0.00679355
5.9645e-007,0.0068929
5.965e-007,0.00695456
5.9655e-007,0.00694257
5.966e-007,0.00691345
5.9665e-007,0.00686378
5.967e-007,0.00678841
5.9675e-007,0.00671818
5.968e-007,0.00669762
5.9685e-007,0.00662739
5.969e-007,0.00655373
5.9695e-007,0.00653489
5.97e-007,0.00652804
5.9705e-007,0.00653318
5.971e-007,0.00653147
5.9715e-007,0.00655716
5.972e-007,0.00658285
5.9725e-007,0.00661369
5.973e-007,0.00658114
5.9735e-007,0.00656744
5.974e-007,0.00655031
5.9745e-007,0.00650406
5.975e-007,0.00648179
5.9755e-007,0.00649378
5.976e-007,0.0064698
5.9765e-007,0.0064561
5.977e-007,0.00646809
5.9775e-007,0.00645438
5.978e-007,0.00646295
5.9785e-007,0.00654688
5.979e-007,0.00661026
5.9795e-007,0.00668049
5.98e-007,0.00679869
5.9805e-007,0.00688776
5.981e-007,0.00695456
5.9815e-007,0.00703507
5.982e-007,0.00705734
5.9825e-007,0.00713271
5.983e-007,0.00710873
5.9835e-007,0.00712072
5.984e-007,0.00707104
5.9845e-007,0.00703679
5.985e-007,0.00695799
5.9855e-007,0.00692887
5.986e-007,0.00690318
5.9865e-007,0.00691517
5.987e-007,0.00694257
5.9875e-007,0.00700253
5.988e-007,0.00712072
5.9885e-007,0.0072372
5.989e-007,0.00736225
5.9895e-007,0.00750956
5.99e-007,0.00761747
5.9905e-007,0.00772368
5.991e-007,0.0078059
5.9915e-007,0.00787442
5.992e-007,0.00792581
5.9925e-007,0.00792409
5.993e-007,0.00793437
5.9935e-007,0.00794979
5.994e-007,0.00794979
5.9945e-007,0.00798233
5.995e-007,0.00800803
5.9955e-007,0.00806627
5.996e-007,0.00813478
5.9965e-007,0.0081639
5.997e-007,0.00814506
5.9975e-007,0.0081639
5.998e-007,0.00816904
5.9985e-007,0.00816904
5.999e-007,0.00814335
5.9995e-007,0.00807826
6e-007,0.0079652
6.0005e-007,0.00788298
6.001e-007,0.00775965
6.0015e-007,0.00764146
6.002e-007,0.00752155
6.0025e-007,0.0074359
6.003e-007,0.00736738
6.0035e-007,0.00731428
6.004e-007,0.00729715
6.0045e-007,0.00728688
6.005e-007,0.00729373
6.0055e-007,0.00734854
6.006e-007,0.00739993
6.0065e-007,0.00746674
6.007e-007,0.00752498
6.0075e-007,0.00758664
6.008e-007,0.00764317
6.0085e-007,0.00767914
6.009e-007,0.00771511
6.0095e-007,0.00773396
6.01e-007,0.00774595
6.0105e-007,0.00773909
6.011e-007,0.00766886
6.0115e-007,0.00762947
6.012e-007,0.00764146
6.0125e-007,0.00759178
6.013e-007,0.00756266
6.0135e-007,0.00750613
6.014e-007,0.00745817
6.0145e-007,0.00738965
6.015e-007,0.007316
6.0155e-007,0.00724063
6.016e-007,0.00714813
6.0165e-007,0.00705905
6.017e-007,0.00694257
6.0175e-007,0.00688262
6.018e-007,0.0067867
6.0185e-007,0.00671989
6.019e-007,0.00667193
6.0195e-007,0.00663424
6.02e-007,0.00667364
6.0205e-007,0.00673017
6.021e-007,0.00679697
6.0215e-007,0.00687748
6.022e-007,0.006946
6.0225e-007,0.00704364
6.023e-007,0.00711729
6.0235e-007,0.00717382
6.024e-007,0.0071841
6.0245e-007,0.00718924
6.025e-007,0.00711729
6.0255e-007,0.0070522
6.026e-007,0.00695456
6.0265e-007,0.00684151
6.027e-007,0.00675929
6.0275e-007,0.00668392
6.028e-007,0.00664623
6.0285e-007,0.00659656
6.029e-007,0.00660341
6.0295e-007,0.00660341
6.03e-007,0.00661369
6.0305e-007,0.00661711
6.031e-007,0.00661883
6.0315e-007,0.00664966
6.032e-007,0.00664795
6.0325e-007,0.00662739
6.033e-007,0.00659656
6.0335e-007,0.00659827
6.034e-007,0.00660855
6.0345e-007,0.00658799
6.035e-007,0.0066017
6.0355e-007,0.00663253
6.036e-007,0.00671475
6.0365e-007,0.00674216
6.037e-007,0.00679869
6.0375e-007,0.00683808
6.038e-007,0.00686892
6.0385e-007,0.00683123
6.039e-007,0.00679526
6.0395e-007,0.00673017
6.04e-007,0.00663767
6.0405e-007,0.00653489
6.041e-007,0.00645267
6.0415e-007,0.00633448
6.042e-007,0.00621115
6.0425e-007,0.00614605
6.043e-007,0.00605869
6.0435e-007,0.00607411
6.044e-007,0.00605355
6.0445e-007,0.00611351
6.045e-007,0.00614263
6.0455e-007,0.00620772
6.046e-007,0.00626253
6.0465e-007,0.00631564
6.047e-007,0.00632591
6.0475e-007,0.00632763
6.048e-007,0.00630878
6.0485e-007,0.00625568
6.049e-007,0.00625054
6.0495e-007,0.00622142
6.05e-007,0.00619059
6.0505e-007,0.00621457
6.051e-007,0.00624712
6.0515e-007,0.00629851
6.052e-007,0.00640813
6.0525e-007,0.00652119
6.053e-007,0.00666165
6.0535e-007,0.00681068
6.054e-007,0.00692716
6.0545e-007,0.00705392
6.055e-007,0.00713271
6.0555e-007,0.00717211
6.056e-007,0.00721151
6.0565e-007,0.00724405
6.057e-007,0.0071978
6.0575e-007,0.00719095
6.058e-007,0.00714641
6.0585e-007,0.00709331
6.059e-007,0.00702822
6.0595e-007,0.00697341
6.06e-007,0.0069066
6.0605e-007,0.00682952
6.061e-007,0.00676271
6.0615e-007,0.00673531
6.062e-007,0.00668906
6.0625e-007,0.00664795
6.063e-007,0.00661711
6.0635e-007,0.00663253
6.064e-007,0.00664281
6.0645e-007,0.00665137
6.065e-007,0.00670619
6.0655e-007,0.00676957
6.066e-007,0.00686207
6.0665e-007,0.00695114
6.067e-007,0.00705392
6.0675e-007,0.00712928
6.068e-007,0.00721151
6.0685e-007,0.00728688
6.069e-007,0.007316
6.0695e-007,0.00735368
6.07e-007,0.00738451
6.0705e-007,0.00738965
6.071e-007,0.00738794
6.0715e-007,0.0073965
6.072e-007,0.00738965
6.0725e-007,0.0073691
6.073e-007,0.00737766
6.0735e-007,0.00737424
6.074e-007,0.00737938
6.0745e-007,0.0073965
6.075e-007,0.00736567
6.0755e-007,0.00737938
6.076e-007,0.00740507
6.0765e-007,0.00738451
6.077e-007,0.00738623
6.0775e-007,0.0073828
6.078e-007,0.00737081
6.0785e-007,0.00734683
6.079e-007,0.00733826
6.0795e-007,0.00733141
6.08e-007,0.00729887
6.0805e-007,0.00730914
6.081e-007,0.00729544
6.0815e-007,0.00726975
6.082e-007,0.00728174
6.0825e-007,0.00728345
6.083e-007,0.00733313
6.0835e-007,0.00737424
6.084e-007,0.00742049
6.0845e-007,0.0074359
6.085e-007,0.0074616
6.0855e-007,0.00742734
6.086e-007,0.00739479
6.0865e-007,0.00733655
6.087e-007,0.00728174
6.0875e-007,0.00718581
6.088e-007,0.00711558
6.0885e-007,0.00706762
6.089e-007,0.00696484
6.0895e-007,0.00692544
6.09e-007,0.00692373
6.0905e-007,0.00690489
6.091e-007,0.00694086
6.0915e-007,0.00700938
6.092e-007,0.00705734
6.0925e-007,0.00716012
6.093e-007,0.00726289
6.0935e-007,0.00727489
6.094e-007,0.00731086
6.0945e-007,0.00731942
6.095e-007,0.00730058
6.0955e-007,0.00728688
6.096e-007,0.00718067
6.0965e-007,0.00709845
6.097e-007,0.0069991
6.0975e-007,0.00691174
6.098e-007,0.00679526
6.0985e-007,0.0067079
6.099e-007,0.00665309
6.0995e-007,0.00662225
6.1e-007,0.00661026
6.1005e-007,0.00660855
6.101e-007,0.00664966
6.1015e-007,0.00668221
6.102e-007,0.00670961
6.1025e-007,0.00679869
6.103e-007,0.00682267
6.1035e-007,0.00682609
6.104e-007,0.00684665
6.1045e-007,0.00683466
6.105e-007,0.0067747
6.1055e-007,0.0067079
6.106e-007,0.00664281
6.1065e-007,0.006576
6.107e-007,0.00653147
6.1075e-007,0.00648864
6.108e-007,0.00647665
6.1085e-007,0.00649892
6.109e-007,0.0065092
6.1095e-007,0.00653147
6.11e-007,0.00658457
6.1105e-007,0.00658971
6.111e-007,0.00659827
6.1115e-007,0.00661026
6.112e-007,0.00660512
6.1125e-007,0.00656573
6.113e-007,0.00656744
6.1135e-007,0.00656744
6.114e-007,0.00652975
6.1145e-007,0.00649207
6.115e-007,0.00648179
6.1155e-007,0.00646295
6.116e-007,0.00646809
6.1165e-007,0.00647323
6.117e-007,0.00646466
6.1175e-007,0.00650063
6.118e-007,0.00650749
6.1185e-007,0.00652461
6.119e-007,0.00655031
6.1195e-007,0.00655031
6.12e-007,0.00654003
6.1205e-007,0.00652633
6.121e-007,0.00651605
6.1215e-007,0.00649036
6.122e-007,0.00648864
6.1225e-007,0.00647323
6.123e-007,0.00647494
6.1235e-007,0.00648864
6.124e-007,0.00648179
6.1245e-007,0.00649892
6.125e-007,0.00655031
6.1255e-007,0.00659827
6.126e-007,0.00662397
6.1265e-007,0.00667022
6.127e-007,0.0067216
6.1275e-007,0.00676957
6.128e-007,0.00681239
6.1285e-007,0.0068398
6.129e-007,0.0068398
6.1295e-007,0.00688091
6.13e-007,0.00687234
6.1305e-007,0.00691003
6.131e-007,0.0069323
6.1315e-007,0.00696484
6.132e-007,0.0070522
6.1325e-007,0.00712415
6.133e-007,0.00723549
6.1335e-007,0.00733655
6.134e-007,0.00745646
6.1345e-007,0.0075678
6.135e-007,0.00767743
6.1355e-007,0.00778192
6.136e-007,0.00786243
6.1365e-007,0.0078727
6.137e-007,0.00788812
6.1375e-007,0.00788469
6.138e-007,0.00784872
6.1385e-007,0.00780076
6.139e-007,0.00775108
6.1395e-007,0.00769627
6.14e-007,0.0076603
6.1405e-007,0.00761234
6.141e-007,0.00759692
6.1415e-007,0.00755923
6.142e-007,0.00757808
6.1425e-007,0.00760377
6.143e-007,0.00760035
6.1435e-007,0.00761747
6.144e-007,0.00758664
6.1445e-007,0.00759692
6.145e-007,0.00757123
6.1455e-007,0.00757979
6.146e-007,0.00756095
6.1465e-007,0.00751984
6.147e-007,0.0075147
6.1475e-007,0.00755581
6.148e-007,0.00759692
6.1485e-007,0.00765173
6.149e-007,0.00768771
6.1495e-007,0.00772196
6.15e-007,0.00774423
6.1505e-007,0.00778192
6.151e-007,0.00777678
6.1515e-007,0.00774252
6.152e-007,0.00770997
6.1525e-007,0.00764488
6.153e-007,0.00759007
6.1535e-007,0.00749072
6.154e-007,0.00740507
6.1545e-007,0.00734854
6.155e-007,0.00727317
6.1555e-007,0.0072372
6.156e-007,0.00718753
6.1565e-007,0.00717211
6.157e-007,0.00719095
6.1575e-007,0.00722692
6.158e-007,0.00723377
6.1585e-007,0.00729201
6.159e-007,0.00735882
6.1595e-007,0.00738794
6.16e-007,0.0074222
6.1605e-007,0.0074616
6.161e-007,0.00747016
6.1615e-007,0.0074753
6.162e-007,0.00744961
6.1625e-007,0.00735197
6.163e-007,0.00732627
6.1635e-007,0.00720979
6.164e-007,0.00711729
6.1645e-007,0.00702822
6.165e-007,0.00691688
6.1655e-007,0.00684322
6.166e-007,0.00679183
6.1665e-007,0.00674558
6.167e-007,0.0067216
6.1675e-007,0.00674558
6.168e-007,0.00677984
6.1685e-007,0.00682952
6.169e-007,0.0069597
6.1695e-007,0.00702651
6.17e-007,0.00712072
6.1705e-007,0.00717211
6.171e-007,0.00716183
6.1715e-007,0.00714984
6.172e-007,0.00707961
6.1725e-007,0.00695799
6.173e-007,0.00681582
6.1735e-007,0.00661197
6.174e-007,0.00638415
6.1745e-007,0.0061786
6.175e-007,0.00596448
6.1755e-007,0.00581545
6.176e-007,0.00570069
6.1765e-007,0.00561675
6.177e-007,0.00565272
6.1775e-007,0.00570754
6.178e-007,0.00581888
6.1785e-007,0.00597476
6.179e-007,0.00610323
6.1795e-007,0.00627281
6.18e-007,0.00641841
6.1805e-007,0.00653318
6.181e-007,0.00660512
6.1815e-007,0.00663767
6.182e-007,0.00664452
6.1825e-007,0.00664623
6.183e-007,0.00663424
6.1835e-007,0.00662397
6.184e-007,0.00663082
6.1845e-007,0.00665822
6.185e-007,0.00668906
6.1855e-007,0.00672846
6.186e-007,0.00673531
6.1865e-007,0.00674387
6.187e-007,0.00673873
6.1875e-007,0.00672503
6.188e-007,0.00664966
6.1885e-007,0.00658799
6.189e-007,0.00655716
6.1895e-007,0.00648693
6.19e-007,0.00643212
6.1905e-007,0.00641327
6.191e-007,0.00639443
6.1915e-007,0.00644582
6.192e-007,0.00649207
6.1925e-007,0.00653318
6.193e-007,0.00663424
6.1935e-007,0.00669248
6.194e-007,0.00676443
6.1945e-007,0.00679355
6.195e-007,0.00681582
6.1955e-007,0.00681582
6.196e-007,0.00682952
6.1965e-007,0.00683637
6.197e-007,0.00678498
6.1975e-007,0.00673188
6.198e-007,0.0066942
6.1985e-007,0.00664966
6.199e-007,0.00660341
6.1995e-007,0.00654688
6.2e-007,0.00647837
6.2005e-007,0.00643554
6.201e-007,0.00642012
6.2015e-007,0.00639957
6.202e-007,0.00642526
6.2025e-007,0.00646637
6.203e-007,0.00651605
6.2035e-007,0.00658285
6.204e-007,0.00667878
6.2045e-007,0.00676785
6.205e-007,0.00685007
6.2055e-007,0.00696142
6.206e-007,0.00703165
6.2065e-007,0.00707618
6.207e-007,0.0071053
6.2075e-007,0.00711044
6.208e-007,0.00708475
6.2085e-007,0.00705734
6.209e-007,0.00704878
6.2095e-007,0.00702651
6.21e-007,0.00700767
6.2105e-007,0.00703679
6.211e-007,0.00710016
6.2115e-007,0.00716697
6.212e-007,0.00724748
6.2125e-007,0.00734512
6.213e-007,0.00742905
6.2135e-007,0.00746331
6.214e-007,0.00750613
6.2145e-007,0.00752669
6.215e-007,0.00753011
6.2155e-007,0.00750099
6.216e-007,0.00745646
6.2165e-007,0.00741192
6.217e-007,0.00739822
6.2175e-007,0.00737766
6.218e-007,0.00740678
6.2185e-007,0.00743248
6.219e-007,0.00749414
6.2195e-007,0.00756951
6.22e-007,0.0076209
6.2205e-007,0.00772025
6.221e-007,0.0077922
6.2215e-007,0.00785215
6.222e-007,0.00790011
6.2225e-007,0.00787956
6.223e-007,0.00787613
6.2235e-007,0.00783502
6.224e-007,0.00776993
6.2245e-007,0.00770484
6.225e-007,0.00761919
6.2255e-007,0.00754553
6.226e-007,0.00745988
6.2265e-007,0.00739822
6.227e-007,0.00734512
6.2275e-007,0.0072766
6.228e-007,0.00724063
6.2285e-007,0.00725776
6.229e-007,0.00724234
6.2295e-007,0.00726803
6.23e-007,0.00728688
6.2305e-007,0.00731771
6.231e-007,0.00735539
6.2315e-007,0.00736053
6.232e-007,0.00739308
6.2325e-007,0.00737081
6.233e-007,0.00735711
6.2335e-007,0.00728345
6.234e-007,0.00718924
6.2345e-007,0.00701966
6.235e-007,0.0068535
6.2355e-007,0.00668906
6.236e-007,0.00654517
6.2365e-007,0.00640813
6.237e-007,0.00632763
6.2375e-007,0.0062711
6.238e-007,0.00625911
6.2385e-007,0.00630707
6.239e-007,0.00637216
6.2395e-007,0.00651948
6.24e-007,0.00664623
6.2405e-007,0.00679012
6.241e-007,0.00694943
6.2415e-007,0.00709503
6.242e-007,0.00715327
6.2425e-007,0.00714984
6.243e-007,0.00714641
6.2435e-007,0.00705049
6.244e-007,0.00696998
6.2445e-007,0.00683637
6.245e-007,0.00677813
6.2455e-007,0.00664795
6.246e-007,0.00661026
6.2465e-007,0.00660341
6.247e-007,0.00661711
6.2475e-007,0.00670619
6.248e-007,0.00677642
6.2485e-007,0.00688262
6.249e-007,0.00698711
6.2495e-007,0.00706419
6.25e-007,0.00711387
6.2505e-007,0.00713442
6.251e-007,0.00709503
6.2515e-007,0.00700595
6.252e-007,0.00686892
6.2525e-007,0.00672503
6.253e-007,0.00661026
6.2535e-007,0.00650235
6.254e-007,0.00643212
6.2545e-007,0.00637901
6.255e-007,0.00636702
6.2555e-007,0.00641327
6.256e-007,0.0064698
6.2565e-007,0.00656573
6.257e-007,0.00667364
6.2575e-007,0.0067747
6.258e-007,0.00684151
6.2585e-007,0.00691345
6.259e-007,0.00692716
6.2595e-007,0.00694086
6.26e-007,0.00685864
6.2605e-007,0.00678498
6.261e-007,0.0067079
6.2615e-007,0.00659313
6.262e-007,0.00648864
6.2625e-007,0.00641499
6.263e-007,0.00638073
6.2635e-007,0.00633105
6.264e-007,0.00630878
6.2645e-007,0.00630707
6.265e-007,0.00627624
6.2655e-007,0.00631906
6.266e-007,0.00631221
6.2665e-007,0.00631564
6.267e-007,0.00632934
6.2675e-007,0.00631221
6.268e-007,0.00632934
6.2685e-007,0.00636702
6.269e-007,0.00637216
6.2695e-007,0.00639443
6.27e-007,0.00645267
6.2705e-007,0.00652633
6.271e-007,0.00657258
6.2715e-007,0.00665994
6.272e-007,0.00671989
6.2725e-007,0.00677299
6.273e-007,0.0068004
6.2735e-007,0.0067867
6.274e-007,0.00679526
6.2745e-007,0.00677813
6.275e-007,0.00674558
6.2755e-007,0.00672674
6.276e-007,0.00669591
6.2765e-007,0.00666508
6.277e-007,0.00664966
6.2775e-007,0.0066685
6.278e-007,0.00665822
6.2785e-007,0.00661369
6.279e-007,0.0066411
6.2795e-007,0.00665994
6.28e-007,0.00666508
6.2805e-007,0.00666508
6.281e-007,0.0066548
6.2815e-007,0.00663596
6.282e-007,0.0066291
6.2825e-007,0.00663767
6.283e-007,0.00664281
6.2835e-007,0.00668734
6.284e-007,0.00673359
6.2845e-007,0.00680554
6.285e-007,0.0069066
6.2855e-007,0.00702308
6.286e-007,0.00711558
6.2865e-007,0.0072235
6.287e-007,0.00730058
6.2875e-007,0.00737766
6.288e-007,0.00740164
6.2885e-007,0.0074359
6.289e-007,0.0074359
6.2895e-007,0.0074359
6.29e-007,0.00743076
6.2905e-007,0.00742391
6.291e-007,0.0074085
6.2915e-007,0.00740336
6.292e-007,0.00742391
6.2925e-007,0.00741706
6.293e-007,0.00743248
6.2935e-007,0.00743933
6.294e-007,0.00748215
6.2945e-007,0.00749586
6.295e-007,0.0074753
6.2955e-007,0.00747359
6.296e-007,0.00744447
6.2965e-007,0.00744618
6.297e-007,0.00737766
6.2975e-007,0.00733826
6.298e-007,0.00730743
6.2985e-007,0.00724748
6.299e-007,0.00719952
6.2995e-007,0.00717382
6.3e-007,0.00714813
6.3005e-007,0.00716697
6.301e-007,0.00716354
6.3015e-007,0.00720465
6.302e-007,0.00723377
6.3025e-007,0.00731428
6.303e-007,0.00733998
6.3035e-007,0.00741192
6.304e-007,0.00751984
6.3045e-007,0.00754553
6.305e-007,0.0075815
6.3055e-007,0.0075815
6.306e-007,0.00760548
6.3065e-007,0.00760035
6.307e-007,0.00756095
6.3075e-007,0.00753697
6.308e-007,0.0074616
6.3085e-007,0.0073828
6.309e-007,0.00731428
6.3095e-007,0.00725433
6.31e-007,0.00717725
6.3105e-007,0.0070916
6.311e-007,0.00706419
6.3115e-007,0.00701452
6.312e-007,0.00695799
6.3125e-007,0.00695114
6.313e-007,0.00691517
6.3135e-007,0.00693572
6.314e-007,0.00695456
6.3145e-007,0.00698882
6.315e-007,0.0070128
6.3155e-007,0.00708304
6.316e-007,0.00713956
6.3165e-007,0.00720294
6.317e-007,0.00726803
6.3175e-007,0.00730743
6.318e-007,0.00734512
6.3185e-007,0.00737424
6.319e-007,0.00734854
6.3195e-007,0.00729544
6.32e-007,0.00724405
6.3205e-007,0.00715669
6.321e-007,0.00707104
6.3215e-007,0.0069854
6.322e-007,0.00688605
6.3225e-007,0.00682095
6.323e-007,0.00674901
6.3235e-007,0.00669591
6.324e-007,0.0066291
6.3245e-007,0.00662397
6.325e-007,0.00660684
6.3255e-007,0.0066017
6.326e-007,0.00655373
6.3265e-007,0.00651776
6.327e-007,0.0064698
6.3275e-007,0.00641327
6.328e-007,0.0063773
6.3285e-007,0.0063636
6.329e-007,0.0063636
6.3295e-007,0.006391
6.33e-007,0.00643897
6.3305e-007,0.00646295
6.331e-007,0.00651262
6.3315e-007,0.00658628
6.332e-007,0.00664281
6.3325e-007,0.00668906
6.333e-007,0.00669591
6.3335e-007,0.00670105
6.334e-007,0.0067079
6.3345e-007,0.0066942
6.335e-007,0.00665309
6.3355e-007,0.00657943
6.336e-007,0.00655373
6.3365e-007,0.00649207
6.337e-007,0.00646466
6.3375e-007,0.00644582
6.338e-007,0.00644582
6.3385e-007,0.0064835
6.339e-007,0.0065092
6.3395e-007,0.00658285
6.34e-007,0.00664966
6.3405e-007,0.00673017
6.341e-007,0.00682095
6.3415e-007,0.0068929
6.342e-007,0.00693572
6.3425e-007,0.00701452
6.343e-007,0.00704364
6.3435e-007,0.00708132
6.344e-007,0.00709331
6.3445e-007,0.00713442
6.345e-007,0.00716526
6.3455e-007,0.00718239
6.346e-007,0.00721665
6.3465e-007,0.0072235
6.347e-007,0.00725947
6.3475e-007,0.00727831
6.348e-007,0.00724919
6.3485e-007,0.00728516
6.349e-007,0.0072903
6.3495e-007,0.00727146
6.35e-007,0.00726118
6.3505e-007,0.00727831
6.351e-007,0.00726632
6.3515e-007,0.00726803
6.352e-007,0.00728516
6.3525e-007,0.00732627
6.353e-007,0.00737938
6.3535e-007,0.00738109
6.354e-007,0.00738623
6.3545e-007,0.00743933
6.355e-007,0.00743762
6.3555e-007,0.00739137
6.356e-007,0.00733655
6.3565e-007,0.00731771
6.357e-007,0.00721151
6.3575e-007,0.0071841
6.358e-007,0.00713271
6.3585e-007,0.00711558
6.359e-007,0.00707276
6.3595e-007,0.00711044
6.36e-007,0.00713614
6.3605e-007,0.00717382
6.361e-007,0.00722692
6.3615e-007,0.00728345
6.362e-007,0.00735711
6.3625e-007,0.00742562
6.363e-007,0.00745817
6.3635e-007,0.0075147
6.364e-007,0.00753525
6.3645e-007,0.00755923
6.365e-007,0.00757808
6.3655e-007,0.00758322
6.366e-007,0.00763118
6.3665e-007,0.00768085
6.367e-007,0.00770997
6.3675e-007,0.00777335
6.368e-007,0.00781104
6.3685e-007,0.00783502
6.369e-007,0.00781789
6.3695e-007,0.0078059
6.37e-007,0.00777678
6.3705e-007,0.00775451
6.371e-007,0.00765345
6.3715e-007,0.00757123
6.372e-007,0.00745474
6.3725e-007,0.00735197
6.373e-007,0.00725604
6.3735e-007,0.0071584
6.374e-007,0.00705392
6.3745e-007,0.00700424
6.375e-007,0.00700595
6.3755e-007,0.00699225
6.376e-007,0.00697855
6.3765e-007,0.00701966
6.377e-007,0.00704021
6.3775e-007,0.00707104
6.378e-007,0.00708817
6.3785e-007,0.00710016
6.379e-007,0.00713271
6.3795e-007,0.00712757
6.38e-007,0.00712586
6.3805e-007,0.00713271
6.381e-007,0.00712757
6.3815e-007,0.00714641
6.382e-007,0.0071704
6.3825e-007,0.00723377
6.383e-007,0.00725433
6.3835e-007,0.00734854
6.384e-007,0.00739137
6.3845e-007,0.00746674
6.385e-007,0.00749414
6.3855e-007,0.00754382
6.386e-007,0.00750271
6.3865e-007,0.00745474
6.387e-007,0.00737424
6.3875e-007,0.00729201
6.388e-007,0.00711558
6.3885e-007,0.00697855
6.389e-007,0.00682095
6.3895e-007,0.00667707
6.39e-007,0.00654174
6.3905e-007,0.00649378
6.391e-007,0.00648522
6.3915e-007,0.00649892
6.392e-007,0.00655545
6.3925e-007,0.00666165
6.393e-007,0.00671646
6.3935e-007,0.00680725
6.394e-007,0.00685864
6.3945e-007,0.00691859
6.395e-007,0.00696655
6.3955e-007,0.00698197
6.396e-007,0.00698026
6.3965e-007,0.00696313
6.397e-007,0.00693743
6.3975e-007,0.00694771
6.398e-007,0.00694943
6.3985e-007,0.00694429
6.399e-007,0.00697169
6.3995e-007,0.00696827
6.4e-007,0.00698026
6.4005e-007,0.00697169
6.401e-007,0.00697512
6.4015e-007,0.00691517
6.402e-007,0.00684665
6.4025e-007,0.00675929
6.403e-007,0.00664966
6.4035e-007,0.00656059
6.404e-007,0.00643554
6.4045e-007,0.00634476
6.405e-007,0.00625054
6.4055e-007,0.00619573
6.406e-007,0.00618545
6.4065e-007,0.00621115
6.407e-007,0.00625911
6.4075e-007,0.00629679
6.408e-007,0.00636188
6.4085e-007,0.00641499
6.409e-007,0.00647151
6.4095e-007,0.00649378
6.41e-007,0.00657429
6.4105e-007,0.00659998
6.411e-007,0.00657258
6.4115e-007,0.00658971
6.412e-007,0.00656401
6.4125e-007,0.00654346
6.413e-007,0.00651262
6.4135e-007,0.00650577
6.414e-007,0.00650063
6.4145e-007,0.0065092
6.415e-007,0.00654174
6.4155e-007,0.00656744
6.416e-007,0.00656059
6.4165e-007,0.00657772
6.417e-007,0.00656744
6.4175e-007,0.00656744
6.418e-007,0.00656744
6.4185e-007,0.00655887
6.419e-007,0.00657772
6.4195e-007,0.00660684
6.42e-007,0.00667022
6.4205e-007,0.00667878
6.421e-007,0.00671989
6.4215e-007,0.00678498
6.422e-007,0.00683808
6.4225e-007,0.0068929
6.423e-007,0.0069854
6.4235e-007,0.00702651
6.424e-007,0.00706591
6.4245e-007,0.00709674
6.425e-007,0.00705563
6.4255e-007,0.00705563
6.426e-007,0.00700595
6.4265e-007,0.00692887
6.427e-007,0.00686549
6.4275e-007,0.00682095
6.428e-007,0.00681068
6.4285e-007,0.00679526
6.429e-007,0.00683466
6.4295e-007,0.00689804
6.43e-007,0.00694429
6.4305e-007,0.00704192
6.431e-007,0.00717382
6.4315e-007,0.0072372
6.432e-007,0.00730743
6.4325e-007,0.00732799
6.433e-007,0.00730572
6.4335e-007,0.00724577
6.434e-007,0.00716354
6.4345e-007,0.00702308
6.435e-007,0.00686892
6.4355e-007,0.00674901
6.436e-007,0.00661883
6.4365e-007,0.0065229
6.437e-007,0.00654517
6.4375e-007,0.00658457
6.438e-007,0.00665994
6.4385e-007,0.00684836
6.439e-007,0.00698711
6.4395e-007,0.00717896
6.44e-007,0.00735539
6.4405e-007,0.00751812
6.441e-007,0.00762775
6.4415e-007,0.00768257
6.442e-007,0.00767229
6.4425e-007,0.007674
6.443e-007,0.00763974
6.4435e-007,0.0075678
6.444e-007,0.0074616
6.4445e-007,0.00739137
6.445e-007,0.00729715
6.4455e-007,0.00724577
6.446e-007,0.00722178
6.4465e-007,0.00726118
6.447e-007,0.00729887
6.4475e-007,0.00738109
6.448e-007,0.00747187
6.4485e-007,0.00757465
6.449e-007,0.00763289
6.4495e-007,0.00768599
6.45e-007,0.00768599
6.4505e-007,0.00770312
6.451e-007,0.00766201
6.4515e-007,0.00763289
6.452e-007,0.00756095
6.4525e-007,0.00749414
6.453e-007,0.00740507
6.4535e-007,0.00736225
6.454e-007,0.0073297
6.4545e-007,0.00732113
6.455e-007,0.00725776
6.4555e-007,0.00729715
6.456e-007,0.00732113
6.4565e-007,0.00733998
6.457e-007,0.00735882
6.4575e-007,0.0073434
6.458e-007,0.00735026
6.4585e-007,0.00730572
6.459e-007,0.00724919
6.4595e-007,0.00719609
6.46e-007,0.00709674
6.4605e-007,0.00700938
6.461e-007,0.0068929
6.4615e-007,0.00681582
6.462e-007,0.00670105
6.4625e-007,0.00661883
6.463e-007,0.00658799
6.4635e-007,0.00657772
6.464e-007,0.00663596
6.4645e-007,0.00670276
6.465e-007,0.00678156
6.4655e-007,0.00688605
6.466e-007,0.00696998
6.4665e-007,0.00707276
6.467e-007,0.00717211
6.4675e-007,0.0072235
6.468e-007,0.00727146
6.4685e-007,0.00728002
6.469e-007,0.00728516
6.4695e-007,0.00729715
6.47e-007,0.00724063
6.4705e-007,0.00720294
6.471e-007,0.00715327
6.4715e-007,0.00709674
6.472e-007,0.00706933
6.4725e-007,0.00702308
6.473e-007,0.00698197
6.4735e-007,0.00693915
6.474e-007,0.00686207
6.4745e-007,0.00681753
6.475e-007,0.00675758
6.4755e-007,0.00669077
6.476e-007,0.00664281
6.4765e-007,0.00662568
6.477e-007,0.00659827
6.4775e-007,0.00658114
6.478e-007,0.00657943
6.4785e-007,0.00661369
6.479e-007,0.00661883
6.4795e-007,0.00666679
6.48e-007,0.00671304
6.4805e-007,0.00672846
6.481e-007,0.00672674
6.4815e-007,0.00670105
6.482e-007,0.00662397
6.4825e-007,0.00657943
6.483e-007,0.00649721
6.4835e-007,0.0063773
6.484e-007,0.00629851
6.4845e-007,0.00621115
6.485e-007,0.00612892
6.4855e-007,0.00610152
6.486e-007,0.00607582
6.4865e-007,0.00605355
6.487e-007,0.00608781
6.4875e-007,0.0061392
6.488e-007,0.00618203
6.4885e-007,0.00625397
6.489e-007,0.00628994
6.4895e-007,0.00630707
6.49e-007,0.00637388
6.4905e-007,0.00638587
6.491e-007,0.00642355
6.4915e-007,0.00644753
6.492e-007,0.00643725
6.4925e-007,0.00645096
6.493e-007,0.00646124
6.4935e-007,0.00647151
6.494e-007,0.00648693
6.4945e-007,0.00649549
6.495e-007,0.00654346
6.4955e-007,0.00656059
6.496e-007,0.00657429
6.4965e-007,0.00657429
6.497e-007,0.00654346
6.4975e-007,0.00651091
6.498e-007,0.0065229
6.4985e-007,0.00655202
6.499e-007,0.00655202
6.4995e-007,0.00661711
6.5e-007,0.00670619
6.5005e-007,0.00678841
6.501e-007,0.00689632
6.5015e-007,0.00698711
6.502e-007,0.00706933
6.5025e-007,0.00714641
6.503e-007,0.00716868
6.5035e-007,0.00716697
6.504e-007,0.00714813
6.5045e-007,0.00709674
6.505e-007,0.00701794
6.5055e-007,0.00694771
6.506e-007,0.00682952
6.5065e-007,0.00673531
6.507e-007,0.00668392
6.5075e-007,0.00665651
6.508e-007,0.0066685
6.5085e-007,0.0067216
6.509e-007,0.00681239
6.5095e-007,0.00694257
6.51e-007,0.00705392
6.5105e-007,0.00720637
6.511e-007,0.00739479
6.5115e-007,0.00754896
6.512e-007,0.00766544
6.5125e-007,0.00778363
6.513e-007,0.00787956
6.5135e-007,0.00794465
6.514e-007,0.00794636
6.5145e-007,0.00792752
6.515e-007,0.007859
6.5155e-007,0.00778706
6.516e-007,0.00767229
6.5165e-007,0.00753868
6.517e-007,0.00743076
6.5175e-007,0.00730572
6.518e-007,0.00718239
6.5185e-007,0.00710702
6.519e-007,0.00699568
6.5195e-007,0.00695456
6.52e-007,0.0069323
6.5205e-007,0.00691345
6.521e-007,0.00690318
6.5215e-007,0.00689461
6.522e-007,0.00690831
6.5225e-007,0.00690831
6.523e-007,0.00691688
6.5235e-007,0.00692887
6.524e-007,0.00695114
6.5245e-007,0.00697683
6.525e-007,0.0070248
6.5255e-007,0.00708304
6.526e-007,0.00713271
6.5265e-007,0.0071978
6.527e-007,0.0072766
6.5275e-007,0.0072903
6.528e-007,0.00733998
6.5285e-007,0.00735711
6.529e-007,0.00735711
6.5295e-007,0.0073691
6.53e-007,0.00736053
6.5305e-007,0.00732113
6.531e-007,0.00730743
6.5315e-007,0.00727489
6.532e-007,0.00726118
6.5325e-007,0.00729887
6.533e-007,0.00730914
6.5335e-007,0.00737595
6.534e-007,0.00739822
6.5345e-007,0.00748044
6.535e-007,0.0075815
6.5355e-007,0.00767058
6.536e-007,0.00774766
6.5365e-007,0.00783502
6.537e-007,0.00782474
6.5375e-007,0.00785215
6.538e-007,0.00781104
6.5385e-007,0.00778363
6.539e-007,0.0077271
6.5395e-007,0.00761576
6.54e-007,0.0075147
6.5405e-007,0.00742049
6.541e-007,0.00733826
6.5415e-007,0.00725947
6.542e-007,0.00722007
6.5425e-007,0.00716697
6.543e-007,0.00714984
6.5435e-007,0.00718239
6.544e-007,0.00719952
6.5445e-007,0.00723377
6.545e-007,0.00732285
6.5455e-007,0.00739308
6.546e-007,0.00740678
6.5465e-007,0.00739822
6.547e-007,0.0073828
6.5475e-007,0.00734512
6.548e-007,0.00728516
6.5485e-007,0.00720123
6.549e-007,0.00713442
6.5495e-007,0.00706933
6.55e-007,0.00701794
6.5505e-007,0.0070128
6.551e-007,0.00701452
6.5515e-007,0.00704706
6.552e-007,0.00708304
6.5525e-007,0.00711216
6.553e-007,0.00718581
6.5535e-007,0.00720123
6.554e-007,0.00723549
6.5545e-007,0.00722521
6.555e-007,0.00716697
6.5555e-007,0.00711216
6.556e-007,0.00702651
6.5565e-007,0.00694943
6.557e-007,0.00685179
6.5575e-007,0.00678841
6.558e-007,0.00672846
6.5585e-007,0.00668221
6.559e-007,0.00666679
6.5595e-007,0.00663938
6.56e-007,0.00665137
6.5605e-007,0.00665137
6.561e-007,0.00670447
6.5615e-007,0.00670276
6.562e-007,0.00673702
6.5625e-007,0.00674558
6.563e-007,0.00673017
6.5635e-007,0.00669762
6.564e-007,0.00663253
6.5645e-007,0.006576
6.565e-007,0.00651262
6.5655e-007,0.00647665
6.566e-007,0.00642526
6.5665e-007,0.00638758
6.567e-007,0.00636874
6.5675e-007,0.00635503
6.568e-007,0.00636702
6.5685e-007,0.00642869
6.569e-007,0.00647837
6.5695e-007,0.00654688
6.57e-007,0.00663767
6.5705e-007,0.00670447
6.571e-007,0.00674387
6.5715e-007,0.00678156
6.572e-007,0.00681924
6.5725e-007,0.00683295
6.573e-007,0.00679355
6.5735e-007,0.00677984
6.574e-007,0.00674045
6.5745e-007,0.00671304
6.575e-007,0.00668563
6.5755e-007,0.00663424
6.576e-007,0.00659142
6.5765e-007,0.00655716
6.577e-007,0.00656915
6.5775e-007,0.00655887
6.578e-007,0.00657258
6.5785e-007,0.00659485
6.579e-007,0.00664795
6.5795e-007,0.00670447
6.58e-007,0.00674558
6.5805e-007,0.00679355
6.581e-007,0.00685521
6.5815e-007,0.00692544
6.582e-007,0.00697169
6.5825e-007,0.0070128
6.583e-007,0.00707961
6.5835e-007,0.00714641
6.584e-007,0.00722007
6.5845e-007,0.00726803
6.585e-007,0.00731257
6.5855e-007,0.0073828
6.586e-007,0.00739137
6.5865e-007,0.00741706
6.587e-007,0.00743076
6.5875e-007,0.00743762
6.588e-007,0.00739308
6.5885e-007,0.00739479
6.589e-007,0.00734854
6.5895e-007,0.00731942
6.59e-007,0.00724405
6.5905e-007,0.00721836
6.591e-007,0.00720123
6.5915e-007,0.00720637
6.592e-007,0.00724577
6.5925e-007,0.00729887
6.593e-007,0.00734683
6.5935e-007,0.00742562
6.594e-007,0.0075147
6.5945e-007,0.00761576
6.595e-007,0.00768257
6.5955e-007,0.00772368
6.596e-007,0.00775794
6.5965e-007,0.0077922
6.597e-007,0.00779562
6.5975e-007,0.00777335
6.598e-007,0.00771169
6.5985e-007,0.00764317
6.599e-007,0.00757294
6.5995e-007,0.00747359
6.6e-007,0.00738794
6.6005e-007,0.00728516
6.601e-007,0.00720637
6.6015e-007,0.00713442
6.602e-007,0.00705392
6.6025e-007,0.00700595
6.603e-007,0.00695628
6.6035e-007,0.00691517
6.604e-007,0.00691688
6.6045e-007,0.00689804
6.605e-007,0.00687234
6.6055e-007,0.00687748
6.606e-007,0.00689632
6.6065e-007,0.0069323
6.607e-007,0.0069066
6.6075e-007,0.00691688
6.608e-007,0.00693058
6.6085e-007,0.00697855
6.609e-007,0.00700424
6.6095e-007,0.00701623
6.61e-007,0.00705905
6.6105e-007,0.00705563
6.611e-007,0.00707618
6.6115e-007,0.00709331
6.612e-007,0.00707447
6.6125e-007,0.00705392
6.613e-007,0.00704364
6.6135e-007,0.00704364
6.614e-007,0.00701794
6.6145e-007,0.00700253
6.615e-007,0.00702308
6.6155e-007,0.00700595
6.616e-007,0.00700595
6.6165e-007,0.00700767
6.617e-007,0.00702993
6.6175e-007,0.00703679
6.618e-007,0.00704878
6.6185e-007,0.00703679
6.619e-007,0.00702822
6.6195e-007,0.00701794
6.62e-007,0.00696827
6.6205e-007,0.00694771
6.621e-007,0.00692544
6.6215e-007,0.00686207
6.622e-007,0.00684322
6.6225e-007,0.00680554
6.623e-007,0.00679526
6.6235e-007,0.00678327
6.624e-007,0.00678841
6.6245e-007,0.00682095
6.625e-007,0.00682952
6.6255e-007,0.00688433
6.626e-007,0.00690489
6.6265e-007,0.00688091
6.627e-007,0.00686892
6.6275e-007,0.00686892
6.628e-007,0.00681582
6.6285e-007,0.00675072
6.629e-007,0.0066942
6.6295e-007,0.00658457
6.63e-007,0.00648522
6.6305e-007,0.00639272
6.631e-007,0.00635846
6.6315e-007,0.00629508
6.632e-007,0.00625911
6.6325e-007,0.00626596
6.633e-007,0.0062454
6.6335e-007,0.00624883
6.634e-007,0.00629679
6.6345e-007,0.0063105
6.635e-007,0.00632763
6.6355e-007,0.00631221
6.636e-007,0.00629508
6.6365e-007,0.00628823
6.637e-007,0.00626939
6.6375e-007,0.00626082
6.638e-007,0.00625739
6.6385e-007,0.00630022
6.639e-007,0.00634647
6.6395e-007,0.00638073
6.64e-007,0.00643897
6.6405e-007,0.00649378
6.641e-007,0.00655202
6.6415e-007,0.00661711
6.642e-007,0.00666679
6.6425e-007,0.00664966
6.643e-007,0.00665309
6.6435e-007,0.00659998
6.644e-007,0.00654174
6.6445e-007,0.00651091
6.645e-007,0.00645096
6.6455e-007,0.00643897
6.646e-007,0.00644239
6.6465e-007,0.00648179
6.647e-007,0.00652461
6.6475e-007,0.00653661
6.648e-007,0.00658971
6.6485e-007,0.00662225
6.649e-007,0.00665822
6.6495e-007,0.00669934
6.65e-007,0.00674558
6.6505e-007,0.00675758
6.651e-007,0.00676614
6.6515e-007,0.00678156
6.652e-007,0.00679183
6.6525e-007,0.00682438
6.653e-007,0.00686035
6.6535e-007,0.00692716
6.654e-007,0.00698197
6.6545e-007,0.00705563
6.655e-007,0.00709845
6.6555e-007,0.00714984
6.656e-007,0.0071841
6.6565e-007,0.00717553
6.657e-007,0.0071704
6.6575e-007,0.00714813
6.658e-007,0.00708132
6.6585e-007,0.00704192
6.659e-007,0.00701109
6.6595e-007,0.00695799
6.66e-007,0.00694771
6.6605e-007,0.00694086
6.661e-007,0.00697855
6.6615e-007,0.00700767
6.662e-007,0.00704878
6.6625e-007,0.00708817
6.663e-007,0.00713271
6.6635e-007,0.00713442
6.664e-007,0.00713785
6.6645e-007,0.00712072
6.665e-007,0.00710188
6.6655e-007,0.0070779
6.666e-007,0.00703165
6.6665e-007,0.00702651
6.667e-007,0.00702651
6.6675e-007,0.00701794
6.668e-007,0.00703679
6.6685e-007,0.00705049
6.669e-007,0.00710188
6.6695e-007,0.0071584
6.67e-007,0.0071978
6.6705e-007,0.00727489
6.671e-007,0.00730229
6.6715e-007,0.00734683
6.672e-007,0.00735539
6.6725e-007,0.00735539
6.673e-007,0.00732456
6.6735e-007,0.00734854
6.674e-007,0.0073297
6.6745e-007,0.0073297
6.675e-007,0.00733484
6.6755e-007,0.00738623
6.676e-007,0.00736738
6.6765e-007,0.00737766
6.677e-007,0.00736053
6.6775e-007,0.00734169
6.678e-007,0.00730401
6.6785e-007,0.00729887
6.679e-007,0.00728859
6.6795e-007,0.00723206
6.68e-007,0.00721322
6.6805e-007,0.00719095
6.681e-007,0.00721151
6.6815e-007,0.00720979
6.682e-007,0.00719952
6.6825e-007,0.00726632
6.683e-007,0.00730401
6.6835e-007,0.00734512
6.684e-007,0.00735539
6.6845e-007,0.00734683
6.685e-007,0.00734512
6.6855e-007,0.00729715
6.686e-007,0.00722692
6.6865e-007,0.00712072
6.687e-007,0.00701966
6.6875e-007,0.00693058
6.688e-007,0.00680554
6.6885e-007,0.00671133
6.689e-007,0.00665651
6.6895e-007,0.00659313
6.69e-007,0.00655545
6.6905e-007,0.00656401
6.691e-007,0.00658285
6.6915e-007,0.00662568
6.692e-007,0.00667535
6.6925e-007,0.0067747
6.693e-007,0.00683637
6.6935e-007,0.00692373
6.694e-007,0.00701966
6.6945e-007,0.00706762
6.695e-007,0.00710873
6.6955e-007,0.00711216
6.696e-007,0.00710359
6.6965e-007,0.00704878
6.697e-007,0.00698026
6.6975e-007,0.00688091
6.698e-007,0.00682095
6.6985e-007,0.00679012
6.699e-007,0.0067079
6.6995e-007,0.00667878
6.7e-007,0.00668563
6.7005e-007,0.00671475
6.701e-007,0.00676957
6.7015e-007,0.00683123
6.702e-007,0.00693058
6.7025e-007,0.0070248
6.703e-007,0.00711044
6.7035e-007,0.00720123
6.704e-007,0.00724748
6.7045e-007,0.00724919
6.705e-007,0.00724405
6.7055e-007,0.00722521
6.706e-007,0.00718239
6.7065e-007,0.00713785
6.707e-007,0.00706248
6.7075e-007,0.0069991
6.708e-007,0.006946
6.7085e-007,0.00688262
6.709e-007,0.00684494
6.7095e-007,0.00681239
6.71e-007,0.0068004
6.7105e-007,0.00679183
6.711e-007,0.00680382
6.7115e-007,0.00677128
6.712e-007,0.0067747
6.7125e-007,0.00680211
6.713e-007,0.00675758
6.7135e-007,0.00675758
6.714e-007,0.00676614
6.7145e-007,0.00679869
6.715e-007,0.00680211
6.7155e-007,0.00684494
6.716e-007,0.00691003
6.7165e-007,0.00694771
6.717e-007,0.00700081
6.7175e-007,0.0070248
6.718e-007,0.00708817
6.7185e-007,0.00715498
6.719e-007,0.00717382
6.7195e-007,0.00718753
6.72e-007,0.0071841
6.7205e-007,0.00716526
6.721e-007,0.00711216
6.7215e-007,0.00706419
6.722e-007,0.00698882
6.7225e-007,0.00689975
6.723e-007,0.00675586
6.7235e-007,0.00665309
6.724e-007,0.00656744
6.7245e-007,0.00648179
6.725e-007,0.00638415
6.7255e-007,0.00635332
6.726e-007,0.00635503
6.7265e-007,0.00636702
6.727e-007,0.00640642
6.7275e-007,0.00650235
6.728e-007,0.0066017
6.7285e-007,0.00668049
6.729e-007,0.00674216
6.7295e-007,0.00681753
6.73e-007,0.00684494
6.7305e-007,0.00684836
6.731e-007,0.00678841
6.7315e-007,0.00673188
6.732e-007,0.00668563
6.7325e-007,0.00663253
6.733e-007,0.00658457
6.7335e-007,0.00659827
6.734e-007,0.00658628
6.7345e-007,0.00659142
6.735e-007,0.00664452
6.7355e-007,0.00669077
6.736e-007,0.00670961
6.7365e-007,0.006761
6.737e-007,0.00680211
6.7375e-007,0.00682609
6.738e-007,0.00686378
6.7385e-007,0.00688433
6.739e-007,0.0068929
6.7395e-007,0.00688947
6.74e-007,0.00689461
6.7405e-007,0.00691517
6.741e-007,0.00694086
6.7415e-007,0.00698711
6.742e-007,0.0070248
6.7425e-007,0.00708989
6.743e-007,0.00713614
6.7435e-007,0.00721322
6.744e-007,0.00727489
6.7445e-007,0.00735026
6.745e-007,0.00743933
6.7455e-007,0.00751984
6.746e-007,0.0075815
6.7465e-007,0.0076346
6.747e-007,0.00769627
6.7475e-007,0.00774937
6.748e-007,0.00777849
6.7485e-007,0.00777335
6.749e-007,0.00778706
6.7495e-007,0.00775965
6.75e-007,0.00772882
6.7505e-007,0.00771854
6.751e-007,0.00765345
6.7515e-007,0.00763974
6.752e-007,0.00762604
6.7525e-007,0.00764146
6.753e-007,0.00762261
6.7535e-007,0.00767229
6.754e-007,0.00775451
6.7545e-007,0.00781618
6.755e-007,0.00787956
6.7555e-007,0.00794979
6.756e-007,0.00798747
6.7565e-007,0.00802687
6.757e-007,0.00800803
6.7575e-007,0.0080183
6.758e-007,0.00798747
6.7585e-007,0.00793094
6.759e-007,0.007859
6.7595e-007,0.00778363
6.76e-007,0.00772368
6.7605e-007,0.00761062
6.761e-007,0.0075678
6.7615e-007,0.0074753
6.762e-007,0.00740507
6.7625e-007,0.00735026
6.763e-007,0.00731942
6.7635e-007,0.00724748
6.764e-007,0.0072235
6.7645e-007,0.00715669
6.765e-007,0.00708989
6.7655e-007,0.0070248
6.766e-007,0.00695799
6.7665e-007,0.00686549
6.767e-007,0.00677299
6.7675e-007,0.00667364
6.768e-007,0.00661883
6.7685e-007,0.00655716
6.769e-007,0.00647151
6.7695e-007,0.00647323
6.77e-007,0.00648864
6.7705e-007,0.00654517
6.771e-007,0.00659142
6.7715e-007,0.00667535
6.772e-007,0.00677128
6.7725e-007,0.00689461
6.773e-007,0.00698197
6.7735e-007,0.00708646
6.774e-007,0.00716868
6.7745e-007,0.00724063
6.775e-007,0.00726975
6.7755e-007,0.0072766
6.776e-007,0.0072766
6.7765e-007,0.00723377
6.777e-007,0.00718581
6.7775e-007,0.00713271
6.778e-007,0.00707276
6.7785e-007,0.00700424
6.779e-007,0.00693058
6.7795e-007,0.00688947
6.78e-007,0.00685864
6.7805e-007,0.00683808
6.781e-007,0.00682781
6.7815e-007,0.00685007
6.782e-007,0.00684836
6.7825e-007,0.00692031
6.783e-007,0.00693572
6.7835e-007,0.00699396
6.784e-007,0.0070385
6.7845e-007,0.00705392
6.785e-007,0.00705563
6.7855e-007,0.00708646
6.786e-007,0.00711387
6.7865e-007,0.00707961
6.787e-007,0.00705905
6.7875e-007,0.00701623
6.788e-007,0.00696142
6.7885e-007,0.00687063
6.789e-007,0.00677128
6.7895e-007,0.00667193
6.79e-007,0.00658457
6.7905e-007,0.00650577
6.791e-007,0.00641156
6.7915e-007,0.00636874
6.792e-007,0.00633105
6.7925e-007,0.00632763
6.793e-007,0.0063379
6.7935e-007,0.00637559
6.794e-007,0.00642526
6.7945e-007,0.00648179
6.795e-007,0.0065486
6.7955e-007,0.00659827
6.796e-007,0.00662054
6.7965e-007,0.00661883
6.797e-007,0.00660512
6.7975e-007,0.00656915
6.798e-007,0.0065092
6.7985e-007,0.00648179
6.799e-007,0.00642526
6.7995e-007,0.00637045
6.8e-007,0.00636017
6.8005e-007,0.00634989
6.801e-007,0.00633962
6.8015e-007,0.006403
6.802e-007,0.00645096
6.8025e-007,0.00652804
6.803e-007,0.00663767
6.8035e-007,0.00670961
6.804e-007,0.00679355
6.8045e-007,0.00689632
6.805e-007,0.00693058
6.8055e-007,0.00698368
6.806e-007,0.00702308
6.8065e-007,0.00703679
6.807e-007,0.00702651
6.8075e-007,0.00699568
6.808e-007,0.00699739
6.8085e-007,0.00700253
6.809e-007,0.00699054
6.8095e-007,0.0069854
6.81e-007,0.00699739
6.8105e-007,0.00701452
6.811e-007,0.00703679
6.8115e-007,0.00706248
6.812e-007,0.00712072
6.8125e-007,0.00710702
6.813e-007,0.00713956
6.8135e-007,0.00714299
6.814e-007,0.00715669
6.8145e-007,0.00717725
6.815e-007,0.0071978
6.8155e-007,0.00721665
6.816e-007,0.0072509
6.8165e-007,0.00730229
6.817e-007,0.00735368
6.8175e-007,0.00742049
6.818e-007,0.00750099
6.8185e-007,0.00758322
6.819e-007,0.00767058
6.8195e-007,0.00774595
6.82e-007,0.00777507
6.8205e-007,0.00779391
6.821e-007,0.00775622
6.8215e-007,0.00768599
6.822e-007,0.00761576
6.8225e-007,0.00753354
6.823e-007,0.00740507
6.8235e-007,0.00730572
6.824e-007,0.0071978
6.8245e-007,0.00711387
6.825e-007,0.00707104
6.8255e-007,0.00708817
6.826e-007,0.00709331
6.8265e-007,0.00714641
6.827e-007,0.00720979
6.8275e-007,0.00726289
6.828e-007,0.00733313
6.8285e-007,0.00743762
6.829e-007,0.00747701
6.8295e-007,0.00751298
6.83e-007,0.00757123
6.8305e-007,0.00755238
6.831e-007,0.0075284
6.8315e-007,0.0074616
6.832e-007,0.00742734
6.8325e-007,0.00735197
6.833e-007,0.00728688
6.8335e-007,0.00724577
6.834e-007,0.00721665
6.8345e-007,0.00717553
6.835e-007,0.00717211
6.8355e-007,0.00713442
6.836e-007,0.00712072
6.8365e-007,0.00705905
6.837e-007,0.00705049
6.8375e-007,0.00700424
6.838e-007,0.00694429
6.8385e-007,0.0069066
6.839e-007,0.00688605
6.8395e-007,0.00686035
6.84e-007,0.00680211
6.8405e-007,0.00675929
6.841e-007,0.00671646
6.8415e-007,0.00668221
6.842e-007,0.00668906
6.8425e-007,0.00669077
6.843e-007,0.00672674
6.8435e-007,0.00677984
6.844e-007,0.00683637
6.8445e-007,0.00692887
6.845e-007,0.00699396
6.8455e-007,0.00701452
6.846e-007,0.00707104
6.8465e-007,0.00709845
6.847e-007,0.0071053
6.8475e-007,0.00711901
6.848e-007,0.00711216
6.8485e-007,0.00706591
6.849e-007,0.00700767
6.8495e-007,0.00699054
6.85e-007,0.00694943
6.8505e-007,0.00695456
6.851e-007,0.00697855
6.8515e-007,0.00701623
6.852e-007,0.00702308
6.8525e-007,0.0070779
6.853e-007,0.00709845
6.8535e-007,0.00714641
6.854e-007,0.00715669
6.8545e-007,0.00716183
6.855e-007,0.00712586
6.8555e-007,0.00713614
6.856e-007,0.00712243
6.8565e-007,0.00709331
6.857e-007,0.00708646
6.8575e-007,0.00706933
6.858e-007,0.00706762
6.8585e-007,0.00710359
6.859e-007,0.00711901
6.8595e-007,0.00715155
6.86e-007,0.00714813
6.8605e-007,0.00712072
6.861e-007,0.00703165
6.8615e-007,0.00695456
6.862e-007,0.00681068
6.8625e-007,0.00668734
6.863e-007,0.00655716
6.8635e-007,0.00639957
6.864e-007,0.00633619
6.8645e-007,0.00629337
6.865e-007,0.00627624
6.8655e-007,0.00631221
6.866e-007,0.00639957
6.8665e-007,0.00653661
6.867e-007,0.00668221
6.8675e-007,0.00685007
6.868e-007,0.00701452
6.8685e-007,0.00716183
6.869e-007,0.00723035
6.8695e-007,0.00723035
6.87e-007,0.00722692
6.8705e-007,0.00715155
6.871e-007,0.00707104
6.8715e-007,0.00693401
6.872e-007,0.00679697
6.8725e-007,0.00666679
6.873e-007,0.00655202
6.8735e-007,0.00645781
6.874e-007,0.00643383
6.8745e-007,0.00642012
6.875e-007,0.00647323
6.8755e-007,0.00655545
6.876e-007,0.00668906
6.8765e-007,0.0068141
6.877e-007,0.00692373
6.8775e-007,0.00701794
6.878e-007,0.007131
6.8785e-007,0.00717725
6.879e-007,0.00717382
6.8795e-007,0.00715498
6.88e-007,0.00709503
6.8805e-007,0.00701966
6.881e-007,0.00694257
6.8815e-007,0.00686035
6.882e-007,0.00676614
6.8825e-007,0.00671133
6.883e-007,0.0066548
6.8835e-007,0.00664623
6.884e-007,0.00664452
6.8845e-007,0.00668049
6.885e-007,0.00675415
6.8855e-007,0.00676614
6.886e-007,0.00685864
6.8865e-007,0.00689804
6.887e-007,0.00696142
6.8875e-007,0.00699225
6.888e-007,0.00702137
6.8885e-007,0.00704878
6.889e-007,0.00704021
6.8895e-007,0.00706591
6.89e-007,0.00704364
6.8905e-007,0.00704364
6.891e-007,0.00706248
6.8915e-007,0.00709503
6.892e-007,0.0071447
6.8925e-007,0.00719438
6.893e-007,0.00724577
6.8935e-007,0.00729887
6.894e-007,0.00736053
6.8945e-007,0.00745474
6.895e-007,0.00754724
6.8955e-007,0.00766372
6.896e-007,0.00773396
6.8965e-007,0.00778363
6.897e-007,0.0078453
6.8975e-007,0.00785729
6.898e-007,0.00786243
6.8985e-007,0.00784187
6.899e-007,0.00781104
6.8995e-007,0.00774766
6.9e-007,0.00765687
6.9005e-007,0.00757294
6.901e-007,0.00746502
6.9015e-007,0.00740507
6.902e-007,0.00734512
6.9025e-007,0.00730743
6.903e-007,0.00728345
6.9035e-007,0.00735539
6.904e-007,0.00737595
6.9045e-007,0.00745303
6.905e-007,0.00752155
6.9055e-007,0.00761919
6.906e-007,0.00765173
6.9065e-007,0.00774081
6.907e-007,0.00778192
6.9075e-007,0.00778534
6.908e-007,0.00772196
6.9085e-007,0.00770141
6.909e-007,0.00763289
6.9095e-007,0.00754211
6.91e-007,0.00744961
6.9105e-007,0.00736225
6.911e-007,0.00728859
6.9115e-007,0.00719438
6.912e-007,0.00712415
6.9125e-007,0.00702137
6.913e-007,0.00696313
6.9135e-007,0.00689461
6.914e-007,0.00687406
6.9145e-007,0.00682781
6.915e-007,0.00679012
6.9155e-007,0.00677813
6.916e-007,0.0067867
6.9165e-007,0.00680554
6.917e-007,0.00682781
6.9175e-007,0.00687577
6.918e-007,0.00691688
6.9185e-007,0.00700081
6.919e-007,0.00706933
6.9195e-007,0.0071704
6.92e-007,0.0072372
6.9205e-007,0.00731771
6.921e-007,0.00737252
6.9215e-007,0.00742562
6.922e-007,0.0074359
6.9225e-007,0.00743076
6.923e-007,0.00739308
6.9235e-007,0.00738965
6.924e-007,0.00735026
6.9245e-007,0.00728859
6.925e-007,0.00721151
6.9255e-007,0.00714128
6.926e-007,0.0071053
6.9265e-007,0.00700081
6.927e-007,0.00695628
6.9275e-007,0.00689632
6.928e-007,0.00687577
6.9285e-007,0.00684665
6.929e-007,0.00683466
6.9295e-007,0.00679012
6.93e-007,0.00676271
6.9305e-007,0.00675072
6.931e-007,0.00671989
6.9315e-007,0.00667878
6.932e-007,0.00661711
6.9325e-007,0.00658971
6.933e-007,0.00656744
6.9335e-007,0.00652804
6.934e-007,0.00657258
6.9345e-007,0.0065623
6.935e-007,0.00660341
6.9355e-007,0.00664966
6.936e-007,0.00671475
6.9365e-007,0.00679012
6.937e-007,0.00681924
6.9375e-007,0.00688262
6.938e-007,0.00693401
6.9385e-007,0.00695285
6.939e-007,0.00696655
6.9395e-007,0.00697512
6.94e-007,0.00694943
6.9405e-007,0.00691517
6.941e-007,0.00692544
6.9415e-007,0.00688433
6.942e-007,0.00688947
6.9425e-007,0.00687063
6.943e-007,0.00684494
6.9435e-007,0.00682609
6.944e-007,0.0068004
6.9445e-007,0.00675586
6.945e-007,0.0067079
6.9455e-007,0.00668221
6.946e-007,0.00664281
6.9465e-007,0.00657772
6.947e-007,0.00656573
6.9475e-007,0.00657772
6.948e-007,0.00656915
6.9485e-007,0.00657772
6.949e-007,0.00663596
6.9495e-007,0.00666679
6.95e-007,0.00672503
6.9505e-007,0.00677128
6.951e-007,0.0067867
6.9515e-007,0.00680725
6.952e-007,0.00681239
6.9525e-007,0.00683808
6.953e-007,0.00683466
6.9535e-007,0.00680725
6.954e-007,0.0068141
6.9545e-007,0.00683123
6.955e-007,0.00684494
6.9555e-007,0.00689461
6.956e-007,0.00695628
6.9565e-007,0.00707447
6.957e-007,0.00712928
6.9575e-007,0.00721322
6.958e-007,0.00723891
6.9585e-007,0.00728859
6.959e-007,0.00728859
6.9595e-007,0.00727489
6.96e-007,0.00719095
6.9605e-007,0.00708304
6.961e-007,0.00702137
6.9615e-007,0.00691688
6.962e-007,0.00683637
6.9625e-007,0.006761
6.963e-007,0.00673702
6.9635e-007,0.00672846
6.964e-007,0.00679355
6.9645e-007,0.00684665
6.965e-007,0.00691859
6.9655e-007,0.00699739
6.966e-007,0.00708817
6.9665e-007,0.00716183
6.967e-007,0.00718581
6.9675e-007,0.00721322
6.968e-007,0.00719095
6.9685e-007,0.00716526
6.969e-007,0.00714984
6.9695e-007,0.00714299
6.97e-007,0.00711044
6.9705e-007,0.00707104
6.971e-007,0.00708304
6.9715e-007,0.00712072
6.972e-007,0.00716354
6.9725e-007,0.00720979
6.973e-007,0.00729373
6.9735e-007,0.00734854
6.974e-007,0.00741363
6.9745e-007,0.00744789
6.975e-007,0.00745646
6.9755e-007,0.0074753
6.976e-007,0.00748044
6.9765e-007,0.00745988
6.977e-007,0.0074085
6.9775e-007,0.0073828
6.978e-007,0.00735197
6.9785e-007,0.00736396
6.979e-007,0.00734683
6.9795e-007,0.00732799
6.98e-007,0.00732799
6.9805e-007,0.00735026
6.981e-007,0.00737424
6.9815e-007,0.00741021
6.982e-007,0.00742905
6.9825e-007,0.00741877
6.983e-007,0.00736053
6.9835e-007,0.007316
6.984e-007,0.00723549
6.9845e-007,0.00717382
6.985e-007,0.00705734
6.9855e-007,0.00697341
6.986e-007,0.00693572
6.9865e-007,0.00692544
6.987e-007,0.00692716
6.9875e-007,0.00696484
6.988e-007,0.0070385
6.9885e-007,0.0071053
6.989e-007,0.00719095
6.9895e-007,0.00727146
6.99e-007,0.00733484
6.9905e-007,0.00736567
6.991e-007,0.00738451
6.9915e-007,0.00737081
6.992e-007,0.00735197
6.9925e-007,0.00731942
6.993e-007,0.00724234
6.9935e-007,0.00718239
6.994e-007,0.00713956
6.9945e-007,0.00707447
6.995e-007,0.00702651
6.9955e-007,0.00704021
6.996e-007,0.00705049
6.9965e-007,0.00706248
6.997e-007,0.00712928
6.9975e-007,0.00721493
6.998e-007,0.00728516
6.9985e-007,0.00734854
6.999e-007,0.00738794
6.9995e-007,0.00740164
7e-007,0.00741363
7.0005e-007,0.00736396
7.001e-007,0.00731086
7.0015e-007,0.00720979
7.002e-007,0.00708646
7.0025e-007,0.00694943
7.003e-007,0.00680725
7.0035e-007,0.00665137
7.004e-007,0.00655545
7.0045e-007,0.00645952
7.005e-007,0.00640642
7.0055e-007,0.00641841
7.006e-007,0.00647323
7.0065e-007,0.00655887
7.007e-007,0.00667707
7.0075e-007,0.00676785
7.008e-007,0.00682781
7.0085e-007,0.00691859
7.009e-007,0.00693743
7.0095e-007,0.0069597
7.01e-007,0.00692887
7.0105e-007,0.00688433
7.011e-007,0.00681239
7.0115e-007,0.00671818
7.012e-007,0.00663253
7.0125e-007,0.00652633
7.013e-007,0.00646466
7.0135e-007,0.00647323
7.014e-007,0.00646466
7.0145e-007,0.00651605
7.015e-007,0.00658114
7.0155e-007,0.0066291
7.016e-007,0.00671304
7.0165e-007,0.00676614
7.017e-007,0.00678327
7.0175e-007,0.00682952
7.018e-007,0.00685007
7.0185e-007,0.0069066
7.019e-007,0.00692544
7.0195e-007,0.00693572
7.02e-007,0.00698711
7.0205e-007,0.0070128
7.021e-007,0.00709674
7.0215e-007,0.00719438
7.022e-007,0.00724063
7.0225e-007,0.00730743
7.023e-007,0.00733998
7.0235e-007,0.00738109
7.024e-007,0.00733313
7.0245e-007,0.00726632
7.025e-007,0.00720808
7.0255e-007,0.0071053
7.026e-007,0.00697683
7.0265e-007,0.0068535
7.027e-007,0.00675244
7.0275e-007,0.00670105
7.028e-007,0.00669077
7.0285e-007,0.00665822
7.029e-007,0.00671818
7.0295e-007,0.00675415
7.03e-007,0.00683123
7.0305e-007,0.0068672
7.031e-007,0.00694771
7.0315e-007,0.00696827
7.032e-007,0.00701794
7.0325e-007,0.00698026
7.033e-007,0.00698197
7.0335e-007,0.00693572
7.034e-007,0.00689461
7.0345e-007,0.00682952
7.035e-007,0.00678156
7.0355e-007,0.00674901
7.036e-007,0.00670105
7.0365e-007,0.00671475
7.037e-007,0.00671475
7.0375e-007,0.00673188
7.038e-007,0.00678498
7.0385e-007,0.00685179
7.039e-007,0.00691859
7.0395e-007,0.0069854
7.04e-007,0.00702137
7.0405e-007,0.00709331
7.041e-007,0.00714984
7.0415e-007,0.00717725
7.042e-007,0.00720294
7.0425e-007,0.00717382
7.043e-007,0.00713956
7.0435e-007,0.00705392
7.044e-007,0.00697512
7.0445e-007,0.00690489
7.045e-007,0.00687234
7.0455e-007,0.00689804
7.046e-007,0.00689632
7.0465e-007,0.00695799
7.047e-007,0.00705392
7.0475e-007,0.00717211
7.048e-007,0.00730914
7.0485e-007,0.00745646
7.049e-007,0.00757636
7.0495e-007,0.00765345
7.05e-007,0.00772196
7.0505e-007,0.00773396
7.051e-007,0.00769284
7.0515e-007,0.00762261
7.052e-007,0.00750613
7.0525e-007,0.00737766
7.053e-007,0.00725776
7.0535e-007,0.0071704
7.054e-007,0.0070779
7.0545e-007,0.00706077
7.055e-007,0.00704878
7.0555e-007,0.00709331
7.056e-007,0.00716183
7.0565e-007,0.00722692
7.057e-007,0.00731942
7.0575e-007,0.00743248
7.058e-007,0.0075284
7.0585e-007,0.00759692
7.059e-007,0.00764659
7.0595e-007,0.00768085
7.06e-007,0.0077134
7.0605e-007,0.00774595
7.061e-007,0.00772368
7.0615e-007,0.00773567
7.062e-007,0.00771511
7.0625e-007,0.00770312
7.063e-007,0.00769456
7.0635e-007,0.00767229
7.064e-007,0.00763632
7.0645e-007,0.00760206
7.065e-007,0.00759178
7.0655e-007,0.00758835
7.066e-007,0.00758322
7.0665e-007,0.00756951
7.067e-007,0.00749757
7.0675e-007,0.00748215
7.068e-007,0.00742391
7.0685e-007,0.00736567
7.069e-007,0.00728002
7.0695e-007,0.00724234
7.07e-007,0.00717382
7.0705e-007,0.00710188
7.071e-007,0.00704364
7.0715e-007,0.00697169
7.072e-007,0.00694086
7.0725e-007,0.00689975
7.073e-007,0.00684665
7.0735e-007,0.00682095
7.074e-007,0.00681068
7.0745e-007,0.00682438
7.075e-007,0.00684494
7.0755e-007,0.00685521
7.076e-007,0.00691174
7.0765e-007,0.00694771
7.077e-007,0.00697169
7.0775e-007,0.00698026
7.078e-007,0.0069991
7.0785e-007,0.00700081
7.079e-007,0.00701966
7.0795e-007,0.00700938
7.08e-007,0.00702993
7.0805e-007,0.00706077
7.081e-007,0.0070779
7.0815e-007,0.0071053
7.082e-007,0.00712072
7.0825e-007,0.00715498
7.083e-007,0.00717382
7.0835e-007,0.00718581
7.084e-007,0.00718753
7.0845e-007,0.00718581
7.085e-007,0.00713956
7.0855e-007,0.0071053
7.086e-007,0.00705563
7.0865e-007,0.00698026
7.087e-007,0.00691345
7.0875e-007,0.00683466
7.088e-007,0.00676785
7.0885e-007,0.00670961
7.089e-007,0.00665994
7.0895e-007,0.00665137
7.09e-007,0.00665137
7.0905e-007,0.00670105
7.091e-007,0.00673359
7.0915e-007,0.00679869
7.092e-007,0.00687748
7.0925e-007,0.00693572
7.093e-007,0.00703336
7.0935e-007,0.00710873
7.094e-007,0.00716354
7.0945e-007,0.00718067
7.095e-007,0.00719438
7.0955e-007,0.00722864
7.096e-007,0.00718753
7.0965e-007,0.0071584
7.097e-007,0.00711387
7.0975e-007,0.00705734
7.098e-007,0.00696827
7.0985e-007,0.00689975
7.099e-007,0.00682267
7.0995e-007,0.00676785
7.1e-007,0.00675758
7.1005e-007,0.0067079
7.101e-007,0.00667193
7.1015e-007,0.00667535
7.102e-007,0.00668563
7.1025e-007,0.00672674
7.103e-007,0.00676443
7.1035e-007,0.00681068
7.104e-007,0.00684494
7.1045e-007,0.00687748
7.105e-007,0.00691688
7.1055e-007,0.00691517
7.106e-007,0.00692031
7.1065e-007,0.00688947
7.107e-007,0.00689119
7.1075e-007,0.00688262
7.108e-007,0.00687406
7.1085e-007,0.00686892
7.109e-007,0.00690318
7.1095e-007,0.00687748
7.11e-007,0.00689461
7.1105e-007,0.00691174
7.111e-007,0.00695114
7.1115e-007,0.00698711
7.112e-007,0.00701623
7.1125e-007,0.00699054
7.113e-007,0.00701623
7.1135e-007,0.00699396
7.114e-007,0.00696313
7.1145e-007,0.00692031
7.115e-007,0.00687748
7.1155e-007,0.00683295
7.116e-007,0.00676785
7.1165e-007,0.0067867
7.117e-007,0.00676957
7.1175e-007,0.00680211
7.118e-007,0.00682781
7.1185e-007,0.0069066
7.119e-007,0.0069597
7.1195e-007,0.00702651
7.12e-007,0.00711901
7.1205e-007,0.00722178
7.121e-007,0.00730743
7.1215e-007,0.00737595
7.122e-007,0.00743419
7.1225e-007,0.0074616
7.123e-007,0.00747359
7.1235e-007,0.00748044
7.124e-007,0.00744789
7.1245e-007,0.00742391
7.125e-007,0.00737595
7.1255e-007,0.00735197
7.126e-007,0.00732285
7.1265e-007,0.00729887
7.127e-007,0.0072903
7.1275e-007,0.00730572
7.128e-007,0.0072903
7.1285e-007,0.00730914
7.129e-007,0.00736396
7.1295e-007,0.00738623
7.13e-007,0.00741192
7.1305e-007,0.00743248
7.131e-007,0.0074359
7.1315e-007,0.00740336
7.132e-007,0.00741192
7.1325e-007,0.00738623
7.133e-007,0.00735539
7.1335e-007,0.00731257
7.134e-007,0.00729201
7.1345e-007,0.00728516
7.135e-007,0.00727146
7.1355e-007,0.00729887
7.136e-007,0.00731942
7.1365e-007,0.00734169
7.137e-007,0.0073434
7.1375e-007,0.00739137
7.138e-007,0.00737938
7.1385e-007,0.00741877
7.139e-007,0.00743248
7.1395e-007,0.00748215
7.14e-007,0.00752498
7.1405e-007,0.00756951
7.141e-007,0.00762775
7.1415e-007,0.00769627
7.142e-007,0.00773053
7.1425e-007,0.00776993
7.143e-007,0.00780419
7.1435e-007,0.00784016
7.144e-007,0.00782474
7.1445e-007,0.00778534
7.145e-007,0.00771854
7.1455e-007,0.00766372
7.146e-007,0.0075678
7.1465e-007,0.0074753
7.147e-007,0.00740507
7.1475e-007,0.00735882
7.148e-007,0.00733998
7.1485e-007,0.00729715
7.149e-007,0.00729373
7.1495e-007,0.00733655
7.15e-007,0.00737252
7.1505e-007,0.0074222
7.151e-007,0.00745303
7.1515e-007,0.0074359
7.152e-007,0.00744447
7.1525e-007,0.0073965
7.153e-007,0.00733141
7.1535e-007,0.00727317
7.154e-007,0.00719266
7.1545e-007,0.00711044
7.155e-007,0.00708132
7.1555e-007,0.00703679
7.156e-007,0.00701109
7.1565e-007,0.0070248
7.157e-007,0.00710016
7.1575e-007,0.00713442
7.158e-007,0.00721151
7.1585e-007,0.00726118
7.159e-007,0.00732113
7.1595e-007,0.00736225
7.16e-007,0.00737252
7.1605e-007,0.00733141
7.161e-007,0.00726803
7.1615e-007,0.00721665
7.162e-007,0.00711729
7.1625e-007,0.00700767
7.163e-007,0.00692887
7.1635e-007,0.00682609
7.164e-007,0.00675415
7.1645e-007,0.00671304
7.165e-007,0.00665994
7.1655e-007,0.0066291
7.166e-007,0.00662054
7.1665e-007,0.00662397
7.167e-007,0.00661197
7.1675e-007,0.00663082
7.168e-007,0.00661369
7.1685e-007,0.00661197
7.169e-007,0.00657943
7.1695e-007,0.00655545
7.17e-007,0.00654174
7.1705e-007,0.00657943
7.171e-007,0.00659142
7.1715e-007,0.0066548
7.172e-007,0.00673873
7.1725e-007,0.0068398
7.173e-007,0.00695456
7.1735e-007,0.00706591
7.174e-007,0.00719438
7.1745e-007,0.00727831
7.175e-007,0.00729544
7.1755e-007,0.00732627
7.176e-007,0.00730058
7.1765e-007,0.00725262
7.177e-007,0.00712928
7.1775e-007,0.0070385
7.178e-007,0.00692716
7.1785e-007,0.00682781
7.179e-007,0.00672846
7.1795e-007,0.00666508
7.18e-007,0.00663253
7.1805e-007,0.0066548
7.181e-007,0.00669762
7.1815e-007,0.00672674
7.182e-007,0.00681924
7.1825e-007,0.00688605
7.183e-007,0.006946
7.1835e-007,0.00699568
7.184e-007,0.00702137
7.1845e-007,0.00702822
7.185e-007,0.00697855
7.1855e-007,0.00693572
7.186e-007,0.00689975
7.1865e-007,0.00687063
7.187e-007,0.00682781
7.1875e-007,0.00682095
7.188e-007,0.00683637
7.1885e-007,0.00682952
7.189e-007,0.00688433
7.1895e-007,0.00692202
7.19e-007,0.00691345
7.1905e-007,0.00694257
7.191e-007,0.00697683
7.1915e-007,0.00697169
7.192e-007,0.00693915
7.1925e-007,0.00692544
7.193e-007,0.0068929
7.1935e-007,0.00685007
7.194e-007,0.00684151
7.1945e-007,0.00687234
7.195e-007,0.00689804
7.1955e-007,0.00691517
7.196e-007,0.00697341
7.1965e-007,0.00702308
7.197e-007,0.00709845
7.1975e-007,0.00717896
7.198e-007,0.00724063
7.1985e-007,0.00729887
7.199e-007,0.00733655
7.1995e-007,0.00738794
7.2e-007,0.00741021
7.2005e-007,0.0073691
7.201e-007,0.00735026
7.2015e-007,0.00729887
7.202e-007,0.00722864
7.2025e-007,0.00718239
7.203e-007,0.00714984
7.2035e-007,0.00715498
7.204e-007,0.00716183
7.2045e-007,0.0071704
7.205e-007,0.00721151
7.2055e-007,0.00728859
7.206e-007,0.00737766
7.2065e-007,0.00743419
7.207e-007,0.00754553
7.2075e-007,0.00761234
7.208e-007,0.00767743
7.2085e-007,0.00770484
7.209e-007,0.00769798
7.2095e-007,0.00767058
7.21e-007,0.00757123
7.2105e-007,0.007489
7.211e-007,0.00737766
7.2115e-007,0.00726632
7.212e-007,0.00717382
7.2125e-007,0.0070779
7.213e-007,0.00703507
7.2135e-007,0.00698368
7.214e-007,0.00701452
7.2145e-007,0.00699054
7.215e-007,0.00698882
7.2155e-007,0.00703165
7.216e-007,0.0070385
7.2165e-007,0.00705734
7.217e-007,0.00708132
7.2175e-007,0.00712586
7.218e-007,0.00710359
7.2185e-007,0.00708132
7.219e-007,0.00705563
7.2195e-007,0.00704364
7.22e-007,0.00699568
7.2205e-007,0.00701452
7.221e-007,0.00700938
7.2215e-007,0.00704364
7.222e-007,0.00708132
7.2225e-007,0.00715669
7.223e-007,0.00719952
7.2235e-007,0.00726118
7.224e-007,0.00728002
7.2245e-007,0.00728345
7.225e-007,0.00729887
7.2255e-007,0.00726632
7.226e-007,0.00723035
7.2265e-007,0.0071053
7.227e-007,0.00702651
7.2275e-007,0.00690318
7.228e-007,0.00677642
7.2285e-007,0.00667193
7.229e-007,0.00659313
7.2295e-007,0.00655887
7.23e-007,0.00657086
7.2305e-007,0.00656573
7.231e-007,0.00661711
7.2315e-007,0.00667364
7.232e-007,0.00673873
7.2325e-007,0.00680554
7.233e-007,0.00685693
7.2335e-007,0.00688776
7.234e-007,0.00687919
7.2345e-007,0.00681924
7.235e-007,0.00678327
7.2355e-007,0.00668906
7.236e-007,0.00661883
7.2365e-007,0.00654346
7.237e-007,0.00646809
7.2375e-007,0.006403
7.238e-007,0.00638415
7.2385e-007,0.00637559
7.239e-007,0.00642869
7.2395e-007,0.00649036
7.24e-007,0.00655373
7.2405e-007,0.00665309
7.241e-007,0.00671133
7.2415e-007,0.00678841
7.242e-007,0.00682438
7.2425e-007,0.00689119
7.243e-007,0.00689975
7.2435e-007,0.00690318
7.244e-007,0.00687406
7.2445e-007,0.00684494
7.245e-007,0.00681068
7.2455e-007,0.00680382
7.246e-007,0.00677128
7.2465e-007,0.00675415
7.247e-007,0.00673702
7.2475e-007,0.00673188
7.248e-007,0.00673188
7.2485e-007,0.0067216
7.249e-007,0.00673017
7.2495e-007,0.00675072
7.25e-007,0.0067747
7.2505e-007,0.00679869
7.251e-007,0.00685521
7.2515e-007,0.00687577
7.252e-007,0.00691517
7.2525e-007,0.00694086
7.253e-007,0.006946
7.2535e-007,0.006946
7.254e-007,0.00694429
7.2545e-007,0.00694086
7.255e-007,0.00688947
7.2555e-007,0.00686549
7.256e-007,0.00686035
7.2565e-007,0.00682095
7.257e-007,0.006761
7.2575e-007,0.00672846
7.258e-007,0.00672674
7.2585e-007,0.00663938
7.259e-007,0.00659656
7.2595e-007,0.00658114
7.26e-007,0.00653832
7.2605e-007,0.00653318
7.261e-007,0.00651262
7.2615e-007,0.00650235
7.262e-007,0.0064835
7.2625e-007,0.00650577
7.263e-007,0.00653832
7.2635e-007,0.00659998
7.264e-007,0.00668392
7.2645e-007,0.00681239
7.265e-007,0.00691859
7.2655e-007,0.00699225
7.266e-007,0.00708817
7.2665e-007,0.00711216
7.267e-007,0.00715327
7.2675e-007,0.007131
7.268e-007,0.00711216
7.2685e-007,0.00702822
7.269e-007,0.00693058
7.2695e-007,0.00682952
7.27e-007,0.00673359
7.2705e-007,0.00667364
7.271e-007,0.0066154
7.2715e-007,0.00660512
7.272e-007,0.00662397
7.2725e-007,0.00669248
7.273e-007,0.00676614
7.2735e-007,0.00682267
7.274e-007,0.00686892
7.2745e-007,0.00687063
7.275e-007,0.00687577
7.2755e-007,0.00688433
7.276e-007,0.00688947
7.2765e-007,0.00687063
7.277e-007,0.00683808
7.2775e-007,0.00682952
7.278e-007,0.00683466
7.2785e-007,0.00688776
7.279e-007,0.006946
7.2795e-007,0.0070385
7.28e-007,0.00716526
7.2805e-007,0.00730743
7.281e-007,0.00748044
7.2815e-007,0.00763803
7.282e-007,0.00774937
7.2825e-007,0.00787613
7.283e-007,0.0079515
7.2835e-007,0.00798233
7.284e-007,0.00797377
7.2845e-007,0.00790011
7.285e-007,0.00777164
7.2855e-007,0.0076603
7.286e-007,0.00753868
7.2865e-007,0.00735711
7.287e-007,0.00721322
7.2875e-007,0.00711558
7.288e-007,0.0070385
7.2885e-007,0.00699225
7.289e-007,0.00696313
7.2895e-007,0.0069991
7.29e-007,0.00704364
7.2905e-007,0.00712072
7.291e-007,0.00721151
7.2915e-007,0.00725604
7.292e-007,0.00729715
7.2925e-007,0.00730572
7.293e-007,0.00731942
7.2935e-007,0.00728688
7.294e-007,0.00721665
7.2945e-007,0.00713956
7.295e-007,0.00710359
7.2955e-007,0.00704192
7.296e-007,0.0069991
7.2965e-007,0.00699568
7.297e-007,0.00700424
7.2975e-007,0.00706762
7.298e-007,0.00713271
7.2985e-007,0.00718924
7.299e-007,0.00722521
7.2995e-007,0.00725947
7.3e-007,0.0072903
7.3005e-007,0.00726289
7.301e-007,0.00727146
7.3015e-007,0.00726118
7.302e-007,0.00726975
7.3025e-007,0.00723377
7.303e-007,0.0071978
7.3035e-007,0.00717382
7.304e-007,0.00717725
7.3045e-007,0.00719438
7.305e-007,0.00717553
7.3055e-007,0.00713785
7.306e-007,0.00714299
7.3065e-007,0.00711901
7.307e-007,0.00706762
7.3075e-007,0.00699225
7.308e-007,0.00696998
7.3085e-007,0.00687919
7.309e-007,0.00684494
7.3095e-007,0.00683295
7.31e-007,0.00680725
7.3105e-007,0.00675758
7.311e-007,0.00678327
7.3115e-007,0.00679355
7.312e-007,0.00679183
7.3125e-007,0.00682267
7.313e-007,0.0068141
7.3135e-007,0.00680382
7.314e-007,0.00680382
7.3145e-007,0.00681239
7.315e-007,0.00681924
7.3155e-007,0.00683123
7.316e-007,0.0068141
7.3165e-007,0.00685179
7.317e-007,0.00688776
7.3175e-007,0.00689975
7.318e-007,0.00696827
7.3185e-007,0.00699739
7.319e-007,0.00706591
7.3195e-007,0.00706762
7.32e-007,0.00712072
7.3205e-007,0.00714128
7.321e-007,0.00719952
7.3215e-007,0.00723549
7.322e-007,0.00726632
7.3225e-007,0.00727317
7.323e-007,0.00724748
7.3235e-007,0.00721493
7.324e-007,0.00718239
7.3245e-007,0.00708817
7.325e-007,0.00702308
7.3255e-007,0.00692544
7.326e-007,0.00682781
7.3265e-007,0.00673702
7.327e-007,0.00665309
7.3275e-007,0.00657429
7.328e-007,0.006576
7.3285e-007,0.00652633
7.329e-007,0.00652119
7.3295e-007,0.00655887
7.33e-007,0.00658628
7.3305e-007,0.00664623
7.331e-007,0.00667364
7.3315e-007,0.0067079
7.332e-007,0.00672332
7.3325e-007,0.00675072
7.333e-007,0.00673017
7.3335e-007,0.00667364
7.334e-007,0.00661883
7.3345e-007,0.00654346
7.335e-007,0.00647837
7.3355e-007,0.006391
7.336e-007,0.0063242
7.3365e-007,0.00626596
7.337e-007,0.00626425
7.3375e-007,0.00625739
7.338e-007,0.00626767
7.3385e-007,0.00630536
7.339e-007,0.00636874
7.3395e-007,0.00646466
7.34e-007,0.00654174
7.3405e-007,0.00663938
7.341e-007,0.00676443
7.3415e-007,0.0069323
7.342e-007,0.00709331
7.3425e-007,0.00717896
7.343e-007,0.00726975
7.3435e-007,0.00733313
7.344e-007,0.00734169
7.3445e-007,0.00739308
7.345e-007,0.00738623
7.3455e-007,0.00731942
7.346e-007,0.00724405
7.3465e-007,0.00717553
7.347e-007,0.00708475
7.3475e-007,0.00697855
7.348e-007,0.00685693
7.3485e-007,0.00680211
7.349e-007,0.00673873
7.3495e-007,0.00667193
7.35e-007,0.00665309
7.3505e-007,0.00669591
7.351e-007,0.00674045
7.3515e-007,0.0067867
7.352e-007,0.00684322
7.3525e-007,0.00695799
7.353e-007,0.00704878
7.3535e-007,0.00715669
7.354e-007,0.00724405
7.3545e-007,0.00733141
7.355e-007,0.00739822
7.3555e-007,0.00745474
7.356e-007,0.00745646
7.3565e-007,0.00751298
7.357e-007,0.00753525
7.3575e-007,0.00755581
7.358e-007,0.00755752
7.3585e-007,0.00756951
7.359e-007,0.00756095
7.3595e-007,0.00753011
7.36e-007,0.00754039
7.3605e-007,0.00749928
7.361e-007,0.00746845
7.3615e-007,0.00738965
7.362e-007,0.00730572
7.3625e-007,0.00723206
7.363e-007,0.00714984
7.3635e-007,0.00709845
7.364e-007,0.00703165
7.3645e-007,0.00699568
7.365e-007,0.00697512
7.3655e-007,0.00698882
7.366e-007,0.00704364
7.3665e-007,0.00709331
7.367e-007,0.00714813
7.3675e-007,0.00718753
7.368e-007,0.00724234
7.3685e-007,0.00723549
7.369e-007,0.00723891
7.3695e-007,0.00717553
7.37e-007,0.00713442
7.3705e-007,0.00706248
7.371e-007,0.00698026
7.3715e-007,0.00689632
7.372e-007,0.00682095
7.3725e-007,0.00677642
7.373e-007,0.00675586
7.3735e-007,0.00679355
7.374e-007,0.00685179
7.3745e-007,0.00692716
7.375e-007,0.00701452
7.3755e-007,0.00712586
7.376e-007,0.00720123
7.3765e-007,0.00729373
7.377e-007,0.00732113
7.3775e-007,0.00737252
7.378e-007,0.00742905
7.3785e-007,0.0074222
7.379e-007,0.00738794
7.3795e-007,0.00734512
7.38e-007,0.00734854
7.3805e-007,0.00731086
7.381e-007,0.00728345
7.3815e-007,0.0072372
7.382e-007,0.00718753
7.3825e-007,0.00716012
7.383e-007,0.00714813
7.3835e-007,0.00711901
7.384e-007,0.00711901
7.3845e-007,0.00708646
7.385e-007,0.00706248
7.3855e-007,0.00707447
7.386e-007,0.00709331
7.3865e-007,0.00710873
7.387e-007,0.0071447
7.3875e-007,0.0071841
7.388e-007,0.0071704
7.3885e-007,0.00716697
7.389e-007,0.00714813
7.3895e-007,0.00713785
7.39e-007,0.00712243
7.3905e-007,0.00710873
7.391e-007,0.00707618
7.3915e-007,0.00703679
7.392e-007,0.00705049
7.3925e-007,0.00705905
7.393e-007,0.00706419
7.3935e-007,0.00711558
7.394e-007,0.00716697
7.3945e-007,0.00723891
7.395e-007,0.00734169
7.3955e-007,0.00740678
7.396e-007,0.00749072
7.3965e-007,0.00756095
7.397e-007,0.00756095
7.3975e-007,0.0075678
7.398e-007,0.00754211
7.3985e-007,0.00748215
7.399e-007,0.00741192
7.3995e-007,0.00730401
7.4e-007,0.00719438
7.4005e-007,0.00711387
7.401e-007,0.00702137
7.4015e-007,0.00694771
7.402e-007,0.00687919
7.4025e-007,0.00685007
7.403e-007,0.00682781
7.4035e-007,0.00682781
7.404e-007,0.00684494
7.4045e-007,0.0068929
7.405e-007,0.00688605
7.4055e-007,0.00691174
7.406e-007,0.00691688
7.4065e-007,0.00692202
7.407e-007,0.00691859
7.4075e-007,0.00691345
7.408e-007,0.00688091
7.4085e-007,0.00684494
7.409e-007,0.00683637
7.4095e-007,0.0067867
7.41e-007,0.00678327
7.4105e-007,0.00677128
7.411e-007,0.00677299
7.4115e-007,0.00673359
7.412e-007,0.00671475
7.4125e-007,0.00667707
7.413e-007,0.00671475
7.4135e-007,0.00672503
7.414e-007,0.00676614
7.4145e-007,0.00684494
7.415e-007,0.00693743
7.4155e-007,0.00699054
7.416e-007,0.00707447
7.4165e-007,0.0071584
7.417e-007,0.00717896
7.4175e-007,0.00720465
7.418e-007,0.00717896
7.4185e-007,0.0071447
7.419e-007,0.0071053
7.4195e-007,0.00702137
7.42e-007,0.00697855
7.4205e-007,0.00690831
7.421e-007,0.00686035
7.4215e-007,0.00684322
7.422e-007,0.00682609
7.4225e-007,0.00684836
7.423e-007,0.00690831
7.4235e-007,0.00692716
7.424e-007,0.00697855
7.4245e-007,0.00700938
7.425e-007,0.00705734
7.4255e-007,0.00706077
7.426e-007,0.00706591
7.4265e-007,0.00709503
7.427e-007,0.00711558
7.4275e-007,0.00714641
7.428e-007,0.00719266
7.4285e-007,0.00728002
7.429e-007,0.00733313
7.4295e-007,0.00741021
7.43e-007,0.00746502
7.4305e-007,0.00753697
7.431e-007,0.00757636
7.4315e-007,0.00758493
7.432e-007,0.00758493
7.4325e-007,0.00755581
7.433e-007,0.007489
7.4335e-007,0.00739308
7.434e-007,0.00732627
7.4345e-007,0.00723549
7.435e-007,0.00716868
7.4355e-007,0.00712928
7.436e-007,0.00710702
7.4365e-007,0.00709503
7.437e-007,0.00709331
7.4375e-007,0.00711387
7.438e-007,0.00713956
7.4385e-007,0.00713614
7.439e-007,0.00714813
7.4395e-007,0.00714813
7.44e-007,0.00716868
7.4405e-007,0.00714813
7.441e-007,0.00714299
7.4415e-007,0.00709674
7.442e-007,0.00704878
7.4425e-007,0.0069991
7.443e-007,0.00692031
7.4435e-007,0.00689804
7.444e-007,0.00687919
7.4445e-007,0.00683295
7.445e-007,0.0068004
7.4455e-007,0.0067747
7.446e-007,0.00674387
7.4465e-007,0.00673188
7.447e-007,0.00675586
7.4475e-007,0.0067867
7.448e-007,0.00687063
7.4485e-007,0.00694943
7.449e-007,0.00699054
7.4495e-007,0.00707618
7.45e-007,0.00716697
7.4505e-007,0.00720808
7.451e-007,0.0072235
7.4515e-007,0.0072235
7.452e-007,0.00720465
7.4525e-007,0.00711901
7.453e-007,0.00702308
7.4535e-007,0.00692544
7.454e-007,0.00684322
7.4545e-007,0.00679183
7.455e-007,0.00675415
7.4555e-007,0.00675758
7.456e-007,0.00675415
7.4565e-007,0.00686378
7.457e-007,0.00693401
7.4575e-007,0.00702137
7.458e-007,0.00714641
7.4585e-007,0.00727831
7.459e-007,0.00739308
7.4595e-007,0.00746845
7.46e-007,0.00751812
7.4605e-007,0.00753354
7.461e-007,0.00751127
7.4615e-007,0.00748558
7.462e-007,0.00743762
7.4625e-007,0.00738109
7.463e-007,0.00730743
7.4635e-007,0.00725262
7.464e-007,0.00718239
7.4645e-007,0.00708304
7.465e-007,0.00700767
7.4655e-007,0.00692887
7.466e-007,0.00684494
7.4665e-007,0.0067867
7.467e-007,0.00671304
7.4675e-007,0.00670447
7.468e-007,0.00665309
7.4685e-007,0.00662568
7.469e-007,0.00664452
7.4695e-007,0.0066685
7.47e-007,0.0066548
7.4705e-007,0.00667193
7.471e-007,0.00667535
7.4715e-007,0.00668392
7.472e-007,0.00663767
7.4725e-007,0.00662739
7.473e-007,0.00662397
7.4735e-007,0.00657943
7.474e-007,0.0065623
7.4745e-007,0.00651434
7.475e-007,0.00649721
7.4755e-007,0.00647837
7.476e-007,0.00645781
7.4765e-007,0.00643725
7.477e-007,0.00640642
7.4775e-007,0.00641156
7.478e-007,0.00641499
7.4785e-007,0.0064304
7.479e-007,0.00642698
7.4795e-007,0.00648522
7.48e-007,0.00656744
7.4805e-007,0.00665309
7.481e-007,0.00677642
7.4815e-007,0.00689119
7.482e-007,0.00704878
7.4825e-007,0.00721665
7.483e-007,0.00738451
7.4835e-007,0.00748558
7.484e-007,0.00757636
7.4845e-007,0.00762775
7.485e-007,0.00767571
7.4855e-007,0.00763974
7.486e-007,0.0075541
7.4865e-007,0.0074359
7.487e-007,0.00725947
7.4875e-007,0.0071447
7.488e-007,0.00699739
7.4885e-007,0.00690318
7.489e-007,0.00685007
7.4895e-007,0.00683808
7.49e-007,0.00687406
7.4905e-007,0.00697855
7.491e-007,0.00707104
7.4915e-007,0.00719609
7.492e-007,0.00727146
7.4925e-007,0.0073434
7.493e-007,0.00735026
7.4935e-007,0.00727831
7.494e-007,0.00720465
7.4945e-007,0.00705905
7.495e-007,0.0069323
7.4955e-007,0.00681068
7.496e-007,0.00668563
7.4965e-007,0.00662739
7.497e-007,0.00659656
7.4975e-007,0.00663253
7.498e-007,0.00670619
7.4985e-007,0.00686378
7.499e-007,0.00698368
7.4995e-007,0.0071584
7.5e-007,0.00729887
7.5005e-007,0.00740678
7.501e-007,0.00746674
7.5015e-007,0.00751298
7.502e-007,0.00746674
7.5025e-007,0.00741706
7.503e-007,0.0073297
7.5035e-007,0.00722692
7.504e-007,0.00714299
7.5045e-007,0.00709674
7.505e-007,0.00701452
7.5055e-007,0.00696998
7.506e-007,0.00693572
7.5065e-007,0.00692716
7.507e-007,0.00693572
7.5075e-007,0.00691003
7.508e-007,0.00689119
7.5085e-007,0.00688262
7.509e-007,0.0068672
7.5095e-007,0.00683808
7.51e-007,0.00680211
7.5105e-007,0.00679183
7.511e-007,0.00677642
7.5115e-007,0.00678156
7.512e-007,0.00679526
7.5125e-007,0.00682952
7.513e-007,0.00685693
7.5135e-007,0.00691174
7.514e-007,0.00702137
7.5145e-007,0.00708475
7.515e-007,0.00714299
7.5155e-007,0.00720979
7.516e-007,0.00724577
7.5165e-007,0.00727317
7.517e-007,0.00727831
7.5175e-007,0.00728174
7.518e-007,0.00727146
7.5185e-007,0.00723206
7.519e-007,0.00719952
7.5195e-007,0.00716526
7.52e-007,0.00713442
7.5205e-007,0.0071053
7.521e-007,0.00705392
7.5215e-007,0.00704021
7.522e-007,0.00702308
7.5225e-007,0.00705905
7.523e-007,0.00709331
7.5235e-007,0.00717553
7.524e-007,0.00725604
7.5245e-007,0.00731257
7.525e-007,0.00736396
7.5255e-007,0.0074222
7.526e-007,0.00751812
7.5265e-007,0.00757294
7.527e-007,0.00759521
7.5275e-007,0.00759863
7.528e-007,0.00757465
7.5285e-007,0.00754382
7.529e-007,0.00747187
7.5295e-007,0.00736738
7.53e-007,0.00726118
7.5305e-007,0.00710702
7.531e-007,0.00700253
7.5315e-007,0.00688605
7.532e-007,0.00679183
7.5325e-007,0.00674045
7.533e-007,0.00668563
7.5335e-007,0.0066548
7.534e-007,0.00663424
7.5345e-007,0.00667878
7.535e-007,0.00672503
7.5355e-007,0.00675244
7.536e-007,0.00680211
7.5365e-007,0.00683466
7.537e-007,0.00686892
7.5375e-007,0.0069066
7.538e-007,0.00689975
7.5385e-007,0.0068929
7.539e-007,0.00686035
7.5395e-007,0.00682781
7.54e-007,0.00681239
7.5405e-007,0.00677813
7.541e-007,0.00678841
7.5415e-007,0.00676443
7.542e-007,0.00677128
7.5425e-007,0.00681753
7.543e-007,0.0069066
7.5435e-007,0.0069323
7.544e-007,0.00697341
7.5445e-007,0.00702137
7.545e-007,0.00704192
7.5455e-007,0.00704706
7.546e-007,0.00704878
7.5465e-007,0.00703679
7.547e-007,0.00700081
7.5475e-007,0.00696142
7.548e-007,0.00691003
7.5485e-007,0.00686892
7.549e-007,0.00683123
7.5495e-007,0.00681582
7.55e-007,0.00684494
7.5505e-007,0.00686378
7.551e-007,0.00687919
7.5515e-007,0.00691517
7.552e-007,0.00696827
7.5525e-007,0.00696655
7.553e-007,0.00700767
7.5535e-007,0.00699225
7.554e-007,0.00697512
7.5545e-007,0.00693058
7.555e-007,0.00688091
7.5555e-007,0.00683123
7.556e-007,0.00677642
7.5565e-007,0.00674901
7.557e-007,0.00669762
7.5575e-007,0.00668906
7.558e-007,0.00667193
7.5585e-007,0.00666336
7.559e-007,0.0066942
7.5595e-007,0.00670961
7.56e-007,0.00672503
7.5605e-007,0.00674901
7.561e-007,0.00673702
7.5615e-007,0.00674558
7.562e-007,0.00674216
7.5625e-007,0.00677642
7.563e-007,0.00677128
7.5635e-007,0.00677642
7.564e-007,0.00682438
7.5645e-007,0.00688433
7.565e-007,0.00690146
7.5655e-007,0.00691345
7.566e-007,0.00694429
7.5665e-007,0.00694429
7.567e-007,0.00692031
7.5675e-007,0.00690831
7.568e-007,0.00689804
7.5685e-007,0.00683808
7.569e-007,0.00678156
7.5695e-007,0.00675758
7.57e-007,0.00669248
7.5705e-007,0.0066685
7.571e-007,0.00666336
7.5715e-007,0.00669077
7.572e-007,0.00674558
7.5725e-007,0.00681924
7.573e-007,0.00691003
7.5735e-007,0.00701452
7.574e-007,0.00708475
7.5745e-007,0.00715155
7.575e-007,0.00720123
7.5755e-007,0.00723377
7.576e-007,0.00723549
7.5765e-007,0.00724234
7.577e-007,0.00720637
7.5775e-007,0.00717382
7.578e-007,0.00713956
7.5785e-007,0.00713442
7.579e-007,0.00715669
7.5795e-007,0.00718239
7.58e-007,0.00720637
7.5805e-007,0.00728859
7.581e-007,0.00732456
7.5815e-007,0.0073434
7.582e-007,0.00733998
7.5825e-007,0.00732627
7.583e-007,0.00728002
7.5835e-007,0.00720637
7.584e-007,0.00713614
7.5845e-007,0.0070522
7.585e-007,0.00698711
7.5855e-007,0.00689975
7.586e-007,0.00685864
7.5865e-007,0.00683808
7.587e-007,0.00686892
7.5875e-007,0.00694943
7.588e-007,0.00703336
7.5885e-007,0.00712928
7.589e-007,0.00722007
7.5895e-007,0.00730572
7.59e-007,0.00735539
7.5905e-007,0.00739308
7.591e-007,0.00741021
7.5915e-007,0.00738794
7.592e-007,0.00734683
7.5925e-007,0.00728002
7.593e-007,0.00719609
7.5935e-007,0.0071584
7.594e-007,0.00711729
7.5945e-007,0.0070522
7.595e-007,0.0070248
7.5955e-007,0.00700081
7.596e-007,0.0069597
7.5965e-007,0.00692031
7.597e-007,0.00693743
7.5975e-007,0.00692031
7.598e-007,0.00692373
7.5985e-007,0.00691688
7.599e-007,0.00690318
7.5995e-007,0.00689461
7.6e-007,0.00691345
7.6005e-007,0.00692544
7.601e-007,0.00693915
7.6015e-007,0.00698368
7.602e-007,0.00702822
7.6025e-007,0.00706419
7.603e-007,0.00706933
7.6035e-007,0.00711387
7.604e-007,0.0070916
7.6045e-007,0.00713442
7.605e-007,0.00714128
7.6055e-007,0.00713442
7.606e-007,0.00711729
7.6065e-007,0.0071053
7.607e-007,0.00708646
7.6075e-007,0.00708132
7.608e-007,0.00708132
7.6085e-007,0.00707447
7.609e-007,0.00707618
7.6095e-007,0.00707447
7.61e-007,0.00708646
7.6105e-007,0.00708132
7.611e-007,0.00705392
7.6115e-007,0.00698882
7.612e-007,0.00692373
7.6125e-007,0.00687063
7.613e-007,0.00679526
7.6135e-007,0.0067079
7.614e-007,0.00659998
7.6145e-007,0.00652119
7.615e-007,0.00647837
7.6155e-007,0.00642526
7.616e-007,0.0063773
7.6165e-007,0.00639272
7.617e-007,0.00637388
7.6175e-007,0.00640813
7.618e-007,0.00644239
7.6185e-007,0.00648864
7.619e-007,0.00651434
7.6195e-007,0.00655031
7.62e-007,0.00659313
7.6205e-007,0.00662225
7.621e-007,0.00666336
7.6215e-007,0.00669077
7.622e-007,0.0066942
7.6225e-007,0.00669591
7.623e-007,0.00667022
7.6235e-007,0.00668049
7.624e-007,0.00667364
7.6245e-007,0.00667193
7.625e-007,0.00663767
7.6255e-007,0.0066017
7.626e-007,0.00655716
7.6265e-007,0.00649721
7.627e-007,0.00644582
7.6275e-007,0.00641499
7.628e-007,0.00637901
7.6285e-007,0.00635846
7.629e-007,0.00634133
7.6295e-007,0.00635332
7.63e-007,0.00636188
7.6305e-007,0.00639957
7.631e-007,0.00640642
7.6315e-007,0.00644239
7.632e-007,0.0064561
7.6325e-007,0.00647665
7.633e-007,0.00651948
7.6335e-007,0.006576
7.634e-007,0.00663253
7.6345e-007,0.00665137
7.635e-007,0.00665309
7.6355e-007,0.00670619
7.636e-007,0.0066942
7.6365e-007,0.0066942
7.637e-007,0.00669248
7.6375e-007,0.00667878
7.638e-007,0.00665137
7.6385e-007,0.00661026
7.639e-007,0.00662054
7.6395e-007,0.00661369
7.64e-007,0.00661711
7.6405e-007,0.0066411
7.641e-007,0.00667535
7.6415e-007,0.00674901
7.642e-007,0.00679697
7.6425e-007,0.0068672
7.643e-007,0.00691688
7.6435e-007,0.00695628
7.644e-007,0.00695799
7.6445e-007,0.00694771
7.645e-007,0.00692716
7.6455e-007,0.00685693
7.646e-007,0.0067747
7.6465e-007,0.00670619
7.647e-007,0.0066411
7.6475e-007,0.00654688
7.648e-007,0.00650749
7.6485e-007,0.00649892
7.649e-007,0.00652119
7.6495e-007,0.00656915
7.65e-007,0.00661197
7.6505e-007,0.00670105
7.651e-007,0.00679012
7.6515e-007,0.00689804
7.652e-007,0.00696827
7.6525e-007,0.00700253
7.653e-007,0.00704535
7.6535e-007,0.00710188
7.654e-007,0.00710016
7.6545e-007,0.00706591
7.655e-007,0.00705734
7.6555e-007,0.00703336
7.656e-007,0.0070248
7.6565e-007,0.00698882
7.657e-007,0.00695456
7.6575e-007,0.006946
7.658e-007,0.00698197
7.6585e-007,0.00697683
7.659e-007,0.00701966
7.6595e-007,0.0070779
7.66e-007,0.00709674
7.6605e-007,0.00712415
7.661e-007,0.00714641
7.6615e-007,0.00717211
7.662e-007,0.00716526
7.6625e-007,0.00717725
7.663e-007,0.00716183
7.6635e-007,0.00713442
7.664e-007,0.00711901
7.6645e-007,0.00711216
7.665e-007,0.0071053
7.6655e-007,0.00712928
7.666e-007,0.00713442
7.6665e-007,0.00714984
7.667e-007,0.00715669
7.6675e-007,0.00721493
7.668e-007,0.00721322
7.6685e-007,0.00721665
7.669e-007,0.00721836
7.6695e-007,0.00721151
7.67e-007,0.00716526
7.6705e-007,0.00713614
7.671e-007,0.0071053
7.6715e-007,0.00709331
7.672e-007,0.00710016
7.6725e-007,0.00710873
7.673e-007,0.00713442
7.6735e-007,0.00718239
7.674e-007,0.00722007
7.6745e-007,0.00726803
7.675e-007,0.00730572
7.6755e-007,0.00734854
7.676e-007,0.00735882
7.6765e-007,0.00737938
7.677e-007,0.00739993
7.6775e-007,0.0073965
7.678e-007,0.00736567
7.6785e-007,0.0073434
7.679e-007,0.00731086
7.6795e-007,0.00730743
7.68e-007,0.00727489
7.6805e-007,0.00727146
7.681e-007,0.00728859
7.6815e-007,0.00730058
7.682e-007,0.00729887
7.6825e-007,0.00729201
7.683e-007,0.00727317
7.6835e-007,0.00725947
7.684e-007,0.00720465
7.6845e-007,0.00711216
7.685e-007,0.00703679
7.6855e-007,0.00694429
7.686e-007,0.00684494
7.6865e-007,0.00672846
7.687e-007,0.00663253
7.6875e-007,0.00653489
7.688e-007,0.00646466
7.6885e-007,0.00643897
7.689e-007,0.00644068
7.6895e-007,0.00643897
7.69e-007,0.00647665
7.6905e-007,0.00655545
7.691e-007,0.00665994
7.6915e-007,0.00677128
7.692e-007,0.00688262
7.6925e-007,0.00704021
7.693e-007,0.00716697
7.6935e-007,0.00727146
7.694e-007,0.0073434
7.6945e-007,0.00739479
7.695e-007,0.00743933
7.6955e-007,0.00741363
7.696e-007,0.00739137
7.6965e-007,0.00732285
7.697e-007,0.00720294
7.6975e-007,0.00712757
7.698e-007,0.00699739
7.6985e-007,0.00688262
7.699e-007,0.00681239
7.6995e-007,0.00675929
7.7e-007,0.00669591
7.7005e-007,0.00667022
7.701e-007,0.00668906
7.7015e-007,0.00671646
7.702e-007,0.00672332
7.7025e-007,0.00675244
7.703e-007,0.00677984
7.7035e-007,0.00679183
7.704e-007,0.00679183
7.7045e-007,0.00678841
7.705e-007,0.00676614
7.7055e-007,0.00675758
7.706e-007,0.00674045
7.7065e-007,0.00673359
7.707e-007,0.00670961
7.7075e-007,0.00668221
7.708e-007,0.00668563
7.7085e-007,0.00667364
7.709e-007,0.0066942
7.7095e-007,0.00667535
7.71e-007,0.00666679
7.7105e-007,0.0066548
7.711e-007,0.00663767
7.7115e-007,0.00663767
7.712e-007,0.00661197
7.7125e-007,0.00659827
7.713e-007,0.00660684
7.7135e-007,0.00660341
7.714e-007,0.00659998
7.7145e-007,0.00661369
7.715e-007,0.00663767
7.7155e-007,0.00665651
7.716e-007,0.00666508
7.7165e-007,0.00663424
7.717e-007,0.00665309
7.7175e-007,0.00666508
7.718e-007,0.00665994
7.7185e-007,0.00667535
7.719e-007,0.00666679
7.7195e-007,0.00664966
7.72e-007,0.00661369
7.7205e-007,0.00657943
7.721e-007,0.00659485
7.7215e-007,0.006576
7.722e-007,0.006576
7.7225e-007,0.00657258
7.723e-007,0.00657086
7.7235e-007,0.00656744
7.724e-007,0.00659656
7.7245e-007,0.00663767
7.725e-007,0.00669077
7.7255e-007,0.00675929
7.726e-007,0.00682609
7.7265e-007,0.00689632
7.727e-007,0.0069854
7.7275e-007,0.00706248
7.728e-007,0.00715498
7.7285e-007,0.00717553
7.729e-007,0.00727146
7.7295e-007,0.00733826
7.73e-007,0.00734683
7.7305e-007,0.00736396
7.731e-007,0.00737252
7.7315e-007,0.00737081
7.732e-007,0.00733998
7.7325e-007,0.00729373
7.733e-007,0.00725262
7.7335e-007,0.00719952
7.734e-007,0.00715669
7.7345e-007,0.00715669
7.735e-007,0.00711387
7.7355e-007,0.00712928
7.736e-007,0.00712928
7.7365e-007,0.00716354
7.737e-007,0.00723549
7.7375e-007,0.00730914
7.738e-007,0.00733998
7.7385e-007,0.00741706
7.739e-007,0.00748386
7.7395e-007,0.00756095
7.74e-007,0.00760548
7.7405e-007,0.00761919
7.741e-007,0.00763289
7.7415e-007,0.00762604
7.742e-007,0.00758835
7.7425e-007,0.00755238
7.743e-007,0.00749757
7.7435e-007,0.00742562
7.744e-007,0.00737424
7.7445e-007,0.00732113
7.745e-007,0.0072903
7.7455e-007,0.00722521
7.746e-007,0.00718581
7.7465e-007,0.00718924
7.747e-007,0.00715327
7.7475e-007,0.0071447
7.748e-007,0.00711387
7.7485e-007,0.0070916
7.749e-007,0.0070916
7.7495e-007,0.00705392
7.75e-007,0.00703679
7.7505e-007,0.00701623
7.751e-007,0.00704021
7.7515e-007,0.00702822
7.752e-007,0.00701794
7.7525e-007,0.00704706
7.753e-007,0.00705563
7.7535e-007,0.00708475
7.754e-007,0.0070916
7.7545e-007,0.00708475
7.755e-007,0.00708989
7.7555e-007,0.0070779
7.756e-007,0.00700081
7.7565e-007,0.00696827
7.757e-007,0.00691688
7.7575e-007,0.00683637
7.758e-007,0.00677813
7.7585e-007,0.00675244
7.759e-007,0.00672332
7.7595e-007,0.00670447
7.76e-007,0.00669762
7.7605e-007,0.0067216
7.761e-007,0.00676614
7.7615e-007,0.00680382
7.762e-007,0.00686549
7.7625e-007,0.00693915
7.763e-007,0.00700424
7.7635e-007,0.00701623
7.764e-007,0.0070522
7.7645e-007,0.0070522
7.765e-007,0.00704706
7.7655e-007,0.00701452
7.766e-007,0.00695285
7.7665e-007,0.00689804
7.767e-007,0.00687919
7.7675e-007,0.00685693
7.768e-007,0.0068398
7.7685e-007,0.00686035
7.769e-007,0.00692887
7.7695e-007,0.00698026
7.77e-007,0.00703336
7.7705e-007,0.00712243
7.771e-007,0.0071978
7.7715e-007,0.0072903
7.772e-007,0.007316
7.7725e-007,0.00733141
7.773e-007,0.00730914
7.7735e-007,0.00724234
7.774e-007,0.00718753
7.7745e-007,0.00709331
7.775e-007,0.0069991
7.7755e-007,0.00693915
7.776e-007,0.00687234
7.7765e-007,0.00682267
7.777e-007,0.00677642
7.7775e-007,0.00675929
7.778e-007,0.0067747
7.7785e-007,0.006761
7.779e-007,0.00682952
7.7795e-007,0.00683808
7.78e-007,0.0068398
7.7805e-007,0.00686035
7.781e-007,0.00686549
7.7815e-007,0.00689804
7.782e-007,0.0068672
7.7825e-007,0.00684322
7.783e-007,0.00684665
7.7835e-007,0.00684322
7.784e-007,0.00681582
7.7845e-007,0.00677299
7.785e-007,0.0067079
7.7855e-007,0.0066942
7.786e-007,0.00665822
7.7865e-007,0.00665822
7.787e-007,0.00664452
7.7875e-007,0.00663253
7.788e-007,0.00663253
7.7885e-007,0.00665651
7.789e-007,0.00668049
7.7895e-007,0.00671989
7.79e-007,0.00677813
7.7905e-007,0.00679869
7.791e-007,0.00684151
7.7915e-007,0.00688262
7.792e-007,0.00688091
7.7925e-007,0.00689461
7.793e-007,0.00688947
7.7935e-007,0.00682095
7.794e-007,0.00680725
7.7945e-007,0.00676271
7.795e-007,0.00670447
7.7955e-007,0.00665137
7.796e-007,0.00660855
7.7965e-007,0.00660341
7.797e-007,0.00655202
7.7975e-007,0.00656059
7.798e-007,0.00658285
7.7985e-007,0.00662054
7.799e-007,0.00665309
7.7995e-007,0.00669248
7.8e-007,0.00672674
7.8005e-007,0.00677642
7.801e-007,0.00682781
7.8015e-007,0.00686207
7.802e-007,0.0069066
7.8025e-007,0.00693572
7.803e-007,0.00690318
7.8035e-007,0.00688776
7.804e-007,0.00685179
7.8045e-007,0.00680896
7.805e-007,0.00676957
7.8055e-007,0.00674387
7.806e-007,0.0067473
7.8065e-007,0.00674558
7.807e-007,0.00675415
7.8075e-007,0.00677813
7.808e-007,0.00682609
7.8085e-007,0.00686892
7.809e-007,0.00695799
7.8095e-007,0.00701452
7.81e-007,0.00708132
7.8105e-007,0.00714299
7.811e-007,0.00720808
7.8115e-007,0.00726632
7.812e-007,0.00726975
7.8125e-007,0.00730058
7.813e-007,0.00730743
7.8135e-007,0.00729544
7.814e-007,0.00724577
7.8145e-007,0.00724234
7.815e-007,0.00720637
7.8155e-007,0.00718924
7.816e-007,0.00714641
7.8165e-007,0.00713442
7.817e-007,0.00715498
7.8175e-007,0.00718239
7.818e-007,0.00725433
7.8185e-007,0.00730743
7.819e-007,0.00740164
7.8195e-007,0.00749243
7.82e-007,0.0075815
7.8205e-007,0.00765687
7.821e-007,0.00769456
7.8215e-007,0.00773738
7.822e-007,0.00770826
7.8225e-007,0.00763803
7.823e-007,0.00756609
7.8235e-007,0.00744789
7.824e-007,0.00730401
7.8245e-007,0.00718239
7.825e-007,0.00704364
7.8255e-007,0.00693743
7.826e-007,0.00686207
7.8265e-007,0.00682438
7.827e-007,0.00682095
7.8275e-007,0.00685179
7.828e-007,0.00687234
7.8285e-007,0.00693572
7.829e-007,0.00699739
7.8295e-007,0.00706933
7.83e-007,0.00712928
7.8305e-007,0.00711558
7.831e-007,0.00716354
7.8315e-007,0.00718753
7.832e-007,0.00716183
7.8325e-007,0.00713785
7.833e-007,0.00710702
7.8335e-007,0.00710359
7.834e-007,0.00710016
7.8345e-007,0.0070779
7.835e-007,0.00708646
7.8355e-007,0.00708646
7.836e-007,0.00703165
7.8365e-007,0.0070385
7.837e-007,0.0070128
7.8375e-007,0.00695799
7.838e-007,0.00690146
7.8385e-007,0.00687748
7.839e-007,0.00685864
7.8395e-007,0.00681582
7.84e-007,0.00681068
7.8405e-007,0.00679355
7.841e-007,0.00678156
7.8415e-007,0.00681068
7.842e-007,0.00685864
7.8425e-007,0.00690318
7.843e-007,0.00696484
7.8435e-007,0.00702822
7.844e-007,0.00706933
7.8445e-007,0.00712243
7.845e-007,0.00718581
7.8455e-007,0.00728859
7.846e-007,0.00734854
7.8465e-007,0.00738794
7.847e-007,0.00744618
7.8475e-007,0.00751127
7.848e-007,0.00754039
7.8485e-007,0.00755238
7.849e-007,0.0075541
7.8495e-007,0.00753868
7.85e-007,0.00748558
7.8505e-007,0.00743076
7.851e-007,0.00734854
7.8515e-007,0.0072235
7.852e-007,0.00711216
7.8525e-007,0.00698368
7.853e-007,0.00682952
7.8535e-007,0.0067079
7.854e-007,0.00658457
7.8545e-007,0.00651605
7.855e-007,0.00644411
7.8555e-007,0.00644068
7.856e-007,0.00642355
7.8565e-007,0.00645096
7.857e-007,0.00648693
7.8575e-007,0.00656573
7.858e-007,0.00661026
7.8585e-007,0.00669934
7.859e-007,0.00675929
7.8595e-007,0.00687234
7.86e-007,0.00694086
7.8605e-007,0.00700253
7.861e-007,0.00703679
7.8615e-007,0.00706419
7.862e-007,0.00703165
7.8625e-007,0.0069991
7.863e-007,0.00691859
7.8635e-007,0.00686892
7.864e-007,0.00677813
7.8645e-007,0.00673702
7.865e-007,0.00668734
7.8655e-007,0.00665994
7.866e-007,0.00669591
7.8665e-007,0.0067079
7.867e-007,0.00680211
7.8675e-007,0.00694429
7.868e-007,0.00706248
7.8685e-007,0.00721836
7.869e-007,0.00735197
7.8695e-007,0.00746502
7.87e-007,0.00754211
7.8705e-007,0.00756266
7.871e-007,0.00757808
7.8715e-007,0.00753183
7.872e-007,0.00747701
7.8725e-007,0.00740678
7.873e-007,0.0073297
7.8735e-007,0.00725776
7.874e-007,0.00717725
7.8745e-007,0.00711729
7.875e-007,0.00708132
7.8755e-007,0.00706077
7.876e-007,0.00706591
7.8765e-007,0.00712072
7.877e-007,0.00718581
7.8775e-007,0.00726461
7.878e-007,0.00731086
7.8785e-007,0.00733484
7.879e-007,0.00733141
7.8795e-007,0.00731086
7.88e-007,0.00726975
7.8805e-007,0.00719438
7.881e-007,0.00710873
7.8815e-007,0.00700081
7.882e-007,0.00689119
7.8825e-007,0.00676271
7.883e-007,0.00660855
7.8835e-007,0.00648522
7.884e-007,0.00638244
7.8845e-007,0.00628994
7.885e-007,0.00622999
7.8855e-007,0.00619402
7.886e-007,0.00622142
7.8865e-007,0.00624027
7.887e-007,0.00627966
7.8875e-007,0.0063636
7.888e-007,0.00645096
7.8885e-007,0.00655373
7.889e-007,0.0066411
7.8895e-007,0.00674045
7.89e-007,0.0068398
7.8905e-007,0.00695114
7.891e-007,0.00703336
7.8915e-007,0.00715155
7.892e-007,0.00721836
7.8925e-007,0.00730229
7.893e-007,0.00736396
7.8935e-007,0.00742905
7.894e-007,0.00742905
7.8945e-007,0.00742391
7.895e-007,0.00739479
7.8955e-007,0.00736053
7.896e-007,0.00728859
7.8965e-007,0.00721836
7.897e-007,0.00713956
7.8975e-007,0.00706419
7.898e-007,0.00698368
7.8985e-007,0.00692544
7.899e-007,0.00687577
7.8995e-007,0.00684322
7.9e-007,0.00684151
7.9005e-007,0.00683637
7.901e-007,0.00685007
7.9015e-007,0.00692544
7.902e-007,0.00694429
7.9025e-007,0.00696827
7.903e-007,0.00701966
7.9035e-007,0.00707961
7.904e-007,0.00710016
7.9045e-007,0.00711387
7.905e-007,0.00711901
7.9055e-007,0.00716868
7.906e-007,0.0071841
7.9065e-007,0.00719438
7.907e-007,0.00721493
7.9075e-007,0.0072235
7.908e-007,0.00721836
7.9085e-007,0.0072509
7.909e-007,0.00726975
7.9095e-007,0.00730058
7.91e-007,0.0072903
7.9105e-007,0.00732627
7.911e-007,0.00735197
7.9115e-007,0.00733826
7.912e-007,0.00733826
7.9125e-007,0.00734683
7.913e-007,0.007316
7.9135e-007,0.00734683
7.914e-007,0.00734169
7.9145e-007,0.00731942
7.915e-007,0.00730401
7.9155e-007,0.00729201
7.916e-007,0.0072509
7.9165e-007,0.00721836
7.917e-007,0.00713442
7.9175e-007,0.00706419
7.918e-007,0.00698882
7.9185e-007,0.00687748
7.919e-007,0.0068004
7.9195e-007,0.00667193
7.92e-007,0.00656744
7.9205e-007,0.00649036
7.921e-007,0.00644924
7.9215e-007,0.00639957
7.922e-007,0.00640642
7.9225e-007,0.00644411
7.923e-007,0.00651948
7.9235e-007,0.00659827
7.924e-007,0.0067079
7.9245e-007,0.00686378
7.925e-007,0.0069991
7.9255e-007,0.00708646
7.926e-007,0.00717725
7.9265e-007,0.00723035
7.927e-007,0.00719609
7.9275e-007,0.00713956
7.928e-007,0.00706419
7.9285e-007,0.0069854
7.929e-007,0.0069066
7.9295e-007,0.00682095
7.93e-007,0.00673188
7.9305e-007,0.00667707
7.931e-007,0.00666679
7.9315e-007,0.00667364
7.932e-007,0.00670447
7.9325e-007,0.00669077
7.933e-007,0.00669591
7.9335e-007,0.00673188
7.934e-007,0.00668906
7.9345e-007,0.00667364
7.935e-007,0.00662568
7.9355e-007,0.00652119
7.936e-007,0.00641841
7.9365e-007,0.00635846
7.937e-007,0.00628138
7.9375e-007,0.00627281
7.938e-007,0.0062317
7.9385e-007,0.00629165
7.939e-007,0.00639443
7.9395e-007,0.00650063
7.94e-007,0.00662225
7.9405e-007,0.00675758
7.941e-007,0.00689632
7.9415e-007,0.00701623
7.942e-007,0.00712415
7.9425e-007,0.00715669
7.943e-007,0.00720637
7.9435e-007,0.00721151
7.944e-007,0.00720294
7.9445e-007,0.00717211
7.945e-007,0.00712586
7.9455e-007,0.00711044
7.946e-007,0.00705049
7.9465e-007,0.00700424
7.947e-007,0.00697512
7.9475e-007,0.00693401
7.948e-007,0.00686207
7.9485e-007,0.00686378
7.949e-007,0.00682781
7.9495e-007,0.00679012
7.95e-007,0.00677984
7.9505e-007,0.006761
7.951e-007,0.00675758
7.9515e-007,0.00677299
7.952e-007,0.00674901
7.9525e-007,0.00672674
7.953e-007,0.00672332
7.9535e-007,0.00671646
7.954e-007,0.0067079
7.9545e-007,0.00671646
7.955e-007,0.00670961
7.9555e-007,0.0067079
7.956e-007,0.00669934
7.9565e-007,0.00668221
7.957e-007,0.00667193
7.9575e-007,0.0066548
7.958e-007,0.00663424
7.9585e-007,0.00657772
7.959e-007,0.00657086
7.9595e-007,0.00658285
7.96e-007,0.00656401
7.9605e-007,0.00659313
7.961e-007,0.00661026
7.9615e-007,0.00664795
7.962e-007,0.00671646
7.9625e-007,0.00677128
7.963e-007,0.0068672
7.9635e-007,0.00696484
7.964e-007,0.00710359
7.9645e-007,0.00715498
7.965e-007,0.00724063
7.9655e-007,0.00725947
7.966e-007,0.00728174
7.9665e-007,0.00724577
7.967e-007,0.0072235
7.9675e-007,0.00717211
7.968e-007,0.00710016
7.9685e-007,0.00707104
7.969e-007,0.00703165
7.9695e-007,0.00702993
7.97e-007,0.00705563
7.9705e-007,0.00713271
7.971e-007,0.0071978
7.9715e-007,0.00727489
7.972e-007,0.00738451
7.9725e-007,0.00745646
7.973e-007,0.00751298
7.9735e-007,0.00754724
7.974e-007,0.00753011
7.9745e-007,0.007489
7.975e-007,0.00740678
7.9755e-007,0.00731942
7.976e-007,0.00718924
7.9765e-007,0.00707447
7.977e-007,0.00697341
7.9775e-007,0.00688433
7.978e-007,0.0068398
7.9785e-007,0.00676443
7.979e-007,0.00672846
7.9795e-007,0.00673359
7.98e-007,0.00673531
7.9805e-007,0.00673359
7.981e-007,0.00671475
7.9815e-007,0.00670447
7.982e-007,0.00671646
7.9825e-007,0.00676443
7.983e-007,0.00678498
7.9835e-007,0.00684836
7.984e-007,0.00692544
7.9845e-007,0.00698368
7.985e-007,0.00706762
7.9855e-007,0.00712757
7.986e-007,0.00718581
7.9865e-007,0.0072509
7.987e-007,0.00726803
7.9875e-007,0.0072509
7.988e-007,0.0072235
7.9885e-007,0.00717725
7.989e-007,0.00712757
7.9895e-007,0.00708304
7.99e-007,0.00700081
7.9905e-007,0.00694429
7.991e-007,0.00689975
7.9915e-007,0.00683466
7.992e-007,0.00679869
7.9925e-007,0.0067747
7.993e-007,0.006761
7.9935e-007,0.00673873
7.994e-007,0.00671133
7.9945e-007,0.00668221
7.995e-007,0.00665822
7.9955e-007,0.00663596
7.996e-007,0.00664966
7.9965e-007,0.00668221
7.997e-007,0.00673017
7.9975e-007,0.00680211
7.998e-007,0.00689804
7.9985e-007,0.00695799
7.999e-007,0.00707104
7.9995e-007,0.0071704
8e-007,0.00723549
8.0005e-007,0.00726803
8.001e-007,0.00726118
8.0015e-007,0.00723206
8.002e-007,0.00714128
8.0025e-007,0.00707104
8.003e-007,0.00694257
8.0035e-007,0.00685521
8.004e-007,0.00675758
8.0045e-007,0.00670447
8.005e-007,0.00666508
8.0055e-007,0.00664281
8.006e-007,0.00664623
8.0065e-007,0.00664795
8.007e-007,0.00665651
8.0075e-007,0.0066685
8.008e-007,0.00666336
8.0085e-007,0.00666508
8.009e-007,0.00662397
8.0095e-007,0.00656744
8.01e-007,0.00652804
8.0105e-007,0.00648522
8.011e-007,0.00642012
8.0115e-007,0.00639614
8.012e-007,0.006391
8.0125e-007,0.00642184
8.013e-007,0.0064835
8.0135e-007,0.00657086
8.014e-007,0.0067079
8.0145e-007,0.00681239
8.015e-007,0.00690831
8.0155e-007,0.00696655
8.016e-007,0.00700253
8.0165e-007,0.00699568
8.017e-007,0.00698026
8.0175e-007,0.00694429
8.018e-007,0.00688433
8.0185e-007,0.00685693
8.019e-007,0.00678498
8.0195e-007,0.006761
8.02e-007,0.00673702
8.0205e-007,0.00674901
8.021e-007,0.0067867
8.0215e-007,0.00686035
8.022e-007,0.00690318
8.0225e-007,0.00697341
8.023e-007,0.00704192
8.0235e-007,0.00705563
8.024e-007,0.0070522
8.0245e-007,0.00705734
8.025e-007,0.00700595
8.0255e-007,0.0069854
8.026e-007,0.00694257
8.0265e-007,0.00693743
8.027e-007,0.00693058
8.0275e-007,0.00694771
8.028e-007,0.0069854
8.0285e-007,0.00704706
8.029e-007,0.00711901
8.0295e-007,0.00720979
8.03e-007,0.007316
8.0305e-007,0.00732799
8.031e-007,0.00738965
8.0315e-007,0.00745817
8.032e-007,0.00746502
8.0325e-007,0.00742905
8.033e-007,0.00742905
8.0335e-007,0.00738451
8.034e-007,0.0073434
8.0345e-007,0.0072903
8.035e-007,0.00726632
8.0355e-007,0.00721665
8.036e-007,0.00718753
8.0365e-007,0.00717211
8.037e-007,0.0071978
8.0375e-007,0.00721665
8.038e-007,0.00724919
8.0385e-007,0.00729373
8.039e-007,0.00732456
8.0395e-007,0.0073828
8.04e-007,0.00742905
8.0405e-007,0.00744447
8.041e-007,0.00747187
8.0415e-007,0.0074753
8.042e-007,0.00750785
8.0425e-007,0.00748558
8.043e-007,0.00747016
8.0435e-007,0.00743419
8.044e-007,0.00736053
8.0445e-007,0.00727489
8.045e-007,0.00718924
8.0455e-007,0.00711387
8.046e-007,0.00703336
8.0465e-007,0.00697683
8.047e-007,0.00691688
8.0475e-007,0.00686035
8.048e-007,0.00682267
8.0485e-007,0.00682095
8.049e-007,0.00683295
8.0495e-007,0.00688776
8.05e-007,0.00695628
8.0505e-007,0.00704878
8.051e-007,0.00715327
8.0515e-007,0.00724919
8.052e-007,0.00729373
8.0525e-007,0.00729544
8.053e-007,0.00730229
8.0535e-007,0.00727317
8.054e-007,0.00722007
8.0545e-007,0.007131
8.055e-007,0.00704706
8.0555e-007,0.00694771
8.056e-007,0.00684322
8.0565e-007,0.00677813
8.057e-007,0.00671304
8.0575e-007,0.00669591
8.058e-007,0.00671646
8.0585e-007,0.00676443
8.059e-007,0.00680554
8.0595e-007,0.0068929
8.06e-007,0.006946
8.0605e-007,0.00696313
8.061e-007,0.0070128
8.0615e-007,0.00704706
8.062e-007,0.00704364
8.0625e-007,0.00705392
8.063e-007,0.00706248
8.0635e-007,0.00705905
8.064e-007,0.00704364
8.0645e-007,0.00706248
8.065e-007,0.00706933
8.0655e-007,0.00705905
8.066e-007,0.00706591
8.0665e-007,0.00704192
8.067e-007,0.00704878
8.0675e-007,0.00702993
8.068e-007,0.00700938
8.0685e-007,0.00698368
8.069e-007,0.00691345
8.0695e-007,0.00683466
8.07e-007,0.00680382
8.0705e-007,0.00680211
8.071e-007,0.00679355
8.0715e-007,0.00682267
8.072e-007,0.00685521
8.0725e-007,0.00689461
8.073e-007,0.006946
8.0735e-007,0.00699739
8.074e-007,0.00703679
8.0745e-007,0.0070522
8.075e-007,0.00705392
8.0755e-007,0.00707104
8.076e-007,0.00704364
8.0765e-007,0.00704192
8.077e-007,0.0070128
8.0775e-007,0.00699225
8.078e-007,0.00698711
8.0785e-007,0.00698368
8.079e-007,0.00699396
8.0795e-007,0.0069991
8.08e-007,0.00698197
8.0805e-007,0.00695799
8.081e-007,0.00694771
8.0815e-007,0.00687919
8.082e-007,0.00680725
8.0825e-007,0.00672674
8.083e-007,0.00665309
8.0835e-007,0.0066411
8.084e-007,0.00656915
8.0845e-007,0.00652804
8.085e-007,0.00650749
8.0855e-007,0.00648864
8.086e-007,0.0065092
8.0865e-007,0.00651434
8.087e-007,0.0065486
8.0875e-007,0.00656915
8.088e-007,0.00655887
8.0885e-007,0.00655202
8.089e-007,0.00657258
8.0895e-007,0.00654517
8.09e-007,0.00655373
8.0905e-007,0.00655716
8.091e-007,0.00657086
8.0915e-007,0.00659485
8.092e-007,0.00663596
8.0925e-007,0.00673531
8.093e-007,0.0068141
8.0935e-007,0.00688776
8.094e-007,0.00700595
8.0945e-007,0.00713956
8.095e-007,0.00722692
8.0955e-007,0.00737252
8.096e-007,0.00743248
8.0965e-007,0.00743248
8.097e-007,0.00744447
8.0975e-007,0.00738451
8.098e-007,0.0072903
8.0985e-007,0.00720123
8.099e-007,0.0070779
8.0995e-007,0.00693058
8.1e-007,0.00676957
8.1005e-007,0.0066411
8.101e-007,0.00650577
8.1015e-007,0.00642355
8.102e-007,0.00639272
8.1025e-007,0.00634133
8.103e-007,0.00636531
8.1035e-007,0.00641327
8.104e-007,0.00653661
8.1045e-007,0.00663767
8.105e-007,0.0067473
8.1055e-007,0.0068398
8.106e-007,0.00687406
8.1065e-007,0.00690489
8.107e-007,0.00689632
8.1075e-007,0.00688091
8.108e-007,0.00686207
8.1085e-007,0.00677813
8.109e-007,0.00671818
8.1095e-007,0.00663938
8.11e-007,0.00658114
8.1105e-007,0.00655202
8.111e-007,0.00654346
8.1115e-007,0.00655373
8.112e-007,0.00659656
8.1125e-007,0.00667022
8.113e-007,0.00673531
8.1135e-007,0.00677642
8.114e-007,0.00683808
8.1145e-007,0.00687406
8.115e-007,0.00690831
8.1155e-007,0.00690489
8.116e-007,0.00693572
8.1165e-007,0.00693401
8.117e-007,0.00688947
8.1175e-007,0.00687063
8.118e-007,0.00687577
8.1185e-007,0.00683466
8.119e-007,0.00683295
8.1195e-007,0.00683466
8.12e-007,0.00685864
8.1205e-007,0.00686892
8.121e-007,0.00688776
8.1215e-007,0.0068929
8.122e-007,0.00691174
8.1225e-007,0.00693058
8.123e-007,0.0069854
8.1235e-007,0.00700595
8.124e-007,0.00701623
8.1245e-007,0.00705563
8.125e-007,0.00710188
8.1255e-007,0.00711901
8.126e-007,0.00714984
8.1265e-007,0.00716526
8.127e-007,0.00714641
8.1275e-007,0.00715498
8.128e-007,0.00714984
8.1285e-007,0.00714984
8.129e-007,0.00713785
8.1295e-007,0.00714128
8.13e-007,0.00712072
8.1305e-007,0.00711729
8.131e-007,0.00707276
8.1315e-007,0.00706077
8.132e-007,0.00704364
8.1325e-007,0.00706419
8.133e-007,0.00702993
8.1335e-007,0.00706933
8.134e-007,0.00705049
8.1345e-007,0.00706762
8.135e-007,0.00708132
8.1355e-007,0.00714128
8.136e-007,0.00719095
8.1365e-007,0.00723549
8.137e-007,0.0072509
8.1375e-007,0.00730229
8.138e-007,0.00728002
8.1385e-007,0.00721493
8.139e-007,0.00717553
8.1395e-007,0.00710702
8.14e-007,0.00701109
8.1405e-007,0.00696827
8.141e-007,0.006946
8.1415e-007,0.00689119
8.142e-007,0.00690831
8.1425e-007,0.00691859
8.143e-007,0.00697169
8.1435e-007,0.00702137
8.144e-007,0.00706248
8.1445e-007,0.00713442
8.145e-007,0.00719095
8.1455e-007,0.00725776
8.146e-007,0.00726975
8.1465e-007,0.00728688
8.147e-007,0.00727146
8.1475e-007,0.00727146
8.148e-007,0.00724405
8.1485e-007,0.00725433
8.149e-007,0.00730572
8.1495e-007,0.0073434
8.15e-007,0.00737595
8.1505e-007,0.00742049
8.151e-007,0.00743419
8.1515e-007,0.00745646
8.152e-007,0.00743248
8.1525e-007,0.00737766
8.153e-007,0.00731771
8.1535e-007,0.00723377
8.154e-007,0.00711558
8.1545e-007,0.00696827
8.155e-007,0.00685693
8.1555e-007,0.00674901
8.156e-007,0.00663938
8.1565e-007,0.00655716
8.157e-007,0.00646295
8.1575e-007,0.00641327
8.158e-007,0.00639786
8.1585e-007,0.00641499
8.159e-007,0.00639272
8.1595e-007,0.00643897
8.16e-007,0.00640985
8.1605e-007,0.00643383
8.161e-007,0.00647494
8.1615e-007,0.00649721
8.162e-007,0.0065092
8.1625e-007,0.00656744
8.163e-007,0.00661883
8.1635e-007,0.00667878
8.164e-007,0.0067079
8.1645e-007,0.00676957
8.165e-007,0.00682781
8.1655e-007,0.00684151
8.166e-007,0.00687063
8.1665e-007,0.00688947
8.167e-007,0.00690831
8.1675e-007,0.00693572
8.168e-007,0.00691688
8.1685e-007,0.00691517
8.169e-007,0.00693058
8.1695e-007,0.00691688
8.17e-007,0.00685864
8.1705e-007,0.00683637
8.171e-007,0.00675072
8.1715e-007,0.00670447
8.172e-007,0.00661369
8.1725e-007,0.00655031
8.173e-007,0.00650577
8.1735e-007,0.00646124
8.174e-007,0.00639786
8.1745e-007,0.00642526
8.175e-007,0.00644753
8.1755e-007,0.00647837
8.176e-007,0.00654688
8.1765e-007,0.0066154
8.177e-007,0.00673188
8.1775e-007,0.00683637
8.178e-007,0.00690146
8.1785e-007,0.00695114
8.179e-007,0.00698026
8.1795e-007,0.00697855
8.18e-007,0.00695799
8.1805e-007,0.00691859
8.181e-007,0.00688091
8.1815e-007,0.0068672
8.182e-007,0.00684151
8.1825e-007,0.00684494
8.183e-007,0.00684322
8.1835e-007,0.00689804
8.184e-007,0.00692031
8.1845e-007,0.00698368
8.185e-007,0.00704535
8.1855e-007,0.00708646
8.186e-007,0.00710873
8.1865e-007,0.00713614
8.187e-007,0.00713785
8.1875e-007,0.00710016
8.188e-007,0.00703336
8.1885e-007,0.00693915
8.189e-007,0.00684665
8.1895e-007,0.00674558
8.19e-007,0.00665309
8.1905e-007,0.0066017
8.191e-007,0.00650406
8.1915e-007,0.00644924
8.192e-007,0.006403
8.1925e-007,0.00634476
8.193e-007,0.00630364
8.1935e-007,0.00631564
8.194e-007,0.0063242
8.1945e-007,0.00637216
8.195e-007,0.00642355
8.1955e-007,0.00649378
8.196e-007,0.00657429
8.1965e-007,0.00665309
8.197e-007,0.00671304
8.1975e-007,0.0067867
8.198e-007,0.00684322
8.1985e-007,0.00693743
8.199e-007,0.00693743
8.1995e-007,0.00696313
8.2e-007,0.0069323
8.2005e-007,0.00692031
8.201e-007,0.00690489
8.2015e-007,0.0068929
8.202e-007,0.00684494
8.2025e-007,0.00686892
8.203e-007,0.00687577
8.2035e-007,0.00688605
8.204e-007,0.0069323
8.2045e-007,0.00698026
8.205e-007,0.00703679
8.2055e-007,0.00706591
8.206e-007,0.00706762
8.2065e-007,0.00707447
8.207e-007,0.00704364
8.2075e-007,0.00699054
8.208e-007,0.00692031
8.2085e-007,0.0068672
8.209e-007,0.0068004
8.2095e-007,0.00676785
8.21e-007,0.00674901
8.2105e-007,0.00676271
8.211e-007,0.00677984
8.2115e-007,0.00677813
8.212e-007,0.00679183
8.2125e-007,0.0068141
8.213e-007,0.00680725
8.2135e-007,0.00680554
8.214e-007,0.0068141
8.2145e-007,0.00680896
8.215e-007,0.00677642
8.2155e-007,0.00675758
8.216e-007,0.00675586
8.2165e-007,0.00674387
8.217e-007,0.00673188
8.2175e-007,0.00670105
8.218e-007,0.00669762
8.2185e-007,0.00668049
8.219e-007,0.00671475
8.2195e-007,0.00675929
8.22e-007,0.00676957
8.2205e-007,0.00678327
8.221e-007,0.00683808
8.2215e-007,0.00690146
8.222e-007,0.00695799
8.2225e-007,0.00704706
8.223e-007,0.00712757
8.2235e-007,0.00723035
8.224e-007,0.00730401
8.2245e-007,0.00734683
8.225e-007,0.00733826
8.2255e-007,0.00729887
8.226e-007,0.0072235
8.2265e-007,0.00711044
8.227e-007,0.00699225
8.2275e-007,0.0068929
8.228e-007,0.0068004
8.2285e-007,0.00674216
8.229e-007,0.00669248
8.2295e-007,0.00667022
8.23e-007,0.00670619
8.2305e-007,0.00675758
8.231e-007,0.00677813
8.2315e-007,0.00682267
8.232e-007,0.00685864
8.2325e-007,0.00686035
8.233e-007,0.00685864
8.2335e-007,0.00683123
8.234e-007,0.00682438
8.2345e-007,0.00675244
8.235e-007,0.00675758
8.2355e-007,0.00671818
8.236e-007,0.00666336
8.2365e-007,0.00668392
8.237e-007,0.00665309
8.2375e-007,0.00665309
8.238e-007,0.00667022
8.2385e-007,0.00667022
8.239e-007,0.00662739
8.2395e-007,0.00665309
8.24e-007,0.00662225
8.2405e-007,0.00662397
8.241e-007,0.00660684
8.2415e-007,0.00662225
8.242e-007,0.00664795
8.2425e-007,0.00668221
8.243e-007,0.00671989
8.2435e-007,0.00679183
8.244e-007,0.00682952
8.2445e-007,0.00691517
8.245e-007,0.00694943
8.2455e-007,0.00696313
8.246e-007,0.00698026
8.2465e-007,0.00698368
8.247e-007,0.0069991
8.2475e-007,0.00697341
8.248e-007,0.00696313
8.2485e-007,0.00692202
8.249e-007,0.00691517
8.2495e-007,0.00686207
8.25e-007,0.00681239
8.2505e-007,0.00675586
8.251e-007,0.00674387
8.2515e-007,0.00668734
8.252e-007,0.00664281
8.2525e-007,0.00657258
8.253e-007,0.00649036
8.2535e-007,0.00644924
8.254e-007,0.00642869
8.2545e-007,0.00637388
8.255e-007,0.00634989
8.2555e-007,0.00638244
8.256e-007,0.00638244
8.2565e-007,0.00647151
8.257e-007,0.00655545
8.2575e-007,0.0066411
8.258e-007,0.00670961
8.2585e-007,0.00680554
8.259e-007,0.00687406
8.2595e-007,0.00691345
8.26e-007,0.00696313
8.2605e-007,0.00698368
8.261e-007,0.00696655
8.2615e-007,0.00695799
8.262e-007,0.0069323
8.2625e-007,0.00690489
8.263e-007,0.00687748
8.2635e-007,0.0068535
8.264e-007,0.00685693
8.2645e-007,0.00684494
8.265e-007,0.00686207
8.2655e-007,0.00689975
8.266e-007,0.00688091
8.2665e-007,0.00691517
8.267e-007,0.00696313
8.2675e-007,0.00698197
8.268e-007,0.0070128
8.2685e-007,0.0070385
8.269e-007,0.00706248
8.2695e-007,0.00706762
8.27e-007,0.00707104
8.2705e-007,0.0070779
8.271e-007,0.00704192
8.2715e-007,0.00700253
8.272e-007,0.00695285
8.2725e-007,0.00687406
8.273e-007,0.00683123
8.2735e-007,0.00677128
8.274e-007,0.00669248
8.2745e-007,0.0066291
8.275e-007,0.00658799
8.2755e-007,0.00657258
8.276e-007,0.00661197
8.2765e-007,0.00666336
8.277e-007,0.00672332
8.2775e-007,0.00677128
8.278e-007,0.00680554
8.2785e-007,0.00685864
8.279e-007,0.00687577
8.2795e-007,0.00689975
8.28e-007,0.00690146
8.2805e-007,0.00690489
8.281e-007,0.00686207
8.2815e-007,0.00684322
8.282e-007,0.00685179
8.2825e-007,0.00681239
8.283e-007,0.00682609
8.2835e-007,0.0068398
8.284e-007,0.00688605
8.2845e-007,0.00695285
8.285e-007,0.00701794
8.2855e-007,0.00709503
8.286e-007,0.00715498
8.2865e-007,0.00723206
8.287e-007,0.00728002
8.2875e-007,0.00732113
8.288e-007,0.0073297
8.2885e-007,0.00733655
8.289e-007,0.00730058
8.2895e-007,0.00726803
8.29e-007,0.00723377
8.2905e-007,0.00716354
8.291e-007,0.00709503
8.2915e-007,0.00704706
8.292e-007,0.00704706
8.2925e-007,0.0069991
8.293e-007,0.00698197
8.2935e-007,0.00699396
8.294e-007,0.00701966
8.2945e-007,0.00705905
8.295e-007,0.00704192
8.2955e-007,0.00704878
8.296e-007,0.00702822
8.2965e-007,0.00699396
8.297e-007,0.00698368
8.2975e-007,0.00696484
8.298e-007,0.00692544
8.2985e-007,0.00689975
8.299e-007,0.00689461
8.2995e-007,0.00691859
8.3e-007,0.00691517
8.3005e-007,0.00693572
8.301e-007,0.00700767
8.3015e-007,0.00703507
8.302e-007,0.00706077
8.3025e-007,0.00708646
8.303e-007,0.00707276
8.3035e-007,0.00705905
8.304e-007,0.00702651
8.3045e-007,0.00698711
8.305e-007,0.00689632
8.3055e-007,0.00679697
8.306e-007,0.0067473
8.3065e-007,0.00669077
8.307e-007,0.00662568
8.3075e-007,0.00662225
8.308e-007,0.00656744
8.3085e-007,0.00654174
8.309e-007,0.00652119
8.3095e-007,0.0065229
8.31e-007,0.00647665
8.3105e-007,0.00645096
8.311e-007,0.00640985
8.3115e-007,0.00634476
8.312e-007,0.00631735
8.3125e-007,0.00631564
8.313e-007,0.00630022
8.3135e-007,0.00628652
8.314e-007,0.00635675
8.3145e-007,0.00639786
8.315e-007,0.00650749
8.3155e-007,0.00661883
8.316e-007,0.00671646
8.3165e-007,0.00686892
8.317e-007,0.00697512
8.3175e-007,0.00706248
8.318e-007,0.00714813
8.3185e-007,0.00713614
8.319e-007,0.00709845
8.3195e-007,0.00704364
8.32e-007,0.006946
8.3205e-007,0.00678498
8.321e-007,0.00661883
8.3215e-007,0.00645781
8.322e-007,0.00632249
8.3225e-007,0.00620601
8.323e-007,0.00610837
8.3235e-007,0.0060724
8.324e-007,0.00605869
8.3245e-007,0.00611865
8.325e-007,0.00620601
8.3255e-007,0.00630193
8.326e-007,0.00643212
8.3265e-007,0.00658628
8.327e-007,0.00667707
8.3275e-007,0.00677642
8.328e-007,0.00684665
8.3285e-007,0.00688605
8.329e-007,0.00687234
8.3295e-007,0.00683808
8.33e-007,0.0068004
8.3305e-007,0.0067473
8.331e-007,0.0067079
8.3315e-007,0.0066685
8.332e-007,0.00664966
8.3325e-007,0.00663253
8.333e-007,0.00663767
8.3335e-007,0.00670619
8.334e-007,0.00674216
8.3345e-007,0.00680725
8.335e-007,0.00682781
8.3355e-007,0.00687406
8.336e-007,0.00687919
8.3365e-007,0.00692373
8.337e-007,0.00690489
8.3375e-007,0.00686207
8.338e-007,0.00681582
8.3385e-007,0.00675758
8.339e-007,0.00669591
8.3395e-007,0.00664452
8.34e-007,0.00652975
8.3405e-007,0.00647665
8.341e-007,0.006403
8.3415e-007,0.00633619
8.342e-007,0.00629508
8.3425e-007,0.00627281
8.343e-007,0.00631221
8.3435e-007,0.00634476
8.344e-007,0.00642698
8.3445e-007,0.00653489
8.345e-007,0.00663424
8.3455e-007,0.00674901
8.346e-007,0.00680725
8.3465e-007,0.00688091
8.347e-007,0.00690831
8.3475e-007,0.00695456
8.348e-007,0.00699396
8.3485e-007,0.0069854
8.349e-007,0.00699396
8.3495e-007,0.00697855
8.35e-007,0.00698882
8.3505e-007,0.00701452
8.351e-007,0.00704706
8.3515e-007,0.00706248
8.352e-007,0.00711729
8.3525e-007,0.00714299
8.353e-007,0.00713785
8.3535e-007,0.0071584
8.354e-007,0.00715155
8.3545e-007,0.00712415
8.355e-007,0.00706933
8.3555e-007,0.00702993
8.356e-007,0.00697341
8.3565e-007,0.00692887
8.357e-007,0.00692031
8.3575e-007,0.00689975
8.358e-007,0.0068929
8.3585e-007,0.00691688
8.359e-007,0.00693058
8.3595e-007,0.00698711
8.36e-007,0.00699739
8.3605e-007,0.00699739
8.361e-007,0.00697683
8.3615e-007,0.00691517
8.362e-007,0.00687234
8.3625e-007,0.00682438
8.363e-007,0.00678498
8.3635e-007,0.0067473
8.364e-007,0.00673188
8.3645e-007,0.00673359
8.365e-007,0.00673873
8.3655e-007,0.0068004
8.366e-007,0.00684151
8.3665e-007,0.00694429
8.367e-007,0.00700424
8.3675e-007,0.00708304
8.368e-007,0.00714813
8.3685e-007,0.00719266
8.369e-007,0.00723035
8.3695e-007,0.00721151
8.37e-007,0.0071978
8.3705e-007,0.00714128
8.371e-007,0.00709503
8.3715e-007,0.00704021
8.372e-007,0.00696998
8.3725e-007,0.00688776
8.373e-007,0.00682267
8.3735e-007,0.00673702
8.374e-007,0.00667022
8.3745e-007,0.00663596
8.375e-007,0.00657086
8.3755e-007,0.00658799
8.376e-007,0.00660512
8.3765e-007,0.00667707
8.377e-007,0.00674216
8.3775e-007,0.00685007
8.378e-007,0.00693743
8.3785e-007,0.00701452
8.379e-007,0.00707447
8.3795e-007,0.00714984
8.38e-007,0.00718581
8.3805e-007,0.00714641
8.381e-007,0.007131
8.3815e-007,0.00711387
8.382e-007,0.00704706
8.3825e-007,0.00696998
8.383e-007,0.00694943
8.3835e-007,0.00697855
8.384e-007,0.00699054
8.3845e-007,0.00706933
8.385e-007,0.007131
8.3855e-007,0.00723891
8.386e-007,0.00734169
8.3865e-007,0.00741021
8.387e-007,0.00744104
8.3875e-007,0.00743419
8.388e-007,0.00741706
8.3885e-007,0.00732285
8.389e-007,0.00718581
8.3895e-007,0.00705392
8.39e-007,0.00687234
8.3905e-007,0.00671989
8.391e-007,0.00658285
8.3915e-007,0.00645438
8.392e-007,0.00640471
8.3925e-007,0.00637559
8.393e-007,0.00637559
8.3935e-007,0.00637388
8.394e-007,0.00639272
8.3945e-007,0.00638415
8.395e-007,0.00642526
8.3955e-007,0.00644411
8.396e-007,0.00644239
8.3965e-007,0.00641499
8.397e-007,0.00642526
8.3975e-007,0.00645267
8.398e-007,0.0064561
8.3985e-007,0.00652461
8.399e-007,0.006576
8.3995e-007,0.00668049
8.4e-007,0.00673873
8.4005e-007,0.00682267
8.401e-007,0.00691174
8.4015e-007,0.00696484
8.402e-007,0.00700253
8.4025e-007,0.00700938
8.403e-007,0.00693915
8.4035e-007,0.00687234
8.404e-007,0.00680211
8.4045e-007,0.00670447
8.405e-007,0.00664966
8.4055e-007,0.00657429
8.406e-007,0.00657086
8.4065e-007,0.00658285
8.407e-007,0.00658457
8.4075e-007,0.00663938
8.408e-007,0.00669934
8.4085e-007,0.00672674
8.409e-007,0.00678156
8.4095e-007,0.00684151
8.41e-007,0.00691003
8.4105e-007,0.0069066
8.411e-007,0.00691517
8.4115e-007,0.0068672
8.412e-007,0.00682267
8.4125e-007,0.00678841
8.413e-007,0.00677813
8.4135e-007,0.00679869
8.414e-007,0.0068141
8.4145e-007,0.00685693
8.415e-007,0.00695456
8.4155e-007,0.00701794
8.416e-007,0.00709674
8.4165e-007,0.00721151
8.417e-007,0.00727146
8.4175e-007,0.00724919
8.418e-007,0.00722007
8.4185e-007,0.00718581
8.419e-007,0.00710016
8.4195e-007,0.00697169
8.42e-007,0.00686207
8.4205e-007,0.00673702
8.421e-007,0.00663082
8.4215e-007,0.00661197
8.422e-007,0.0066154
8.4225e-007,0.00665309
8.423e-007,0.00675415
8.4235e-007,0.00691859
8.424e-007,0.00710188
8.4245e-007,0.00728516
8.425e-007,0.0074359
8.4255e-007,0.00758322
8.426e-007,0.00770484
8.4265e-007,0.00774595
8.427e-007,0.00775451
8.4275e-007,0.00772025
8.428e-007,0.00762604
8.4285e-007,0.00756609
8.429e-007,0.00745303
8.4295e-007,0.00733313
8.43e-007,0.00721151
8.4305e-007,0.007131
8.431e-007,0.00706591
8.4315e-007,0.00702822
8.432e-007,0.00700081
8.4325e-007,0.0069991
8.433e-007,0.00696998
8.4335e-007,0.00694943
8.434e-007,0.00689804
8.4345e-007,0.00687748
8.435e-007,0.00681753
8.4355e-007,0.00671818
8.436e-007,0.00665309
8.4365e-007,0.00655887
8.437e-007,0.0064835
8.4375e-007,0.00641841
8.438e-007,0.00639443
8.4385e-007,0.00636702
8.439e-007,0.006391
8.4395e-007,0.0064167
8.44e-007,0.00645438
8.4405e-007,0.00651605
8.441e-007,0.00655373
8.4415e-007,0.00664281
8.442e-007,0.00667707
8.4425e-007,0.00673017
8.443e-007,0.00675758
8.4435e-007,0.00682438
8.444e-007,0.00686378
8.4445e-007,0.00690318
8.445e-007,0.00694257
8.4455e-007,0.00699568
8.446e-007,0.00702822
8.4465e-007,0.00708989
8.447e-007,0.00713442
8.4475e-007,0.00713956
8.448e-007,0.00713785
8.4485e-007,0.0071584
8.449e-007,0.00711558
8.4495e-007,0.00710702
8.45e-007,0.00706762
8.4505e-007,0.00704706
8.451e-007,0.00704364
8.4515e-007,0.00706762
8.452e-007,0.00704878
8.4525e-007,0.00704364
8.453e-007,0.00704192
8.4535e-007,0.00702137
8.454e-007,0.00698711
8.4545e-007,0.00694429
8.455e-007,0.00685693
8.4555e-007,0.00677813
8.456e-007,0.00665994
8.4565e-007,0.00653661
8.457e-007,0.00642355
8.4575e-007,0.00631392
8.458e-007,0.00625739
8.4585e-007,0.00620258
8.459e-007,0.00619915
8.4595e-007,0.00622142
8.46e-007,0.00626767
8.4605e-007,0.00631906
8.461e-007,0.00637559
8.4615e-007,0.00647494
8.462e-007,0.00652461
8.4625e-007,0.00659142
8.463e-007,0.00666165
8.4635e-007,0.00673702
8.464e-007,0.00675072
8.4645e-007,0.00677984
8.465e-007,0.00681068
8.4655e-007,0.00676271
8.466e-007,0.00675415
8.4665e-007,0.00673359
8.467e-007,0.00672674
8.4675e-007,0.00670447
8.468e-007,0.00667878
8.4685e-007,0.00668563
8.469e-007,0.00671133
8.4695e-007,0.00671818
8.47e-007,0.00673188
8.4705e-007,0.00676957
8.471e-007,0.00681239
8.4715e-007,0.00687919
8.472e-007,0.00689461
8.4725e-007,0.0069066
8.473e-007,0.00692202
8.4735e-007,0.0068929
8.474e-007,0.00685007
8.4745e-007,0.00679012
8.475e-007,0.00670105
8.4755e-007,0.00661711
8.476e-007,0.00653661
8.4765e-007,0.00649892
8.477e-007,0.0064698
8.4775e-007,0.00644924
8.478e-007,0.00646466
8.4785e-007,0.00650749
8.479e-007,0.00652804
8.4795e-007,0.00659998
8.48e-007,0.00663767
8.4805e-007,0.0066548
8.481e-007,0.00663596
8.4815e-007,0.0066291
8.482e-007,0.00655031
8.4825e-007,0.00650749
8.483e-007,0.0064167
8.4835e-007,0.00636702
8.484e-007,0.00633105
8.4845e-007,0.00628138
8.485e-007,0.00629337
8.4855e-007,0.00636017
8.486e-007,0.00645952
8.4865e-007,0.00653489
8.487e-007,0.00667022
8.4875e-007,0.00679869
8.488e-007,0.00692031
8.4885e-007,0.00700938
8.489e-007,0.0070916
8.4895e-007,0.00713956
8.49e-007,0.00716012
8.4905e-007,0.00711558
8.491e-007,0.00710702
8.4915e-007,0.00703507
8.492e-007,0.00693401
8.4925e-007,0.00682609
8.493e-007,0.00674901
8.4935e-007,0.00663767
8.494e-007,0.0066017
8.4945e-007,0.00657258
8.495e-007,0.00655031
8.4955e-007,0.00655202
8.496e-007,0.00656573
8.4965e-007,0.00663596
8.497e-007,0.00671304
8.4975e-007,0.00674045
8.498e-007,0.00680554
8.4985e-007,0.00684322
8.499e-007,0.00686207
8.4995e-007,0.00691345
8.5e-007,0.00697512
8.5005e-007,0.00696827
8.501e-007,0.0069854
8.5015e-007,0.0070128
8.502e-007,0.00701452
8.5025e-007,0.00702137
8.503e-007,0.00700595
8.5035e-007,0.00702137
8.504e-007,0.00701966
8.5045e-007,0.00698368
8.505e-007,0.00698197
8.5055e-007,0.00699225
8.506e-007,0.00698197
8.5065e-007,0.00700424
8.507e-007,0.00700253
8.5075e-007,0.00705905
8.508e-007,0.007131
8.5085e-007,0.00723549
8.509e-007,0.00735026
8.5095e-007,0.00743419
8.51e-007,0.00753868
8.5105e-007,0.00760891
8.511e-007,0.00764488
8.5115e-007,0.0076346
8.512e-007,0.00759007
8.5125e-007,0.00751812
8.513e-007,0.00741877
8.5135e-007,0.00732799
8.514e-007,0.00717211
8.5145e-007,0.00703507
8.515e-007,0.00691003
8.5155e-007,0.00678498
8.516e-007,0.00667364
8.5165e-007,0.00658799
8.517e-007,0.00652975
8.5175e-007,0.00644239
8.518e-007,0.00642012
8.5185e-007,0.006403
8.519e-007,0.0063773
8.5195e-007,0.00637388
8.52e-007,0.00634647
8.5205e-007,0.00634818
8.521e-007,0.00637901
8.5215e-007,0.00640985
8.522e-007,0.00644582
8.5225e-007,0.00651776
8.523e-007,0.0066017
8.5235e-007,0.00667535
8.524e-007,0.00673873
8.5245e-007,0.00681924
8.525e-007,0.00690831
8.5255e-007,0.00693572
8.526e-007,0.00700253
8.5265e-007,0.00703336
8.527e-007,0.00701966
8.5275e-007,0.00699225
8.528e-007,0.00694257
8.5285e-007,0.00687234
8.529e-007,0.00682952
8.5295e-007,0.00676271
8.53e-007,0.00668734
8.5305e-007,0.00665994
8.531e-007,0.00663596
8.5315e-007,0.00662054
8.532e-007,0.00663767
8.5325e-007,0.00670276
8.533e-007,0.00679355
8.5335e-007,0.00685864
8.534e-007,0.00698882
8.5345e-007,0.00706591
8.535e-007,0.00718067
8.5355e-007,0.00724234
8.536e-007,0.00724577
8.5365e-007,0.00725262
8.537e-007,0.00721151
8.5375e-007,0.00714813
8.538e-007,0.00699054
8.5385e-007,0.00688605
8.539e-007,0.00676614
8.5395e-007,0.00667022
8.54e-007,0.00659142
8.5405e-007,0.00655373
8.541e-007,0.00656573
8.5415e-007,0.00659998
8.542e-007,0.00663596
8.5425e-007,0.00668734
8.543e-007,0.00679012
8.5435e-007,0.00684836
8.544e-007,0.00687748
8.5445e-007,0.00687406
8.545e-007,0.00684151
8.5455e-007,0.0067867
8.546e-007,0.00673531
8.5465e-007,0.00668049
8.547e-007,0.00664966
8.5475e-007,0.00663767
8.548e-007,0.00663082
8.5485e-007,0.00668563
8.549e-007,0.00674045
8.5495e-007,0.00676614
8.55e-007,0.00685864
8.5505e-007,0.0069323
8.551e-007,0.00703165
8.5515e-007,0.0070916
8.552e-007,0.00713442
8.5525e-007,0.007131
8.553e-007,0.00712586
8.5535e-007,0.00708475
8.554e-007,0.00698711
8.5545e-007,0.00693058
8.555e-007,0.00687234
8.5555e-007,0.0067867
8.556e-007,0.00671133
8.5565e-007,0.00665309
8.557e-007,0.00660684
8.5575e-007,0.0066154
8.558e-007,0.00660512
8.5585e-007,0.00663082
8.559e-007,0.00670619
8.5595e-007,0.00678156
8.56e-007,0.00686035
8.5605e-007,0.00691174
8.561e-007,0.00697855
8.5615e-007,0.00700081
8.562e-007,0.00700595
8.5625e-007,0.00697341
8.563e-007,0.00692373
8.5635e-007,0.00688776
8.564e-007,0.00682095
8.5645e-007,0.00676271
8.565e-007,0.00672846
8.5655e-007,0.00670447
8.566e-007,0.00676271
8.5665e-007,0.00682952
8.567e-007,0.00688776
8.5675e-007,0.00701109
8.568e-007,0.00709674
8.5685e-007,0.00720979
8.569e-007,0.00731428
8.5695e-007,0.00739479
8.57e-007,0.00742562
8.5705e-007,0.0074359
8.571e-007,0.00740678
8.5715e-007,0.00736225
8.572e-007,0.00729887
8.5725e-007,0.00725262
8.573e-007,0.00720808
8.5735e-007,0.00716526
8.574e-007,0.00713614
8.5745e-007,0.00712243
8.575e-007,0.00712415
8.5755e-007,0.00717725
8.576e-007,0.00721836
8.5765e-007,0.00728859
8.577e-007,0.00732113
8.5775e-007,0.00737252
8.578e-007,0.00736396
8.5785e-007,0.00734512
8.579e-007,0.0072903
8.5795e-007,0.00718067
8.58e-007,0.00710873
8.5805e-007,0.00699396
8.581e-007,0.00685864
8.5815e-007,0.00671133
8.582e-007,0.00661197
8.5825e-007,0.00654688
8.583e-007,0.00646466
8.5835e-007,0.00639614
8.584e-007,0.00640128
8.5845e-007,0.00640985
8.585e-007,0.0064304
8.5855e-007,0.00646466
8.586e-007,0.00649549
8.5865e-007,0.00652461
8.587e-007,0.0065623
8.5875e-007,0.00665651
8.588e-007,0.00667707
8.5885e-007,0.00671646
8.589e-007,0.00677299
8.5895e-007,0.00683466
8.59e-007,0.00691003
8.5905e-007,0.00697512
8.591e-007,0.00702822
8.5915e-007,0.00706933
8.592e-007,0.0071053
8.5925e-007,0.00714299
8.593e-007,0.00716868
8.5935e-007,0.00719438
8.594e-007,0.00717211
8.5945e-007,0.00711901
8.595e-007,0.00706419
8.5955e-007,0.00698711
8.596e-007,0.00693743
8.5965e-007,0.00689804
8.597e-007,0.00687919
8.5975e-007,0.00681924
8.598e-007,0.00683466
8.5985e-007,0.00685179
8.599e-007,0.00688947
8.5995e-007,0.00692202
8.6e-007,0.00696655
8.6005e-007,0.00703165
8.601e-007,0.0070916
8.6015e-007,0.00712415
8.602e-007,0.00712586
8.6025e-007,0.00712757
8.603e-007,0.00710359
8.6035e-007,0.00705392
8.604e-007,0.00698197
8.6045e-007,0.00687577
8.605e-007,0.00675072
8.6055e-007,0.00667364
8.606e-007,0.00659998
8.6065e-007,0.00652804
8.607e-007,0.00652975
8.6075e-007,0.0065486
8.608e-007,0.00658457
8.6085e-007,0.00668221
8.609e-007,0.00676614
8.6095e-007,0.00682952
8.61e-007,0.00692716
8.6105e-007,0.00699568
8.611e-007,0.00701109
8.6115e-007,0.00698711
8.612e-007,0.00697855
8.6125e-007,0.00692031
8.613e-007,0.00684665
8.6135e-007,0.0067747
8.614e-007,0.00667707
8.6145e-007,0.00665137
8.615e-007,0.00663596
8.6155e-007,0.00660855
8.616e-007,0.0066685
8.6165e-007,0.00670961
8.617e-007,0.00671475
8.6175e-007,0.00677642
8.618e-007,0.00679012
8.6185e-007,0.0067867
8.619e-007,0.00678156
8.6195e-007,0.00673702
8.62e-007,0.00667535
8.6205e-007,0.00664966
8.621e-007,0.00658799
8.6215e-007,0.00655545
8.622e-007,0.00655716
8.6225e-007,0.0065623
8.623e-007,0.00657772
8.6235e-007,0.0066548
8.624e-007,0.00675415
8.6245e-007,0.00685693
8.625e-007,0.0069323
8.6255e-007,0.00700767
8.626e-007,0.00706077
8.6265e-007,0.00710359
8.627e-007,0.00708475
8.6275e-007,0.0070522
8.628e-007,0.00698197
8.6285e-007,0.00689975
8.629e-007,0.00684494
8.6295e-007,0.00674901
8.63e-007,0.0066548
8.6305e-007,0.00658285
8.631e-007,0.00654174
8.6315e-007,0.00652461
8.632e-007,0.00655202
8.6325e-007,0.00660684
8.633e-007,0.00668734
8.6335e-007,0.006761
8.634e-007,0.00686207
8.6345e-007,0.00694257
8.635e-007,0.0069991
8.6355e-007,0.00702651
8.636e-007,0.00705563
8.6365e-007,0.00707276
8.637e-007,0.00701966
8.6375e-007,0.00696827
8.638e-007,0.00693915
8.6385e-007,0.00687406
8.639e-007,0.00680211
8.6395e-007,0.00676614
8.64e-007,0.00671818
8.6405e-007,0.00667707
8.641e-007,0.00670276
8.6415e-007,0.00674558
8.642e-007,0.00675072
8.6425e-007,0.0067867
8.643e-007,0.00685179
8.6435e-007,0.00688947
8.644e-007,0.00695285
8.6445e-007,0.00698711
8.645e-007,0.00707276
8.6455e-007,0.00713956
8.646e-007,0.00720123
8.6465e-007,0.00729544
8.647e-007,0.00735882
8.6475e-007,0.00742562
8.648e-007,0.00747701
8.6485e-007,0.00752155
8.649e-007,0.00753354
8.6495e-007,0.00752498
8.65e-007,0.00750442
8.6505e-007,0.00747873
8.651e-007,0.00739822
8.6515e-007,0.00733313
8.652e-007,0.00727146
8.6525e-007,0.00717725
8.653e-007,0.00708817
8.6535e-007,0.00700595
8.654e-007,0.006946
8.6545e-007,0.00689975
8.655e-007,0.00688605
8.6555e-007,0.00685521
8.656e-007,0.00685864
8.6565e-007,0.00686207
8.657e-007,0.0069066
8.6575e-007,0.00695285
8.658e-007,0.006946
8.6585e-007,0.00696827
8.659e-007,0.00697683
8.6595e-007,0.0069991
8.66e-007,0.00696142
8.6605e-007,0.00696313
8.661e-007,0.00697341
8.6615e-007,0.00695456
8.662e-007,0.00693058
8.6625e-007,0.00691174
8.663e-007,0.00688433
8.6635e-007,0.00688776
8.664e-007,0.00688605
8.6645e-007,0.00685864
8.665e-007,0.00688605
8.6655e-007,0.00688262
8.666e-007,0.00688605
8.6665e-007,0.00689975
8.667e-007,0.0068929
8.6675e-007,0.0068929
8.668e-007,0.00687577
8.6685e-007,0.00684494
8.669e-007,0.00681753
8.6695e-007,0.00679697
8.67e-007,0.00676614
8.6705e-007,0.00675758
8.671e-007,0.00671304
8.6715e-007,0.0067216
8.672e-007,0.00670961
8.6725e-007,0.00671475
8.673e-007,0.00672332
8.6735e-007,0.00673017
8.674e-007,0.006761
8.6745e-007,0.00679183
8.675e-007,0.00679183
8.6755e-007,0.00680725
8.676e-007,0.00683123
8.6765e-007,0.00685179
8.677e-007,0.00683466
8.6775e-007,0.00682267
8.678e-007,0.00684322
8.6785e-007,0.0068141
8.679e-007,0.0067747
8.6795e-007,0.00674558
8.68e-007,0.00678156
8.6805e-007,0.00677128
8.681e-007,0.00675586
8.6815e-007,0.00671818
8.682e-007,0.00672674
8.6825e-007,0.0067473
8.683e-007,0.00674901
8.6835e-007,0.00671818
8.684e-007,0.00671133
8.6845e-007,0.00668734
8.685e-007,0.00668563
8.6855e-007,0.0066942
8.686e-007,0.00669591
8.6865e-007,0.00669077
8.687e-007,0.00667707
8.6875e-007,0.0066291
8.688e-007,0.00656915
8.6885e-007,0.00652975
8.689e-007,0.00650063
8.6895e-007,0.00646637
8.69e-007,0.00644753
8.6905e-007,0.00643554
8.691e-007,0.00643554
8.6915e-007,0.00645096
8.692e-007,0.00648179
8.6925e-007,0.00654688
8.693e-007,0.00661711
8.6935e-007,0.00668734
8.694e-007,0.006761
8.6945e-007,0.00680725
8.695e-007,0.00686549
8.6955e-007,0.00689119
8.696e-007,0.00688091
8.6965e-007,0.0068672
8.697e-007,0.00683295
8.6975e-007,0.00678327
8.698e-007,0.00670276
8.6985e-007,0.0066154
8.699e-007,0.0065486
8.6995e-007,0.0064561
8.7e-007,0.00637559
8.7005e-007,0.00631735
8.701e-007,0.00626596
8.7015e-007,0.00624369
8.702e-007,0.00627795
8.7025e-007,0.0062711
8.703e-007,0.0062848
8.7035e-007,0.00632763
8.704e-007,0.0063773
8.7045e-007,0.00644411
8.705e-007,0.00651091
8.7055e-007,0.00656915
8.706e-007,0.00662225
8.7065e-007,0.00667364
8.707e-007,0.00669762
8.7075e-007,0.0067079
8.708e-007,0.00670961
8.7085e-007,0.0067216
8.709e-007,0.00673531
8.7095e-007,0.0067079
8.71e-007,0.00665994
8.7105e-007,0.00668906
8.711e-007,0.00671818
8.7115e-007,0.0067473
8.712e-007,0.00678327
8.7125e-007,0.00685864
8.713e-007,0.00690489
8.7135e-007,0.00698882
8.714e-007,0.0070522
8.7145e-007,0.00712757
8.715e-007,0.00717211
8.7155e-007,0.00722007
8.716e-007,0.00720465
8.7165e-007,0.00716868
8.717e-007,0.00714641
8.7175e-007,0.00708475
8.718e-007,0.0069991
8.7185e-007,0.00696998
8.719e-007,0.00689804
8.7195e-007,0.00686207
8.72e-007,0.0067867
8.7205e-007,0.00676443
8.721e-007,0.00675758
8.7215e-007,0.0067867
8.722e-007,0.00683808
8.7225e-007,0.00691174
8.723e-007,0.00696827
8.7235e-007,0.00706933
8.724e-007,0.00714641
8.7245e-007,0.00718924
8.725e-007,0.00726803
8.7255e-007,0.00728688
8.726e-007,0.00732113
8.7265e-007,0.00728002
8.727e-007,0.00723035
8.7275e-007,0.00716868
8.728e-007,0.00706248
8.7285e-007,0.00697341
8.729e-007,0.00688433
8.7295e-007,0.00681582
8.73e-007,0.00674045
8.7305e-007,0.00669248
8.731e-007,0.0066548
8.7315e-007,0.00665309
8.732e-007,0.00663424
8.7325e-007,0.0066291
8.733e-007,0.00663596
8.7335e-007,0.0066411
8.734e-007,0.00663767
8.7345e-007,0.00663767
8.735e-007,0.00660684
8.7355e-007,0.00660684
8.736e-007,0.00658285
8.7365e-007,0.00655031
8.737e-007,0.00651776
8.7375e-007,0.00652119
8.738e-007,0.00651776
8.7385e-007,0.00653147
8.739e-007,0.00657086
8.7395e-007,0.00661711
8.74e-007,0.00664281
8.7405e-007,0.0066548
8.741e-007,0.00671133
8.7415e-007,0.00671646
8.742e-007,0.0067473
8.7425e-007,0.00679012
8.743e-007,0.00683637
8.7435e-007,0.00687577
8.744e-007,0.0069323
8.7445e-007,0.00698026
8.745e-007,0.00700938
8.7455e-007,0.0070779
8.746e-007,0.00708989
8.7465e-007,0.00708304
8.747e-007,0.00704364
8.7475e-007,0.00697855
8.748e-007,0.00688091
8.7485e-007,0.00677299
8.749e-007,0.00664281
8.7495e-007,0.00655887
8.75e-007,0.00645267
8.7505e-007,0.0063636
8.751e-007,0.00630193
8.7515e-007,0.00625054
8.752e-007,0.00623855
8.7525e-007,0.00624712
8.753e-007,0.00626253
8.7535e-007,0.0063242
8.754e-007,0.00639786
8.7545e-007,0.00647323
8.755e-007,0.00653489
8.7555e-007,0.00662397
8.756e-007,0.00663767
8.7565e-007,0.00670276
8.757e-007,0.00673531
8.7575e-007,0.0067216
8.758e-007,0.00671989
8.7585e-007,0.00668734
8.759e-007,0.00665309
8.7595e-007,0.00663596
8.76e-007,0.00658285
8.7605e-007,0.00655031
8.761e-007,0.00647323
8.7615e-007,0.00644411
8.762e-007,0.00645781
8.7625e-007,0.00647323
8.763e-007,0.00651948
8.7635e-007,0.00655716
8.764e-007,0.00659998
8.7645e-007,0.00665651
8.765e-007,0.00671989
8.7655e-007,0.00675415
8.766e-007,0.00679697
8.7665e-007,0.00684665
8.767e-007,0.00686378
8.7675e-007,0.00685179
8.768e-007,0.00682609
8.7685e-007,0.00676271
8.769e-007,0.0066942
8.7695e-007,0.00664452
8.77e-007,0.00658799
8.7705e-007,0.00653661
8.771e-007,0.00649378
8.7715e-007,0.00644753
8.772e-007,0.00639614
8.7725e-007,0.00637901
8.773e-007,0.00635161
8.7735e-007,0.00632934
8.774e-007,0.00635332
8.7745e-007,0.00639272
8.775e-007,0.00644582
8.7755e-007,0.00651605
8.776e-007,0.00655887
8.7765e-007,0.00660684
8.777e-007,0.00664281
8.7775e-007,0.00666508
8.778e-007,0.00664966
8.7785e-007,0.00668392
8.779e-007,0.00665651
8.7795e-007,0.00663082
8.78e-007,0.00664281
8.7805e-007,0.00662225
8.781e-007,0.00660512
8.7815e-007,0.00661197
8.782e-007,0.0066291
8.7825e-007,0.0066548
8.783e-007,0.00671989
8.7835e-007,0.0067473
8.784e-007,0.00680211
8.7845e-007,0.00678498
8.785e-007,0.00680211
8.7855e-007,0.00675758
8.786e-007,0.00668221
8.7865e-007,0.0066017
8.787e-007,0.00650063
8.7875e-007,0.0063773
8.788e-007,0.00626253
8.7885e-007,0.00618888
8.789e-007,0.00613064
8.7895e-007,0.00614948
8.79e-007,0.00619573
8.7905e-007,0.00628652
8.791e-007,0.00642184
8.7915e-007,0.00662397
8.792e-007,0.00680554
8.7925e-007,0.00700767
8.793e-007,0.00718239
8.7935e-007,0.00736396
8.794e-007,0.00749586
8.7945e-007,0.00758493
8.795e-007,0.00759521
8.7955e-007,0.0075815
8.796e-007,0.00746674
8.7965e-007,0.00735197
8.797e-007,0.00724748
8.7975e-007,0.0070916
8.798e-007,0.0069597
8.7985e-007,0.00682781
8.799e-007,0.00669591
8.7995e-007,0.00657429
8.8e-007,0.00649892
8.8005e-007,0.00644582
8.801e-007,0.0064561
8.8015e-007,0.00647494
8.802e-007,0.00649378
8.8025e-007,0.0065623
8.803e-007,0.00657943
8.8035e-007,0.00662397
8.804e-007,0.00666165
8.8045e-007,0.00668563
8.805e-007,0.00675758
8.8055e-007,0.00682438
8.806e-007,0.00692716
8.8065e-007,0.0070248
8.807e-007,0.00713785
8.8075e-007,0.00728345
8.808e-007,0.00737595
8.8085e-007,0.00746674
8.809e-007,0.00756095
8.8095e-007,0.00753697
8.81e-007,0.0074616
8.8105e-007,0.0073434
8.811e-007,0.0071978
8.8115e-007,0.00696827
8.812e-007,0.00676957
8.8125e-007,0.006576
8.813e-007,0.00638929
8.8135e-007,0.00625568
8.814e-007,0.00614605
8.8145e-007,0.00611008
8.815e-007,0.00614434
8.8155e-007,0.00625568
8.816e-007,0.00637388
8.8165e-007,0.00655202
8.817e-007,0.00671818
8.8175e-007,0.00690318
8.818e-007,0.00706248
8.8185e-007,0.0071584
8.819e-007,0.00720123
8.8195e-007,0.00725776
8.82e-007,0.00728859
8.8205e-007,0.00725433
8.821e-007,0.00720637
8.8215e-007,0.00714813
8.822e-007,0.00706419
8.8225e-007,0.00697683
8.823e-007,0.00688091
8.8235e-007,0.00678841
8.824e-007,0.00672332
8.8245e-007,0.00670619
8.825e-007,0.00667022
8.8255e-007,0.0066685
8.826e-007,0.00665994
8.8265e-007,0.00667707
8.827e-007,0.00668049
8.8275e-007,0.0067079
8.828e-007,0.006761
8.8285e-007,0.00679355
8.829e-007,0.00680211
8.8295e-007,0.00684322
8.83e-007,0.00686207
8.8305e-007,0.00688947
8.831e-007,0.00688605
8.8315e-007,0.00687234
8.832e-007,0.00684151
8.8325e-007,0.00677642
8.833e-007,0.00671989
8.8335e-007,0.00669077
8.834e-007,0.00664623
8.8345e-007,0.0066685
8.835e-007,0.00668563
8.8355e-007,0.00667022
8.836e-007,0.0067079
8.8365e-007,0.0067216
8.837e-007,0.00678498
8.8375e-007,0.00684151
8.838e-007,0.00694257
8.8385e-007,0.0070128
8.839e-007,0.00705734
8.8395e-007,0.00710873
8.84e-007,0.00713442
8.8405e-007,0.00711558
8.841e-007,0.00708817
8.8415e-007,0.00703507
8.842e-007,0.00696998
8.8425e-007,0.00688947
8.843e-007,0.00681582
8.8435e-007,0.00673531
8.844e-007,0.0066548
8.8445e-007,0.00659142
8.845e-007,0.00652975
8.8455e-007,0.00649721
8.846e-007,0.00646466
8.8465e-007,0.00642526
8.847e-007,0.0064167
8.8475e-007,0.00642869
8.848e-007,0.00638073
8.8485e-007,0.00640471
8.849e-007,0.00640471
8.8495e-007,0.006391
8.85e-007,0.00640985
8.8505e-007,0.00643212
8.851e-007,0.00646295
8.8515e-007,0.0064835
8.852e-007,0.00652975
8.8525e-007,0.00656744
8.853e-007,0.0066017
8.8535e-007,0.00667878
8.854e-007,0.00673873
8.8545e-007,0.00681239
8.855e-007,0.00686207
8.8555e-007,0.00690318
8.856e-007,0.00691859
8.8565e-007,0.00692202
8.857e-007,0.00693572
8.8575e-007,0.00692544
8.858e-007,0.00690146
8.8585e-007,0.00685864
8.859e-007,0.00684322
8.8595e-007,0.00685179
8.86e-007,0.00682267
8.8605e-007,0.00682952
8.861e-007,0.00683637
8.8615e-007,0.00685521
8.862e-007,0.0069066
8.8625e-007,0.00695628
8.863e-007,0.0069991
8.8635e-007,0.00701452
8.864e-007,0.00706077
8.8645e-007,0.00707618
8.865e-007,0.00706419
8.8655e-007,0.00704192
8.866e-007,0.00698368
8.8665e-007,0.00695114
8.867e-007,0.00689119
8.8675e-007,0.00682095
8.868e-007,0.00677984
8.8685e-007,0.00673531
8.869e-007,0.00672846
8.8695e-007,0.00669248
8.87e-007,0.00670276
8.8705e-007,0.00671133
8.871e-007,0.00676443
8.8715e-007,0.00680211
8.872e-007,0.00686549
8.8725e-007,0.00691688
8.873e-007,0.00696827
8.8735e-007,0.00699568
8.874e-007,0.00705392
8.8745e-007,0.00705734
8.875e-007,0.00704706
8.8755e-007,0.00703165
8.876e-007,0.0069991
8.8765e-007,0.0069597
8.877e-007,0.00690831
8.8775e-007,0.00685864
8.878e-007,0.00683123
8.8785e-007,0.00679183
8.879e-007,0.00676443
8.8795e-007,0.00675072
8.88e-007,0.00672846
8.8805e-007,0.00676957
8.881e-007,0.00678841
8.8815e-007,0.00681068
8.882e-007,0.00683123
8.8825e-007,0.00687063
8.883e-007,0.00687748
8.8835e-007,0.0069066
8.884e-007,0.00689119
8.8845e-007,0.0068672
8.885e-007,0.0068398
8.8855e-007,0.00677984
8.886e-007,0.00671475
8.8865e-007,0.00667878
8.887e-007,0.0066548
8.8875e-007,0.0066154
8.888e-007,0.00658457
8.8885e-007,0.00653832
8.889e-007,0.00651776
8.8895e-007,0.00648008
8.89e-007,0.00644411
8.8905e-007,0.00640985
8.891e-007,0.00634647
8.8915e-007,0.00629851
8.892e-007,0.00628823
8.8925e-007,0.00626767
8.893e-007,0.00622656
8.8935e-007,0.00623684
8.894e-007,0.00625568
8.8945e-007,0.0062848
8.895e-007,0.00632591
8.8955e-007,0.00639786
8.896e-007,0.00646295
8.8965e-007,0.00654346
8.897e-007,0.00662225
8.8975e-007,0.00668392
8.898e-007,0.00673702
8.8985e-007,0.00675415
8.899e-007,0.00673531
8.8995e-007,0.006761
8.9e-007,0.00676271
8.9005e-007,0.00675415
8.901e-007,0.00674216
8.9015e-007,0.00671646
8.902e-007,0.00669591
8.9025e-007,0.00667535
8.903e-007,0.00664452
8.9035e-007,0.00659998
8.904e-007,0.00655545
8.9045e-007,0.00651776
8.905e-007,0.00647323
8.9055e-007,0.00645096
8.906e-007,0.00645781
8.9065e-007,0.00645781
8.907e-007,0.00648522
8.9075e-007,0.00652804
8.908e-007,0.00657943
8.9085e-007,0.00664966
8.909e-007,0.00667535
8.9095e-007,0.00670619
8.91e-007,0.00668734
8.9105e-007,0.00668221
8.911e-007,0.00661883
8.9115e-007,0.006576
8.912e-007,0.00651262
8.9125e-007,0.00647665
8.913e-007,0.00644239
8.9135e-007,0.00643554
8.914e-007,0.00643383
8.9145e-007,0.00645438
8.915e-007,0.0064835
8.9155e-007,0.00653661
8.916e-007,0.00658971
8.9165e-007,0.00662397
8.917e-007,0.00666336
8.9175e-007,0.00668906
8.918e-007,0.00671304
8.9185e-007,0.00670619
8.919e-007,0.00669077
8.9195e-007,0.0066942
8.92e-007,0.00668049
8.9205e-007,0.00668563
8.921e-007,0.00670619
8.9215e-007,0.00671304
8.922e-007,0.00668221
8.9225e-007,0.00667022
8.923e-007,0.0066291
8.9235e-007,0.00658114
8.924e-007,0.00653661
8.9245e-007,0.0065092
8.925e-007,0.00645267
8.9255e-007,0.00640813
8.926e-007,0.00642869
8.9265e-007,0.00640985
8.927e-007,0.00641841
8.9275e-007,0.00644068
8.928e-007,0.00646466
8.9285e-007,0.0065092
8.929e-007,0.0065229
8.9295e-007,0.00651605
8.93e-007,0.00650749
8.9305e-007,0.00654346
8.931e-007,0.00653832
8.9315e-007,0.0065092
8.932e-007,0.00651091
8.9325e-007,0.00652119
8.933e-007,0.00648522
8.9335e-007,0.0064835
8.934e-007,0.00648864
8.9345e-007,0.00646466
8.935e-007,0.00642355
8.9355e-007,0.00640985
8.936e-007,0.00634818
8.9365e-007,0.00630022
8.937e-007,0.00629851
8.9375e-007,0.00626939
8.938e-007,0.00627452
8.9385e-007,0.00628309
8.939e-007,0.00628994
8.9395e-007,0.00632763
8.94e-007,0.00637901
8.9405e-007,0.00643212
8.941e-007,0.00649378
8.9415e-007,0.00656059
8.942e-007,0.00658628
8.9425e-007,0.00663767
8.943e-007,0.00670619
8.9435e-007,0.00671646
8.944e-007,0.00671133
8.9445e-007,0.00668221
8.945e-007,0.00665309
8.9455e-007,0.0066291
8.946e-007,0.00659827
8.9465e-007,0.00654517
8.947e-007,0.00649892
8.9475e-007,0.00647837
8.948e-007,0.00641327
8.9485e-007,0.00637901
8.949e-007,0.00635675
8.9495e-007,0.00632591
8.95e-007,0.00633619
8.9505e-007,0.00640128
8.951e-007,0.00643897
8.9515e-007,0.00651776
8.952e-007,0.00660684
8.9525e-007,0.00670619
8.953e-007,0.00680382
8.9535e-007,0.00692373
8.954e-007,0.00699568
8.9545e-007,0.0070128
8.955e-007,0.00702651
8.9555e-007,0.00702993
8.956e-007,0.00699568
8.9565e-007,0.00692887
8.957e-007,0.00682609
8.9575e-007,0.00671646
8.958e-007,0.00659827
8.9585e-007,0.00649892
8.959e-007,0.00637901
8.9595e-007,0.00628309
8.96e-007,0.00622999
8.9605e-007,0.00614434
8.961e-007,0.00612379
8.9615e-007,0.00613578
8.962e-007,0.00623513
8.9625e-007,0.00637045
8.963e-007,0.00652461
8.9635e-007,0.00669934
8.964e-007,0.00691517
8.9645e-007,0.00710702
8.965e-007,0.00728516
8.9655e-007,0.00741192
8.966e-007,0.00747873
8.9665e-007,0.00748044
8.967e-007,0.00744275
8.9675e-007,0.00735882
8.968e-007,0.00723891
8.9685e-007,0.00712072
8.969e-007,0.00698711
8.9695e-007,0.00688776
8.97e-007,0.00680382
8.9705e-007,0.00675415
8.971e-007,0.00675244
8.9715e-007,0.00679697
8.972e-007,0.00685179
8.9725e-007,0.00692373
8.973e-007,0.00696484
8.9735e-007,0.00701109
8.974e-007,0.0069991
8.9745e-007,0.00697855
8.975e-007,0.00692373
8.9755e-007,0.00684322
8.976e-007,0.00673017
8.9765e-007,0.00662739
8.977e-007,0.00655202
8.9775e-007,0.00648179
8.978e-007,0.00646124
8.9785e-007,0.00650235
8.979e-007,0.00654174
8.9795e-007,0.00662739
8.98e-007,0.00673017
8.9805e-007,0.00679697
8.981e-007,0.00687577
8.9815e-007,0.0069323
8.982e-007,0.00695114
8.9825e-007,0.00698711
8.983e-007,0.00695799
8.9835e-007,0.00693572
8.984e-007,0.00691517
8.9845e-007,0.00693572
8.985e-007,0.00693572
8.9855e-007,0.00694429
8.986e-007,0.00704706
8.9865e-007,0.00714299
8.987e-007,0.00725776
8.9875e-007,0.00736567
8.988e-007,0.00747701
8.9885e-007,0.00750956
8.989e-007,0.00754896
8.9895e-007,0.00755581
8.99e-007,0.00749757
8.9905e-007,0.00738794
8.991e-007,0.00720465
8.9915e-007,0.00696827
8.992e-007,0.00674901
8.9925e-007,0.00654688
8.993e-007,0.00638587
8.9935e-007,0.00625568
8.994e-007,0.00615291
8.9945e-007,0.00612036
8.995e-007,0.00613578
8.9955e-007,0.00618716
8.996e-007,0.00623513
8.9965e-007,0.00631392
8.997e-007,0.00641156
8.9975e-007,0.00647323
8.998e-007,0.00651434
8.9985e-007,0.00652461
8.999e-007,0.00653661
8.9995e-007,0.00652975
9e-007,0.00647665
9.0005e-007,0.00640471
9.001e-007,0.00636017
9.0015e-007,0.00632249
9.002e-007,0.00627795
9.0025e-007,0.00626425
9.003e-007,0.00625397
9.0035e-007,0.00626082
9.004e-007,0.00625397
9.0045e-007,0.00626596
9.005e-007,0.00627624
9.0055e-007,0.00627966
9.006e-007,0.00632591
9.0065e-007,0.00634304
9.007e-007,0.00635332
9.0075e-007,0.00639614
9.008e-007,0.00644068
9.0085e-007,0.00646466
9.009e-007,0.00649892
9.0095e-007,0.00654174
9.01e-007,0.00655373
9.0105e-007,0.00657086
9.011e-007,0.00654346
9.0115e-007,0.00651605
9.012e-007,0.00647323
9.0125e-007,0.00644411
9.013e-007,0.00639957
9.0135e-007,0.00636702
9.014e-007,0.00635503
9.0145e-007,0.00635161
9.015e-007,0.00637559
9.0155e-007,0.00641156
9.016e-007,0.00648179
9.0165e-007,0.00661197
9.017e-007,0.00670619
9.0175e-007,0.00683808
9.018e-007,0.00694086
9.0185e-007,0.00701109
9.019e-007,0.00704706
9.0195e-007,0.00703679
9.02e-007,0.00698882
9.0205e-007,0.00690831
9.021e-007,0.00679869
9.0215e-007,0.00668906
9.022e-007,0.00654517
9.0225e-007,0.00645781
9.023e-007,0.00638073
9.0235e-007,0.00636531
9.024e-007,0.00635675
9.0245e-007,0.00639272
9.025e-007,0.00646809
9.0255e-007,0.00658799
9.026e-007,0.00669248
9.0265e-007,0.00678498
9.027e-007,0.00688947
9.0275e-007,0.00694771
9.028e-007,0.00700595
9.0285e-007,0.00704021
9.029e-007,0.00704192
9.0295e-007,0.00700938
9.03e-007,0.00696313
9.0305e-007,0.00694943
9.031e-007,0.00690831
9.0315e-007,0.00687748
9.032e-007,0.00692031
9.0325e-007,0.00692031
9.033e-007,0.00696484
9.0335e-007,0.00700081
9.034e-007,0.0070385
9.0345e-007,0.00704192
9.035e-007,0.00705734
9.0355e-007,0.00703507
9.036e-007,0.00699568
9.0365e-007,0.00699054
9.037e-007,0.00695114
9.0375e-007,0.00687919
9.038e-007,0.00684494
9.0385e-007,0.00682952
9.039e-007,0.00679869
9.0395e-007,0.00675586
9.04e-007,0.00673702
9.0405e-007,0.006761
9.041e-007,0.00675244
9.0415e-007,0.00672674
9.042e-007,0.00671818
9.0425e-007,0.00671475
9.043e-007,0.0066942
9.0435e-007,0.00669077
9.044e-007,0.00665651
9.0445e-007,0.00668392
9.045e-007,0.00664452
9.0455e-007,0.00663253
9.046e-007,0.0065623
9.0465e-007,0.00653832
9.047e-007,0.00648522
9.0475e-007,0.00643897
9.048e-007,0.00637901
9.0485e-007,0.00632934
9.049e-007,0.00628652
9.0495e-007,0.00622314
9.05e-007,0.00624198
9.0505e-007,0.00622142
9.051e-007,0.00623341
9.0515e-007,0.00621971
9.052e-007,0.00623684
9.0525e-007,0.00628138
9.053e-007,0.00630878
9.0535e-007,0.00635503
9.054e-007,0.00639272
9.0545e-007,0.00643212
9.055e-007,0.00643212
9.0555e-007,0.00643554
9.056e-007,0.00640985
9.0565e-007,0.00638244
9.057e-007,0.00633448
9.0575e-007,0.00629508
9.058e-007,0.00626767
9.0585e-007,0.00625054
9.059e-007,0.006218
9.0595e-007,0.00618545
9.06e-007,0.00621628
9.0605e-007,0.0062317
9.061e-007,0.00626082
9.0615e-007,0.00634476
9.062e-007,0.006403
9.0625e-007,0.00647494
9.063e-007,0.00656059
9.0635e-007,0.00662225
9.064e-007,0.00666508
9.0645e-007,0.00671475
9.065e-007,0.00674216
9.0655e-007,0.00676957
9.066e-007,0.00679355
9.0665e-007,0.00677299
9.067e-007,0.006761
9.0675e-007,0.006761
9.068e-007,0.00673359
9.0685e-007,0.00670961
9.069e-007,0.00667707
9.0695e-007,0.00668392
9.07e-007,0.00665822
9.0705e-007,0.00664281
9.071e-007,0.00660512
9.0715e-007,0.00661197
9.072e-007,0.00655373
9.0725e-007,0.00652461
9.073e-007,0.00650406
9.0735e-007,0.00644924
9.074e-007,0.00638587
9.0745e-007,0.00635503
9.075e-007,0.00633276
9.0755e-007,0.00631392
9.076e-007,0.00625054
9.0765e-007,0.00622827
9.077e-007,0.00624198
9.0775e-007,0.00621971
9.078e-007,0.00621628
9.0785e-007,0.00625397
9.079e-007,0.00629337
9.0795e-007,0.00632763
9.08e-007,0.00638415
9.0805e-007,0.00646124
9.081e-007,0.00655887
9.0815e-007,0.00665994
9.082e-007,0.00673359
9.0825e-007,0.00680382
9.083e-007,0.00682438
9.0835e-007,0.00680382
9.084e-007,0.00676957
9.0845e-007,0.00668049
9.085e-007,0.00653147
9.0855e-007,0.0064167
9.086e-007,0.00628823
9.0865e-007,0.00614091
9.087e-007,0.00606554
9.0875e-007,0.0059542
9.088e-007,0.00593194
9.0885e-007,0.00591481
9.089e-007,0.0059405
9.0895e-007,0.00601073
9.09e-007,0.00610837
9.0905e-007,0.00618203
9.091e-007,0.00626939
9.0915e-007,0.00634989
9.092e-007,0.00641156
9.0925e-007,0.00649549
9.093e-007,0.00655545
9.0935e-007,0.00661883
9.094e-007,0.00669591
9.0945e-007,0.00674901
9.095e-007,0.00680554
9.0955e-007,0.00688605
9.096e-007,0.00696484
9.0965e-007,0.00698711
9.097e-007,0.00701966
9.0975e-007,0.00704535
9.098e-007,0.00704364
9.0985e-007,0.00703507
9.099e-007,0.00696998
9.0995e-007,0.0069323
9.1e-007,0.00686549
9.1005e-007,0.00679697
9.101e-007,0.00673188
9.1015e-007,0.00668734
9.102e-007,0.00666336
9.1025e-007,0.00664966
9.103e-007,0.00666508
9.1035e-007,0.00667364
9.104e-007,0.00664795
9.1045e-007,0.00664452
9.105e-007,0.00662225
9.1055e-007,0.00659998
9.106e-007,0.00657429
9.1065e-007,0.00655202
9.107e-007,0.00650063
9.1075e-007,0.0064698
9.108e-007,0.0064561
9.1085e-007,0.00643383
9.109e-007,0.00642355
9.1095e-007,0.00644239
9.11e-007,0.00643212
9.1105e-007,0.0064561
9.111e-007,0.0064304
9.1115e-007,0.00639443
9.112e-007,0.00632763
9.1125e-007,0.00632591
9.113e-007,0.00622314
9.1135e-007,0.00615633
9.114e-007,0.00609809
9.1145e-007,0.00603985
9.115e-007,0.0060193
9.1155e-007,0.00605698
9.116e-007,0.00610323
9.1165e-007,0.0061786
9.117e-007,0.00624369
9.1175e-007,0.00634133
9.118e-007,0.00643212
9.1185e-007,0.00650577
9.119e-007,0.00657258
9.1195e-007,0.00661711
9.12e-007,0.00660684
9.1205e-007,0.00658628
9.121e-007,0.0065486
9.1215e-007,0.00648693
9.122e-007,0.006403
9.1225e-007,0.00633105
9.123e-007,0.00629851
9.1235e-007,0.00626425
9.124e-007,0.00624369
9.1245e-007,0.0062317
9.125e-007,0.00628138
9.1255e-007,0.00631564
9.126e-007,0.00633619
9.1265e-007,0.00638415
9.127e-007,0.00646466
9.1275e-007,0.00653661
9.128e-007,0.00659998
9.1285e-007,0.00663082
9.129e-007,0.00666679
9.1295e-007,0.00671989
9.13e-007,0.00674216
9.1305e-007,0.00674216
9.131e-007,0.00673531
9.1315e-007,0.00674045
9.132e-007,0.00671989
9.1325e-007,0.00668392
9.133e-007,0.00666508
9.1335e-007,0.00665994
9.134e-007,0.00663767
9.1345e-007,0.00664281
9.135e-007,0.00663938
9.1355e-007,0.00669762
9.136e-007,0.00674387
9.1365e-007,0.00682438
9.137e-007,0.00687406
9.1375e-007,0.00693572
9.138e-007,0.0069991
9.1385e-007,0.00704535
9.139e-007,0.00706762
9.1395e-007,0.00706591
9.14e-007,0.00703507
9.1405e-007,0.00701452
9.141e-007,0.00695285
9.1415e-007,0.00688262
9.142e-007,0.00679183
9.1425e-007,0.00669762
9.143e-007,0.0066154
9.1435e-007,0.00656401
9.144e-007,0.00648522
9.1445e-007,0.0064304
9.145e-007,0.00639786
9.1455e-007,0.00636702
9.146e-007,0.00631221
9.1465e-007,0.00629165
9.147e-007,0.00629165
9.1475e-007,0.00626939
9.148e-007,0.00626939
9.1485e-007,0.00630364
9.149e-007,0.00631392
9.1495e-007,0.00636017
9.15e-007,0.00638587
9.1505e-007,0.00646295
9.151e-007,0.00651605
9.1515e-007,0.00656401
9.152e-007,0.00660855
9.1525e-007,0.00669248
9.153e-007,0.00677813
9.1535e-007,0.0068398
9.154e-007,0.00688262
9.1545e-007,0.00692544
9.155e-007,0.00693572
9.1555e-007,0.00696142
9.156e-007,0.00696313
9.1565e-007,0.00692887
9.157e-007,0.00687234
9.1575e-007,0.0068004
9.158e-007,0.00668563
9.1585e-007,0.00657943
9.159e-007,0.0064835
9.1595e-007,0.00638929
9.16e-007,0.00632077
9.1605e-007,0.00624198
9.161e-007,0.00619915
9.1615e-007,0.00614605
9.162e-007,0.00615804
9.1625e-007,0.00615804
9.163e-007,0.00617346
9.1635e-007,0.00623341
9.164e-007,0.00628994
9.1645e-007,0.00634133
9.165e-007,0.0063636
9.1655e-007,0.00642355
9.166e-007,0.00643897
9.1665e-007,0.00648693
9.167e-007,0.00654174
9.1675e-007,0.0065623
9.168e-007,0.00655887
9.1685e-007,0.00659998
9.169e-007,0.00661026
9.1695e-007,0.00661883
9.17e-007,0.00664281
9.1705e-007,0.00666336
9.171e-007,0.00666165
9.1715e-007,0.00666679
9.172e-007,0.00668049
9.1725e-007,0.00669248
9.173e-007,0.0066942
9.1735e-007,0.00670447
9.174e-007,0.00670105
9.1745e-007,0.00668392
9.175e-007,0.00664966
9.1755e-007,0.0066411
9.176e-007,0.00658799
9.1765e-007,0.00653147
9.177e-007,0.0065092
9.1775e-007,0.00648864
9.178e-007,0.00645096
9.1785e-007,0.00641327
9.179e-007,0.00640128
9.1795e-007,0.00642012
9.18e-007,0.00645267
9.1805e-007,0.00649036
9.181e-007,0.00653147
9.1815e-007,0.00659827
9.182e-007,0.00665651
9.1825e-007,0.00673873
9.183e-007,0.00685179
9.1835e-007,0.00693572
9.184e-007,0.0069854
9.1845e-007,0.00703507
9.185e-007,0.00704706
9.1855e-007,0.00706248
9.186e-007,0.0070522
9.1865e-007,0.00701109
9.187e-007,0.00696484
9.1875e-007,0.00696313
9.188e-007,0.00694086
9.1885e-007,0.00693915
9.189e-007,0.0069066
9.1895e-007,0.00688947
9.19e-007,0.00684322
9.1905e-007,0.0067867
9.191e-007,0.00673188
9.1915e-007,0.00664623
9.192e-007,0.00655545
9.1925e-007,0.00647837
9.193e-007,0.00638758
9.1935e-007,0.0063105
9.194e-007,0.00624712
9.1945e-007,0.00624712
9.195e-007,0.00630878
9.1955e-007,0.00639443
9.196e-007,0.00651434
9.1965e-007,0.00667364
9.197e-007,0.00682781
9.1975e-007,0.00700767
9.198e-007,0.00713271
9.1985e-007,0.00723035
9.199e-007,0.00727317
9.1995e-007,0.00728859
9.2e-007,0.00721665
9.2005e-007,0.00710359
9.201e-007,0.00696827
9.2015e-007,0.00679526
9.202e-007,0.00662225
9.2025e-007,0.00646124
9.203e-007,0.00634476
9.2035e-007,0.00622827
9.204e-007,0.00618545
9.2045e-007,0.00623513
9.205e-007,0.00627452
9.2055e-007,0.00639443
9.206e-007,0.00653147
9.2065e-007,0.00665137
9.207e-007,0.0068141
9.2075e-007,0.00690489
9.208e-007,0.00700253
9.2085e-007,0.00702137
9.209e-007,0.00705905
9.2095e-007,0.00702651
9.21e-007,0.00694943
9.2105e-007,0.0068672
9.211e-007,0.00679697
9.2115e-007,0.0067079
9.212e-007,0.00665822
9.2125e-007,0.00661883
9.213e-007,0.00664452
9.2135e-007,0.00670447
9.214e-007,0.00674901
9.2145e-007,0.00683123
9.215e-007,0.00693401
9.2155e-007,0.00701623
9.216e-007,0.0070779
9.2165e-007,0.00717382
9.217e-007,0.00720808
9.2175e-007,0.00722864
9.218e-007,0.00721493
9.2185e-007,0.00719266
9.219e-007,0.00712072
9.2195e-007,0.00702651
9.22e-007,0.00693743
9.2205e-007,0.00685693
9.221e-007,0.00677128
9.2215e-007,0.00668734
9.222e-007,0.00658628
9.2225e-007,0.00647837
9.223e-007,0.00639443
9.2235e-007,0.00635503
9.224e-007,0.00628994
9.2245e-007,0.00627624
9.225e-007,0.00628138
9.2255e-007,0.00630364
9.226e-007,0.00630364
9.2265e-007,0.00632077
9.227e-007,0.00629679
9.2275e-007,0.00631564
9.228e-007,0.00632934
9.2285e-007,0.00637045
9.229e-007,0.00633105
9.2295e-007,0.00632077
9.23e-007,0.00631221
9.2305e-007,0.00631906
9.231e-007,0.00632077
9.2315e-007,0.0063242
9.232e-007,0.00636188
9.2325e-007,0.00641156
9.233e-007,0.00649549
9.2335e-007,0.0065623
9.234e-007,0.00662225
9.2345e-007,0.00671133
9.235e-007,0.00674216
9.2355e-007,0.00678327
9.236e-007,0.00679526
9.2365e-007,0.00675929
9.237e-007,0.00674901
9.2375e-007,0.00667535
9.238e-007,0.00659827
9.2385e-007,0.00651776
9.239e-007,0.00638929
9.2395e-007,0.00632934
9.24e-007,0.00624883
9.2405e-007,0.00622656
9.241e-007,0.00620943
9.2415e-007,0.00623684
9.242e-007,0.00625226
9.2425e-007,0.00628138
9.243e-007,0.00634304
9.2435e-007,0.00640471
9.244e-007,0.00650577
9.2445e-007,0.00661883
9.245e-007,0.00670105
9.2455e-007,0.00675586
9.246e-007,0.0067867
9.2465e-007,0.00678327
9.247e-007,0.00676614
9.2475e-007,0.00671989
9.248e-007,0.00662568
9.2485e-007,0.00655373
9.249e-007,0.00645438
9.2495e-007,0.00638758
9.25e-007,0.00634989
9.2505e-007,0.00630193
9.251e-007,0.00632591
9.2515e-007,0.00633962
9.252e-007,0.00639272
9.2525e-007,0.00650063
9.253e-007,0.00660512
9.2535e-007,0.00669934
9.254e-007,0.00681924
9.2545e-007,0.00691517
9.255e-007,0.00696484
9.2555e-007,0.00700081
9.256e-007,0.00697169
9.2565e-007,0.00694429
9.257e-007,0.00685007
9.2575e-007,0.00675244
9.258e-007,0.00668734
9.2585e-007,0.00659998
9.259e-007,0.00653832
9.2595e-007,0.00648179
9.26e-007,0.00641499
9.2605e-007,0.00639786
9.261e-007,0.00639443
9.2615e-007,0.00635846
9.262e-007,0.00639957
9.2625e-007,0.00642526
9.263e-007,0.00646466
9.2635e-007,0.00648008
9.264e-007,0.00651434
9.2645e-007,0.00655031
9.265e-007,0.00660855
9.2655e-007,0.00667022
9.266e-007,0.00677299
9.2665e-007,0.00685179
9.267e-007,0.0069323
9.2675e-007,0.00704364
9.268e-007,0.00711387
9.2685e-007,0.0071704
9.269e-007,0.00717211
9.2695e-007,0.00714641
9.27e-007,0.00706419
9.2705e-007,0.00696313
9.271e-007,0.00683466
9.2715e-007,0.00670105
9.272e-007,0.00655545
9.2725e-007,0.00644068
9.273e-007,0.00635161
9.2735e-007,0.00629508
9.274e-007,0.00629679
9.2745e-007,0.0063105
9.275e-007,0.00635503
9.2755e-007,0.00640128
9.276e-007,0.00649892
9.2765e-007,0.00658457
9.277e-007,0.00664795
9.2775e-007,0.00668221
9.278e-007,0.00669077
9.2785e-007,0.00670619
9.279e-007,0.00669591
9.2795e-007,0.0066685
9.28e-007,0.00666165
9.2805e-007,0.00669248
9.281e-007,0.00668563
9.2815e-007,0.00668221
9.282e-007,0.00670105
9.2825e-007,0.00670447
9.283e-007,0.00667193
9.2835e-007,0.0066291
9.284e-007,0.00653318
9.2845e-007,0.00643383
9.285e-007,0.0063379
9.2855e-007,0.00622314
9.286e-007,0.00613064
9.2865e-007,0.00608953
9.287e-007,0.00603814
9.2875e-007,0.00605184
9.288e-007,0.00608267
9.2885e-007,0.00612036
9.289e-007,0.00618374
9.2895e-007,0.00624712
9.29e-007,0.00627795
9.2905e-007,0.00629337
9.291e-007,0.00632591
9.2915e-007,0.00632763
9.292e-007,0.00629337
9.2925e-007,0.00625054
9.293e-007,0.00619059
9.2935e-007,0.00620087
9.294e-007,0.00624883
9.2945e-007,0.00627624
9.295e-007,0.00632763
9.2955e-007,0.00638587
9.296e-007,0.00648008
9.2965e-007,0.00655887
9.297e-007,0.00664623
9.2975e-007,0.00668906
9.298e-007,0.00669248
9.2985e-007,0.00666165
9.299e-007,0.00657086
9.2995e-007,0.00645781
9.3e-007,0.00631735
9.3005e-007,0.0061923
9.301e-007,0.00609809
9.3015e-007,0.00606726
9.302e-007,0.00604499
9.3025e-007,0.00605355
9.303e-007,0.00610837
9.3035e-007,0.00621971
9.304e-007,0.00635332
9.3045e-007,0.00647837
9.305e-007,0.006576
9.3055e-007,0.00661711
9.306e-007,0.00663938
9.3065e-007,0.00658799
9.307e-007,0.00652119
9.3075e-007,0.00639786
9.308e-007,0.00625739
9.3085e-007,0.00615462
9.309e-007,0.00604156
9.3095e-007,0.00596791
9.31e-007,0.00592337
9.3105e-007,0.00591481
9.311e-007,0.0059542
9.3115e-007,0.006033
9.312e-007,0.00613064
9.3125e-007,0.00624198
9.313e-007,0.00634989
9.3135e-007,0.00646809
9.314e-007,0.00652119
9.3145e-007,0.00653489
9.315e-007,0.00651948
9.3155e-007,0.00648008
9.316e-007,0.00643383
9.3165e-007,0.0063379
9.317e-007,0.00626767
9.3175e-007,0.00616661
9.318e-007,0.00611351
9.3185e-007,0.00606897
9.319e-007,0.00605013
9.3195e-007,0.00599531
9.32e-007,0.00601587
9.3205e-007,0.00602101
9.321e-007,0.00603129
9.3215e-007,0.00609466
9.322e-007,0.00615633
9.3225e-007,0.00625054
9.323e-007,0.00632591
9.3235e-007,0.00640985
9.324e-007,0.00646637
9.3245e-007,0.00655545
9.325e-007,0.00661026
9.3255e-007,0.0066411
9.326e-007,0.00670105
9.3265e-007,0.00676271
9.327e-007,0.0067747
9.3275e-007,0.0068141
9.328e-007,0.00687063
9.3285e-007,0.00690831
9.329e-007,0.00696142
9.3295e-007,0.00700767
9.33e-007,0.00704706
9.3305e-007,0.0070916
9.331e-007,0.00714299
9.3315e-007,0.00720123
9.332e-007,0.00717725
9.3325e-007,0.00719609
9.333e-007,0.00717553
9.3335e-007,0.00715327
9.334e-007,0.00709331
9.3345e-007,0.0070385
9.335e-007,0.00697855
9.3355e-007,0.00690318
9.336e-007,0.0068141
9.3365e-007,0.00671646
9.337e-007,0.00662397
9.3375e-007,0.006576
9.338e-007,0.0065486
9.3385e-007,0.00651091
9.339e-007,0.00650063
9.3395e-007,0.00652975
9.34e-007,0.00658285
9.3405e-007,0.0066411
9.341e-007,0.00672846
9.3415e-007,0.00682267
9.342e-007,0.00685693
9.3425e-007,0.00690831
9.343e-007,0.00694771
9.3435e-007,0.00698026
9.344e-007,0.0069854
9.3445e-007,0.00700424
9.345e-007,0.00695114
9.3455e-007,0.00689119
9.346e-007,0.00682267
9.3465e-007,0.00676614
9.347e-007,0.00666679
9.3475e-007,0.00656401
9.348e-007,0.0065092
9.3485e-007,0.00645267
9.349e-007,0.00640642
9.3495e-007,0.0064304
9.35e-007,0.00642184
9.3505e-007,0.00644068
9.351e-007,0.00651091
9.3515e-007,0.00657258
9.352e-007,0.00663082
9.3525e-007,0.00672332
9.353e-007,0.00682438
9.3535e-007,0.00688605
9.354e-007,0.00694943
9.3545e-007,0.00698026
9.355e-007,0.00699739
9.3555e-007,0.0069597
9.356e-007,0.00695628
9.3565e-007,0.00693915
9.357e-007,0.00689632
9.3575e-007,0.00687406
9.358e-007,0.0068004
9.3585e-007,0.00674558
9.359e-007,0.0067216
9.3595e-007,0.00667364
9.36e-007,0.00661711
9.3605e-007,0.00656401
9.361e-007,0.0065229
9.3615e-007,0.0064835
9.362e-007,0.00647837
9.3625e-007,0.00643383
9.363e-007,0.00640128
9.3635e-007,0.00642184
9.364e-007,0.0064698
9.3645e-007,0.00650749
9.365e-007,0.00653489
9.3655e-007,0.00658457
9.366e-007,0.00663767
9.3665e-007,0.00664966
9.367e-007,0.00666679
9.3675e-007,0.00664452
9.368e-007,0.00657943
9.3685e-007,0.00652119
9.369e-007,0.00644411
9.3695e-007,0.00637216
9.37e-007,0.00629337
9.3705e-007,0.00625226
9.371e-007,0.00621971
9.3715e-007,0.0061649
9.372e-007,0.00617689
9.3725e-007,0.00620772
9.373e-007,0.00622999
9.3735e-007,0.00631735
9.374e-007,0.00634304
9.3745e-007,0.00642012
9.375e-007,0.00648179
9.3755e-007,0.00656059
9.376e-007,0.00663082
9.3765e-007,0.00666679
9.377e-007,0.00669762
9.3775e-007,0.00676271
9.378e-007,0.00680382
9.3785e-007,0.00679526
9.379e-007,0.0068141
9.3795e-007,0.00678841
9.38e-007,0.00675244
9.3805e-007,0.00673531
9.381e-007,0.00668734
9.3815e-007,0.00665822
9.382e-007,0.00659998
9.3825e-007,0.00656744
9.383e-007,0.00655202
9.3835e-007,0.00653147
9.384e-007,0.00655202
9.3845e-007,0.00658799
9.385e-007,0.0066017
9.3855e-007,0.00663082
9.386e-007,0.00664966
9.3865e-007,0.00664795
9.387e-007,0.0066154
9.3875e-007,0.00658114
9.388e-007,0.00655202
9.3885e-007,0.00648693
9.389e-007,0.00643897
9.3895e-007,0.00638929
9.39e-007,0.00633962
9.3905e-007,0.00630878
9.391e-007,0.00626596
9.3915e-007,0.00629508
9.392e-007,0.00630878
9.3925e-007,0.00637901
9.393e-007,0.00643554
9.3935e-007,0.00651091
9.394e-007,0.00660684
9.3945e-007,0.00671475
9.395e-007,0.00679526
9.3955e-007,0.00685693
9.396e-007,0.00693401
9.3965e-007,0.0069597
9.397e-007,0.00700595
9.3975e-007,0.0070522
9.398e-007,0.00704192
9.3985e-007,0.00705905
9.399e-007,0.00707447
9.3995e-007,0.00704706
9.4e-007,0.00699568
9.4005e-007,0.0069323
9.401e-007,0.0069066
9.4015e-007,0.00683295
9.402e-007,0.00679355
9.4025e-007,0.00672503
9.403e-007,0.00671475
9.4035e-007,0.00668221
9.404e-007,0.00666679
9.4045e-007,0.00666508
9.405e-007,0.00666336
9.4055e-007,0.00667022
9.406e-007,0.00668221
9.4065e-007,0.00671818
9.407e-007,0.00667878
9.4075e-007,0.00667707
9.408e-007,0.00666336
9.4085e-007,0.00663253
9.409e-007,0.00660341
9.4095e-007,0.00657429
9.41e-007,0.00653661
9.4105e-007,0.00654174
9.411e-007,0.00658114
9.4115e-007,0.00657429
9.412e-007,0.0066291
9.4125e-007,0.00665822
9.413e-007,0.00668734
9.4135e-007,0.00674387
9.414e-007,0.00676271
9.4145e-007,0.0067747
9.415e-007,0.00678498
9.4155e-007,0.00676785
9.416e-007,0.00673702
9.4165e-007,0.0067079
9.417e-007,0.00667022
9.4175e-007,0.00664281
9.418e-007,0.00661883
9.4185e-007,0.00661711
9.419e-007,0.00661711
9.4195e-007,0.00664966
9.42e-007,0.00671818
9.4205e-007,0.0067747
9.421e-007,0.00683466
9.4215e-007,0.00691345
9.422e-007,0.00699225
9.4225e-007,0.00707961
9.423e-007,0.00712072
9.4235e-007,0.00718067
9.424e-007,0.00720465
9.4245e-007,0.00719952
9.425e-007,0.00716868
9.4255e-007,0.00711044
9.426e-007,0.00700595
9.4265e-007,0.00687577
9.427e-007,0.0067216
9.4275e-007,0.00661369
9.428e-007,0.00647151
9.4285e-007,0.00635675
9.429e-007,0.00624712
9.4295e-007,0.00618031
9.43e-007,0.00611865
9.4305e-007,0.00610494
9.431e-007,0.00614777
9.4315e-007,0.00624198
9.432e-007,0.00632077
9.4325e-007,0.0064304
9.433e-007,0.00654174
9.4335e-007,0.00668734
9.434e-007,0.0067867
9.4345e-007,0.00687919
9.435e-007,0.00692031
9.4355e-007,0.00691174
9.436e-007,0.0069066
9.4365e-007,0.00685179
9.437e-007,0.00679183
9.4375e-007,0.00669934
9.438e-007,0.00661369
9.4385e-007,0.00655202
9.439e-007,0.00649892
9.4395e-007,0.00644411
9.44e-007,0.00640813
9.4405e-007,0.00637901
9.441e-007,0.00637388
9.4415e-007,0.00634989
9.442e-007,0.00629337
9.4425e-007,0.00626253
9.443e-007,0.00625568
9.4435e-007,0.00624198
9.444e-007,0.00620772
9.4445e-007,0.00623855
9.445e-007,0.00627624
9.4455e-007,0.00632934
9.446e-007,0.00639443
9.4465e-007,0.00649892
9.447e-007,0.00658457
9.4475e-007,0.00669248
9.448e-007,0.00679183
9.4485e-007,0.00685521
9.449e-007,0.00687577
9.4495e-007,0.00683808
9.45e-007,0.00680382
9.4505e-007,0.00668563
9.451e-007,0.00657943
9.4515e-007,0.00642355
9.452e-007,0.00634304
9.4525e-007,0.0062711
9.453e-007,0.00626425
9.4535e-007,0.00628994
9.454e-007,0.00636017
9.4545e-007,0.00644753
9.455e-007,0.00658799
9.4555e-007,0.00669762
9.456e-007,0.00680725
9.4565e-007,0.00686549
9.457e-007,0.00692373
9.4575e-007,0.00690489
9.458e-007,0.00688947
9.4585e-007,0.00682267
9.459e-007,0.00674216
9.4595e-007,0.00669762
9.46e-007,0.00665137
9.4605e-007,0.00661026
9.461e-007,0.00658799
9.4615e-007,0.00657086
9.462e-007,0.00656744
9.4625e-007,0.0065623
9.463e-007,0.00657258
9.4635e-007,0.00658114
9.464e-007,0.00655202
9.4645e-007,0.00645438
9.465e-007,0.0063636
9.4655e-007,0.00627452
9.466e-007,0.00620772
9.4665e-007,0.00613578
9.467e-007,0.00615119
9.4675e-007,0.00617003
9.468e-007,0.00619915
9.4685e-007,0.00626939
9.469e-007,0.00638073
9.4695e-007,0.00647323
9.47e-007,0.00656401
9.4705e-007,0.00661369
9.471e-007,0.00663938
9.4715e-007,0.0066291
9.472e-007,0.00659656
9.4725e-007,0.00652119
9.473e-007,0.00639443
9.4735e-007,0.00629679
9.474e-007,0.00616661
9.4745e-007,0.00607411
9.475e-007,0.00602101
9.4755e-007,0.00601073
9.476e-007,0.00598332
9.4765e-007,0.00606726
9.477e-007,0.00613749
9.4775e-007,0.00626425
9.478e-007,0.00636531
9.4785e-007,0.00649549
9.479e-007,0.00659998
9.4795e-007,0.00667364
9.48e-007,0.0067079
9.4805e-007,0.00675072
9.481e-007,0.00675758
9.4815e-007,0.0067216
9.482e-007,0.00672674
9.4825e-007,0.00671133
9.483e-007,0.0066942
9.4835e-007,0.00669248
9.484e-007,0.00667364
9.4845e-007,0.00665651
9.485e-007,0.0066548
9.4855e-007,0.00664966
9.486e-007,0.00663938
9.4865e-007,0.00663938
9.487e-007,0.00659485
9.4875e-007,0.00654688
9.488e-007,0.00648008
9.4885e-007,0.00641499
9.489e-007,0.00632763
9.4895e-007,0.00627281
9.49e-007,0.0062317
9.4905e-007,0.00620772
9.491e-007,0.00621457
9.4915e-007,0.00622314
9.492e-007,0.00625911
9.4925e-007,0.00634818
9.493e-007,0.00642698
9.4935e-007,0.00650577
9.494e-007,0.00659142
9.4945e-007,0.00668392
9.495e-007,0.00674387
9.4955e-007,0.00680554
9.496e-007,0.0068141
9.4965e-007,0.00682267
9.497e-007,0.00677299
9.4975e-007,0.00673873
9.498e-007,0.00667878
9.4985e-007,0.00659142
9.499e-007,0.00651605
9.4995e-007,0.00644582
9.5e-007,0.0063773
9.5005e-007,0.00633619
9.501e-007,0.00630707
9.5015e-007,0.00627795
9.502e-007,0.00633619
9.5025e-007,0.00640985
9.503e-007,0.00646809
9.5035e-007,0.00654346
9.504e-007,0.00660512
9.5045e-007,0.00667022
9.505e-007,0.0067216
9.5055e-007,0.00674901
9.506e-007,0.00675415
9.5065e-007,0.00671818
9.507e-007,0.0066942
9.5075e-007,0.00666336
9.508e-007,0.00660855
9.5085e-007,0.00656401
9.509e-007,0.00652804
9.5095e-007,0.00650063
9.51e-007,0.00652119
9.5105e-007,0.00654688
9.511e-007,0.00655716
9.5115e-007,0.00658971
9.512e-007,0.0066017
9.5125e-007,0.00659142
9.513e-007,0.00661026
9.5135e-007,0.00659485
9.514e-007,0.00657086
9.5145e-007,0.0065486
9.515e-007,0.00656915
9.5155e-007,0.00658799
9.516e-007,0.0066017
9.5165e-007,0.00661711
9.517e-007,0.00664966
9.5175e-007,0.00666679
9.518e-007,0.00669591
9.5185e-007,0.00668906
9.519e-007,0.00670105
9.5195e-007,0.00667535
9.52e-007,0.0066685
9.5205e-007,0.00662739
9.521e-007,0.00661711
9.5215e-007,0.00656915
9.522e-007,0.00653489
9.5225e-007,0.0065229
9.523e-007,0.00653147
9.5235e-007,0.00656059
9.524e-007,0.00657943
9.5245e-007,0.00661197
9.525e-007,0.00664966
9.5255e-007,0.0066411
9.526e-007,0.00662568
9.5265e-007,0.00657429
9.527e-007,0.00656573
9.5275e-007,0.00653318
9.528e-007,0.00647151
9.5285e-007,0.00642184
9.529e-007,0.00636702
9.5295e-007,0.00634989
9.53e-007,0.00631906
9.5305e-007,0.00629679
9.531e-007,0.00634818
9.5315e-007,0.00633448
9.532e-007,0.00629508
9.5325e-007,0.00630536
9.533e-007,0.00628994
9.5335e-007,0.0062848
9.534e-007,0.00627452
9.5345e-007,0.00623513
9.535e-007,0.00624883
9.5355e-007,0.00626767
9.536e-007,0.00630707
9.5365e-007,0.0063379
9.537e-007,0.00641499
9.5375e-007,0.00650406
9.538e-007,0.00662225
9.5385e-007,0.00671304
9.539e-007,0.00682267
9.5395e-007,0.00691345
9.54e-007,0.00696655
9.5405e-007,0.00704021
9.541e-007,0.00706933
9.5415e-007,0.00710359
9.542e-007,0.00708989
9.5425e-007,0.00703507
9.543e-007,0.0070248
9.5435e-007,0.00697855
9.544e-007,0.00696484
9.5445e-007,0.00694771
9.545e-007,0.00692031
9.5455e-007,0.0068929
9.546e-007,0.0068929
9.5465e-007,0.0069323
9.547e-007,0.00693401
9.5475e-007,0.00693572
9.548e-007,0.00693058
9.5485e-007,0.00693572
9.549e-007,0.00687577
9.5495e-007,0.00687063
9.55e-007,0.00683123
9.5505e-007,0.0068004
9.551e-007,0.00671818
9.5515e-007,0.0066685
9.552e-007,0.00662054
9.5525e-007,0.00653147
9.553e-007,0.00652804
9.5535e-007,0.00652804
9.554e-007,0.00651262
9.5545e-007,0.00653661
9.555e-007,0.00656744
9.5555e-007,0.00659142
9.556e-007,0.00663938
9.5565e-007,0.00670961
9.557e-007,0.00672674
9.5575e-007,0.006761
9.558e-007,0.00677984
9.5585e-007,0.00678156
9.559e-007,0.00676785
9.5595e-007,0.00672332
9.56e-007,0.00671133
9.5605e-007,0.00663253
9.561e-007,0.00658285
9.5615e-007,0.00653661
9.562e-007,0.0065092
9.5625e-007,0.00650749
9.563e-007,0.00649036
9.5635e-007,0.00654174
9.564e-007,0.00657429
9.5645e-007,0.0066017
9.565e-007,0.00667193
9.5655e-007,0.00667364
9.566e-007,0.00669934
9.5665e-007,0.0066942
9.567e-007,0.00668049
9.5675e-007,0.00665994
9.568e-007,0.00663253
9.5685e-007,0.00660341
9.569e-007,0.00658628
9.5695e-007,0.00656915
9.57e-007,0.00657258
9.5705e-007,0.00655031
9.571e-007,0.00655887
9.5715e-007,0.00660684
9.572e-007,0.00666508
9.5725e-007,0.0067216
9.573e-007,0.00676957
9.5735e-007,0.0067867
9.574e-007,0.00683123
9.5745e-007,0.00683466
9.575e-007,0.00681239
9.5755e-007,0.00678841
9.576e-007,0.00673359
9.5765e-007,0.00669762
9.577e-007,0.00665309
9.5775e-007,0.00661197
9.578e-007,0.00655031
9.5785e-007,0.00652461
9.579e-007,0.00647494
9.5795e-007,0.00644068
9.58e-007,0.00643383
9.5805e-007,0.00643725
9.581e-007,0.00644411
9.5815e-007,0.00645952
9.582e-007,0.00648693
9.5825e-007,0.00649721
9.583e-007,0.00652461
9.5835e-007,0.00658628
9.584e-007,0.00660341
9.5845e-007,0.00660855
9.585e-007,0.00663424
9.5855e-007,0.00662739
9.586e-007,0.00659656
9.5865e-007,0.0065623
9.587e-007,0.00656573
9.5875e-007,0.0065092
9.588e-007,0.00647494
9.5885e-007,0.0064698
9.589e-007,0.00643725
9.5895e-007,0.00641499
9.59e-007,0.006391
9.5905e-007,0.00638244
9.591e-007,0.0063636
9.5915e-007,0.00637559
9.592e-007,0.00635675
9.5925e-007,0.006391
9.593e-007,0.00642184
9.5935e-007,0.00647665
9.594e-007,0.00652461
9.5945e-007,0.00659485
9.595e-007,0.00670961
9.5955e-007,0.0068141
9.596e-007,0.00689632
9.5965e-007,0.00696998
9.597e-007,0.00698882
9.5975e-007,0.00698026
9.598e-007,0.0069323
9.5985e-007,0.00689804
9.599e-007,0.00681068
9.5995e-007,0.00671989
9.6e-007,0.00665137
9.6005e-007,0.00655373
9.601e-007,0.00650749
9.6015e-007,0.00648864
9.602e-007,0.00650406
9.6025e-007,0.00654688
9.603e-007,0.00659142
9.6035e-007,0.00666508
9.604e-007,0.00674387
9.6045e-007,0.00678841
9.605e-007,0.0068141
9.6055e-007,0.00682609
9.606e-007,0.00680896
9.6065e-007,0.00673702
9.607e-007,0.00669762
9.6075e-007,0.00665994
9.608e-007,0.00662739
9.6085e-007,0.00658971
9.609e-007,0.0066017
9.6095e-007,0.00665309
9.61e-007,0.00668049
9.6105e-007,0.00673359
9.611e-007,0.00679012
9.6115e-007,0.00687234
9.612e-007,0.00687577
9.6125e-007,0.00690318
9.613e-007,0.00688433
9.6135e-007,0.00686207
9.614e-007,0.00679183
9.6145e-007,0.00668734
9.615e-007,0.00657943
9.6155e-007,0.00644924
9.616e-007,0.00634647
9.6165e-007,0.00621457
9.617e-007,0.00614091
9.6175e-007,0.00608096
9.618e-007,0.00602786
9.6185e-007,0.00599531
9.619e-007,0.00600217
9.6195e-007,0.00602101
9.62e-007,0.00603985
9.6205e-007,0.00609295
9.621e-007,0.00614777
9.6215e-007,0.00621457
9.622e-007,0.00627452
9.6225e-007,0.00631221
9.623e-007,0.00635503
9.6235e-007,0.0063773
9.624e-007,0.00637901
9.6245e-007,0.00638758
9.625e-007,0.00639272
9.6255e-007,0.00640813
9.626e-007,0.00640985
9.6265e-007,0.00644068
9.627e-007,0.00646466
9.6275e-007,0.00647665
9.628e-007,0.00647665
9.6285e-007,0.00648693
9.629e-007,0.00651434
9.6295e-007,0.00654517
9.63e-007,0.00653661
9.6305e-007,0.00654517
9.631e-007,0.00652804
9.6315e-007,0.00650406
9.632e-007,0.00643725
9.6325e-007,0.00636874
9.633e-007,0.0063105
9.6335e-007,0.00626596
9.634e-007,0.00626425
9.6345e-007,0.00630193
9.635e-007,0.00634989
9.6355e-007,0.00643212
9.636e-007,0.00652633
9.6365e-007,0.00665651
9.637e-007,0.00677642
9.6375e-007,0.00689804
9.638e-007,0.00700595
9.6385e-007,0.00704192
9.639e-007,0.0070385
9.6395e-007,0.00701966
9.64e-007,0.00697341
9.6405e-007,0.00692373
9.641e-007,0.00684494
9.6415e-007,0.00674216
9.642e-007,0.00668392
9.6425e-007,0.00666165
9.643e-007,0.0066548
9.6435e-007,0.00668906
9.644e-007,0.00676443
9.6445e-007,0.00681924
9.645e-007,0.00688776
9.6455e-007,0.00695628
9.646e-007,0.00698711
9.6465e-007,0.00698197
9.647e-007,0.00693058
9.6475e-007,0.00683808
9.648e-007,0.00669248
9.6485e-007,0.00655202
9.649e-007,0.0064167
9.6495e-007,0.0062848
9.65e-007,0.00615119
9.6505e-007,0.00609638
9.651e-007,0.00605698
9.6515e-007,0.00606383
9.652e-007,0.0061255
9.6525e-007,0.00621457
9.653e-007,0.00632249
9.6535e-007,0.00642355
9.654e-007,0.00653147
9.6545e-007,0.00662225
9.655e-007,0.00664966
9.6555e-007,0.00666165
9.656e-007,0.00664452
9.6565e-007,0.0066017
9.657e-007,0.00655887
9.6575e-007,0.00655373
9.658e-007,0.00652804
9.6585e-007,0.0065229
9.659e-007,0.00655545
9.6595e-007,0.00660684
9.66e-007,0.00666508
9.6605e-007,0.00674387
9.661e-007,0.00682438
9.6615e-007,0.00688776
9.662e-007,0.00693401
9.6625e-007,0.0069323
9.663e-007,0.00690146
9.6635e-007,0.00687234
9.664e-007,0.00677642
9.6645e-007,0.00666336
9.665e-007,0.00656744
9.6655e-007,0.00645781
9.666e-007,0.00635846
9.6665e-007,0.00630707
9.667e-007,0.00626253
9.6675e-007,0.00624198
9.668e-007,0.0062711
9.6685e-007,0.00631564
9.669e-007,0.00638587
9.6695e-007,0.00644924
9.67e-007,0.00649207
9.6705e-007,0.00653147
9.671e-007,0.00652633
9.6715e-007,0.00659485
9.672e-007,0.00660512
9.6725e-007,0.00662568
9.673e-007,0.00662397
9.6735e-007,0.00660684
9.674e-007,0.00667193
9.6745e-007,0.00663596
9.675e-007,0.0066291
9.6755e-007,0.00663596
9.676e-007,0.00658285
9.6765e-007,0.00654517
9.677e-007,0.00650063
9.6775e-007,0.00643383
9.678e-007,0.00632591
9.6785e-007,0.00625054
9.679e-007,0.00618374
9.6795e-007,0.00607925
9.68e-007,0.00600217
9.6805e-007,0.00594735
9.681e-007,0.00590281
9.6815e-007,0.00593022
9.682e-007,0.0059405
9.6825e-007,0.00603642
9.683e-007,0.00614777
9.6835e-007,0.00627966
9.684e-007,0.00640128
9.6845e-007,0.00655716
9.685e-007,0.00671304
9.6855e-007,0.00680211
9.686e-007,0.00689632
9.6865e-007,0.00695628
9.687e-007,0.0069854
9.6875e-007,0.00694429
9.688e-007,0.00689632
9.6885e-007,0.0067747
9.689e-007,0.00661711
9.6895e-007,0.00646809
9.69e-007,0.00630022
9.6905e-007,0.00615804
9.691e-007,0.00602615
9.6915e-007,0.00594221
9.692e-007,0.00585485
9.6925e-007,0.00581888
9.693e-007,0.00583944
9.6935e-007,0.00586856
9.694e-007,0.00592337
9.6945e-007,0.00603129
9.695e-007,0.00610666
9.6955e-007,0.00621628
9.696e-007,0.00630536
9.6965e-007,0.00634476
9.697e-007,0.00638929
9.6975e-007,0.00642355
9.698e-007,0.00647323
9.6985e-007,0.00649721
9.699e-007,0.00652633
9.6995e-007,0.00653489
9.7e-007,0.00657943
9.7005e-007,0.00662397
9.701e-007,0.00665822
9.7015e-007,0.00667707
9.702e-007,0.00669077
9.7025e-007,0.00672332
9.703e-007,0.0067216
9.7035e-007,0.00673017
9.704e-007,0.00673531
9.7045e-007,0.00676443
9.705e-007,0.00672674
9.7055e-007,0.00674558
9.706e-007,0.00675415
9.7065e-007,0.00673873
9.707e-007,0.00676614
9.7075e-007,0.00674558
9.708e-007,0.00678841
9.7085e-007,0.0068004
9.709e-007,0.00680382
9.7095e-007,0.00680211
9.71e-007,0.00678841
9.7105e-007,0.00674558
9.711e-007,0.0066685
9.7115e-007,0.00658285
9.712e-007,0.00649721
9.7125e-007,0.00638415
9.713e-007,0.00627966
9.7135e-007,0.00617175
9.714e-007,0.00606041
9.7145e-007,0.00598332
9.715e-007,0.00592851
9.7155e-007,0.00589596
9.716e-007,0.00593879
9.7165e-007,0.00602615
9.717e-007,0.00613064
9.7175e-007,0.00626596
9.718e-007,0.00643725
9.7185e-007,0.0066017
9.719e-007,0.00678327
9.7195e-007,0.00691688
9.72e-007,0.00704364
9.7205e-007,0.00712072
9.721e-007,0.00711729
9.7215e-007,0.00714299
9.722e-007,0.0070916
9.7225e-007,0.0070522
9.723e-007,0.00697683
9.7235e-007,0.00692544
9.724e-007,0.00682438
9.7245e-007,0.00674387
9.725e-007,0.00668392
9.7255e-007,0.00665137
9.726e-007,0.0066017
9.7265e-007,0.00656059
9.727e-007,0.00653832
9.7275e-007,0.00646637
9.728e-007,0.00639614
9.7285e-007,0.00637901
9.729e-007,0.00632077
9.7295e-007,0.00629165
9.73e-007,0.00625911
9.7305e-007,0.00624198
9.731e-007,0.00622485
9.7315e-007,0.006218
9.732e-007,0.006218
9.7325e-007,0.00617689
9.733e-007,0.00615976
9.7335e-007,0.00612207
9.734e-007,0.00605355
9.7345e-007,0.00603814
9.735e-007,0.00600388
9.7355e-007,0.0059799
9.736e-007,0.00597476
9.7365e-007,0.00602443
9.737e-007,0.00607582
9.7375e-007,0.00614434
9.738e-007,0.00624712
9.7385e-007,0.00632591
9.739e-007,0.0064167
9.7395e-007,0.00649721
9.74e-007,0.00653489
9.7405e-007,0.00659827
9.741e-007,0.00660684
9.7415e-007,0.00660512
9.742e-007,0.00656401
9.7425e-007,0.00654346
9.743e-007,0.00651605
9.7435e-007,0.0064561
9.744e-007,0.0064304
9.7445e-007,0.00642526
9.745e-007,0.00640642
9.7455e-007,0.00639614
9.746e-007,0.00639786
9.7465e-007,0.00638758
9.747e-007,0.00641327
9.7475e-007,0.006403
9.748e-007,0.00638244
9.7485e-007,0.00638587
9.749e-007,0.0063636
9.7495e-007,0.00634647
9.75e-007,0.00632934
9.7505e-007,0.00634476
9.751e-007,0.0063105
9.7515e-007,0.0063105
9.752e-007,0.00632249
9.7525e-007,0.00633962
9.753e-007,0.00633276
9.7535e-007,0.00632077
9.754e-007,0.00632591
9.7545e-007,0.00634304
9.755e-007,0.00635503
9.7555e-007,0.0063636
9.756e-007,0.00637045
9.7565e-007,0.0063773
9.757e-007,0.00640985
9.7575e-007,0.00642526
9.758e-007,0.00645438
9.7585e-007,0.00649036
9.759e-007,0.00650577
9.7595e-007,0.00653832
9.76e-007,0.00658971
9.7605e-007,0.00661197
9.761e-007,0.00661197
9.7615e-007,0.00663253
9.762e-007,0.00662397
9.7625e-007,0.00662568
9.763e-007,0.00663767
9.7635e-007,0.00663082
9.764e-007,0.00660512
9.7645e-007,0.00658285
9.765e-007,0.00657258
9.7655e-007,0.00653318
9.766e-007,0.00649207
9.7665e-007,0.00645952
9.767e-007,0.00645267
9.7675e-007,0.00644068
9.768e-007,0.00639786
9.7685e-007,0.00640642
9.769e-007,0.00643383
9.7695e-007,0.00643897
9.77e-007,0.00644068
9.7705e-007,0.00645438
9.771e-007,0.00644753
9.7715e-007,0.00642869
9.772e-007,0.00641156
9.7725e-007,0.00637388
9.773e-007,0.00632763
9.7735e-007,0.00628138
9.774e-007,0.00625054
9.7745e-007,0.00619744
9.775e-007,0.00619059
9.7755e-007,0.00625226
9.776e-007,0.00627966
9.7765e-007,0.00635675
9.777e-007,0.00644582
9.7775e-007,0.00655545
9.778e-007,0.0066548
9.7785e-007,0.00679012
9.779e-007,0.00688433
9.7795e-007,0.00695456
9.78e-007,0.00699568
9.7805e-007,0.00699054
9.781e-007,0.00694257
9.7815e-007,0.00687748
9.782e-007,0.00680211
9.7825e-007,0.00673873
9.783e-007,0.00663082
9.7835e-007,0.0065229
9.784e-007,0.00647837
9.7845e-007,0.00644582
9.785e-007,0.00642526
9.7855e-007,0.00643725
9.786e-007,0.0064561
9.7865e-007,0.00650406
9.787e-007,0.00654517
9.7875e-007,0.00659485
9.788e-007,0.00663767
9.7885e-007,0.0066548
9.789e-007,0.00668392
9.7895e-007,0.00669934
9.79e-007,0.00663938
9.7905e-007,0.00661711
9.791e-007,0.0065486
9.7915e-007,0.00647323
9.792e-007,0.00638073
9.7925e-007,0.00631392
9.793e-007,0.00625397
9.7935e-007,0.00621457
9.794e-007,0.00618031
9.7945e-007,0.0061923
9.795e-007,0.00618374
9.7955e-007,0.00622999
9.796e-007,0.0062848
9.7965e-007,0.00633448
9.797e-007,0.00638587
9.7975e-007,0.00644753
9.798e-007,0.00644753
9.7985e-007,0.00646637
9.799e-007,0.00648179
9.7995e-007,0.00643554
9.8e-007,0.00639614
9.8005e-007,0.00632591
9.801e-007,0.00625911
9.8015e-007,0.00620258
9.802e-007,0.00613749
9.8025e-007,0.00608953
9.803e-007,0.0060998
9.8035e-007,0.00609295
9.804e-007,0.00611179
9.8045e-007,0.00618545
9.805e-007,0.00623341
9.8055e-007,0.0062848
9.806e-007,0.00632934
9.8065e-007,0.00636874
9.807e-007,0.00644068
9.8075e-007,0.00646466
9.808e-007,0.00644753
9.8085e-007,0.00650235
9.809e-007,0.00652633
9.8095e-007,0.00653489
9.81e-007,0.00656573
9.8105e-007,0.00660341
9.811e-007,0.00665994
9.8115e-007,0.00674045
9.812e-007,0.0068004
9.8125e-007,0.00688776
9.813e-007,0.00694429
9.8135e-007,0.00698197
9.814e-007,0.00702651
9.8145e-007,0.00698882
9.815e-007,0.00694257
9.8155e-007,0.00685007
9.816e-007,0.00674216
9.8165e-007,0.00665651
9.817e-007,0.00659656
9.8175e-007,0.00658799
9.818e-007,0.00658457
9.8185e-007,0.0066411
9.819e-007,0.00667022
9.8195e-007,0.00674045
9.82e-007,0.00679355
9.8205e-007,0.00686207
9.821e-007,0.00691003
9.8215e-007,0.00695114
9.822e-007,0.00690146
9.8225e-007,0.00685693
9.823e-007,0.00673873
9.8235e-007,0.00662225
9.824e-007,0.00647837
9.8245e-007,0.00634133
9.825e-007,0.00623513
9.8255e-007,0.00618031
9.826e-007,0.00615804
9.8265e-007,0.00618203
9.827e-007,0.00622142
9.8275e-007,0.00632077
9.828e-007,0.0064167
9.8285e-007,0.00649549
9.829e-007,0.006576
9.8295e-007,0.00660341
9.83e-007,0.00659485
9.8305e-007,0.00656744
9.831e-007,0.00652804
9.8315e-007,0.00648864
9.832e-007,0.00639957
9.8325e-007,0.00634476
9.833e-007,0.00626596
9.8335e-007,0.00618374
9.834e-007,0.00612892
9.8345e-007,0.00606897
9.835e-007,0.00602272
9.8355e-007,0.00599189
9.836e-007,0.0059405
9.8365e-007,0.00591481
9.837e-007,0.00589254
9.8375e-007,0.00589596
9.838e-007,0.00591994
9.8385e-007,0.00595592
9.839e-007,0.00600388
9.8395e-007,0.00609295
9.84e-007,0.00617689
9.8405e-007,0.00625054
9.841e-007,0.00638929
9.8415e-007,0.00651434
9.842e-007,0.00661883
9.8425e-007,0.00672674
9.843e-007,0.00680211
9.8435e-007,0.0068929
9.844e-007,0.00692716
9.8445e-007,0.00696655
9.845e-007,0.00694086
9.8455e-007,0.00693058
9.846e-007,0.0068672
9.8465e-007,0.00679697
9.847e-007,0.00669591
9.8475e-007,0.00662739
9.848e-007,0.00653147
9.8485e-007,0.00643212
9.849e-007,0.00635161
9.8495e-007,0.00630536
9.85e-007,0.00628994
9.8505e-007,0.00629337
9.851e-007,0.0063379
9.8515e-007,0.0064304
9.852e-007,0.00652975
9.8525e-007,0.00663424
9.853e-007,0.00672674
9.8535e-007,0.00684836
9.854e-007,0.00692202
9.8545e-007,0.00699396
9.855e-007,0.00703165
9.8555e-007,0.00701794
9.856e-007,0.00698197
9.8565e-007,0.00696827
9.857e-007,0.00692373
9.8575e-007,0.00686207
9.858e-007,0.00682609
9.8585e-007,0.00678156
9.859e-007,0.00672846
9.8595e-007,0.00668563
9.86e-007,0.00664966
9.8605e-007,0.00656401
9.861e-007,0.00646809
9.8615e-007,0.00638415
9.862e-007,0.00626767
9.8625e-007,0.00615291
9.863e-007,0.00607754
9.8635e-007,0.00605698
9.864e-007,0.00602615
9.8645e-007,0.00606041
9.865e-007,0.00611179
9.8655e-007,0.00622656
9.866e-007,0.00637216
9.8665e-007,0.00655716
9.867e-007,0.00672503
9.8675e-007,0.00687919
9.868e-007,0.00702651
9.8685e-007,0.00711901
9.869e-007,0.0071584
9.8695e-007,0.00716183
9.87e-007,0.00709674
9.8705e-007,0.00699396
9.871e-007,0.00685693
9.8715e-007,0.00670961
9.872e-007,0.00654517
9.8725e-007,0.00645267
9.873e-007,0.00636531
9.8735e-007,0.00631906
9.874e-007,0.00628823
9.8745e-007,0.00627452
9.875e-007,0.00632934
9.8755e-007,0.00638415
9.876e-007,0.00644068
9.8765e-007,0.00652461
9.877e-007,0.00659485
9.8775e-007,0.0066291
9.878e-007,0.0066548
9.8785e-007,0.00664795
9.879e-007,0.00662054
9.8795e-007,0.00657086
9.88e-007,0.00655031
9.8805e-007,0.00648008
9.881e-007,0.00647151
9.8815e-007,0.00640813
9.882e-007,0.00639272
9.8825e-007,0.00638587
9.883e-007,0.006391
9.8835e-007,0.00639443
9.884e-007,0.00641156
9.8845e-007,0.00644582
9.885e-007,0.00647665
9.8855e-007,0.00646809
9.886e-007,0.00646637
9.8865e-007,0.00647494
9.887e-007,0.00648864
9.8875e-007,0.00647665
9.888e-007,0.00647494
9.8885e-007,0.00647323
9.889e-007,0.0065092
9.8895e-007,0.00651434
9.89e-007,0.00653318
9.8905e-007,0.00657429
9.891e-007,0.00663082
9.8915e-007,0.00667193
9.892e-007,0.00672846
9.8925e-007,0.00676443
9.893e-007,0.00680896
9.8935e-007,0.00683295
9.894e-007,0.00683295
9.8945e-007,0.00682781
9.895e-007,0.00678841
9.8955e-007,0.0067473
9.896e-007,0.00673531
9.8965e-007,0.00670105
9.897e-007,0.0066017
9.8975e-007,0.00659142
9.898e-007,0.006576
9.8985e-007,0.00652975
9.899e-007,0.00651434
9.8995e-007,0.00649549
9.9e-007,0.0064561
9.9005e-007,0.00643383
9.901e-007,0.00639957
9.9015e-007,0.00633448
9.902e-007,0.00626767
9.9025e-007,0.0061923
9.903e-007,0.00609809
9.9035e-007,0.00606897
9.904e-007,0.00601758
9.9045e-007,0.0060193
9.905e-007,0.00605013
9.9055e-007,0.00611351
9.906e-007,0.00617689
9.9065e-007,0.00628823
9.907e-007,0.006403
9.9075e-007,0.0064698
9.908e-007,0.00654003
9.9085e-007,0.00658971
9.909e-007,0.00662568
9.9095e-007,0.00662739
9.91e-007,0.0066017
9.9105e-007,0.00657086
9.911e-007,0.00651776
9.9115e-007,0.00649036
9.912e-007,0.00646124
9.9125e-007,0.00646124
9.913e-007,0.00647151
9.9135e-007,0.00650749
9.914e-007,0.00653661
9.9145e-007,0.00653832
9.915e-007,0.00655545
9.9155e-007,0.00654517
9.916e-007,0.00652975
9.9165e-007,0.00650063
9.917e-007,0.00646466
9.9175e-007,0.00642012
9.918e-007,0.00637216
9.9185e-007,0.00634133
9.919e-007,0.0063379
9.9195e-007,0.00634133
9.92e-007,0.00636017
9.9205e-007,0.00642869
9.921e-007,0.00649892
9.9215e-007,0.00653489
9.922e-007,0.00660855
9.9225e-007,0.00664452
9.923e-007,0.00664452
9.9235e-007,0.00660855
9.924e-007,0.00657772
9.9245e-007,0.00649721
9.925e-007,0.00643897
9.9255e-007,0.00642355
9.926e-007,0.00637901
9.9265e-007,0.00634133
9.927e-007,0.00636874
9.9275e-007,0.006403
9.928e-007,0.00645267
9.9285e-007,0.00655031
9.929e-007,0.0066291
9.9295e-007,0.00671133
9.93e-007,0.00680725
9.9305e-007,0.0068398
9.931e-007,0.00691345
9.9315e-007,0.00692202
9.932e-007,0.00691517
9.9325e-007,0.00687234
9.933e-007,0.00682095
9.9335e-007,0.00673873
9.934e-007,0.00668392
9.9345e-007,0.00662054
9.935e-007,0.00654688
9.9355e-007,0.00647494
9.936e-007,0.00639957
9.9365e-007,0.00635503
9.937e-007,0.00628823
9.9375e-007,0.00626082
9.938e-007,0.0062454
9.9385e-007,0.00625739
9.939e-007,0.00623855
9.9395e-007,0.00625911
9.94e-007,0.00629679
9.9405e-007,0.00629337
9.941e-007,0.00634989
9.9415e-007,0.0063636
9.942e-007,0.00635675
9.9425e-007,0.00634989
9.943e-007,0.00633448
9.9435e-007,0.00630707
9.944e-007,0.00621286
9.9445e-007,0.0061923
9.945e-007,0.0061255
9.9455e-007,0.00609466
9.946e-007,0.00604499
9.9465e-007,0.00601416
9.947e-007,0.0059936
9.9475e-007,0.00596619
9.948e-007,0.00597133
9.9485e-007,0.00597818
9.949e-007,0.00601587
9.9495e-007,0.00603814
9.95e-007,0.00608953
9.9505e-007,0.00616832
9.951e-007,0.00619573
9.9515e-007,0.00626596
9.952e-007,0.0063379
9.9525e-007,0.00642012
9.953e-007,0.00647494
9.9535e-007,0.00649892
9.954e-007,0.00651262
9.9545e-007,0.00653318
9.955e-007,0.00652804
9.9555e-007,0.00650063
9.956e-007,0.00648864
9.9565e-007,0.00646809
9.957e-007,0.00648522
9.9575e-007,0.00649549
9.958e-007,0.00653489
9.9585e-007,0.00657943
9.959e-007,0.00662568
9.9595e-007,0.00667193
9.96e-007,0.00673702
9.9605e-007,0.0067473
9.961e-007,0.00673188
9.9615e-007,0.00668734
9.962e-007,0.00663253
9.9625e-007,0.0065623
9.963e-007,0.00646466
9.9635e-007,0.00637388
9.964e-007,0.00629337
9.9645e-007,0.00623684
9.965e-007,0.00615291
9.9655e-007,0.00614605
9.966e-007,0.00614091
9.9665e-007,0.00619402
9.967e-007,0.0062454
9.9675e-007,0.00629508
9.968e-007,0.00638929
9.9685e-007,0.00647494
9.969e-007,0.00652975
9.9695e-007,0.00658971
9.97e-007,0.00666508
9.9705e-007,0.00671646
9.971e-007,0.00677984
9.9715e-007,0.00679183
9.972e-007,0.00679526
9.9725e-007,0.00676443
9.973e-007,0.00675244
9.9735e-007,0.00671989
9.974e-007,0.00668563
9.9745e-007,0.00666165
9.975e-007,0.00661197
9.9755e-007,0.00656401
9.976e-007,0.00651605
9.9765e-007,0.00640471
9.977e-007,0.00634989
9.9775e-007,0.00626939
9.978e-007,0.00619915
9.9785e-007,0.00613578
9.979e-007,0.00612036
9.9795e-007,0.0060998
9.98e-007,0.00608267
9.9805e-007,0.0061255
9.981e-007,0.00617689
9.9815e-007,0.00621628
9.982e-007,0.00628309
9.9825e-007,0.00636188
9.983e-007,0.00643897
9.9835e-007,0.00651262
9.984e-007,0.00654517
9.9845e-007,0.00652633
9.985e-007,0.00648179
9.9855e-007,0.00639443
9.986e-007,0.00629679
9.9865e-007,0.00619059
9.987e-007,0.00604328
9.9875e-007,0.00599531
9.988e-007,0.00591138
9.9885e-007,0.00584629
9.989e-007,0.00578291
9.9895e-007,0.00578462
9.99e-007,0.00580175
9.9905e-007,0.00587369
9.991e-007,0.00595763
9.9915e-007,0.00602443
9.992e-007,0.00607925
9.9925e-007,0.00619573
9.993e-007,0.00627624
9.9935e-007,0.00634476
9.994e-007,0.00640128
9.9945e-007,0.0064561
9.995e-007,0.00651434
9.9955e-007,0.0065623
9.996e-007,0.00659313
9.9965e-007,0.00661711
9.997e-007,0.00656573
9.9975e-007,0.00653661
9.998e-007,0.00653318
9.9985e-007,0.00648864
9.999e-007,0.0064561
9.9995e-007,0.00643383
1e-006,0.00639786
1.00005e-006,0.00639957
1.0001e-006,0.00638587
1.00015e-006,0.00637901
1.0002e-006,0.00639443
1.00025e-006,0.00642355
1.0003e-006,0.00647151
1.00035e-006,0.00653661
1.0004e-006,0.00656401
1.00045e-006,0.00659142
1.0005e-006,0.00662054
1.00055e-006,0.00664795
1.0006e-006,0.00665137
1.00065e-006,0.00666165
1.0007e-006,0.00668392
1.00075e-006,0.00666165
1.0008e-006,0.00664452
1.00085e-006,0.00665651
1.0009e-006,0.0066411
1.00095e-006,0.00659998
1.001e-006,0.00659827
1.00105e-006,0.00660684
1.0011e-006,0.00656915
1.00115e-006,0.00657429
1.0012e-006,0.00659142
1.00125e-006,0.00655716
1.0013e-006,0.0065229
1.00135e-006,0.00651091
1.0014e-006,0.00648179
1.00145e-006,0.00647151
1.0015e-006,0.0064561
1.00155e-006,0.00645096
1.0016e-006,0.00644924
1.00165e-006,0.00643725
1.0017e-006,0.00642526
1.00175e-006,0.00641327
1.0018e-006,0.00638758
1.00185e-006,0.00636531
1.0019e-006,0.00638073
1.00195e-006,0.00636702
1.002e-006,0.00640642
1.00205e-006,0.00639272
1.0021e-006,0.00641156
1.00215e-006,0.00644411
1.0022e-006,0.00644582
1.00225e-006,0.0064835
1.0023e-006,0.00650749
1.00235e-006,0.00651262
1.0024e-006,0.00656401
1.00245e-006,0.00658114
1.0025e-006,0.00655545
1.00255e-006,0.00648179
1.0026e-006,0.00646295
1.00265e-006,0.00640471
1.0027e-006,0.0063379
1.00275e-006,0.00634133
1.0028e-006,0.00632591
1.00285e-006,0.00631564
1.0029e-006,0.00632934
1.00295e-006,0.00636188
1.003e-006,0.006403
1.00305e-006,0.00647837
1.0031e-006,0.00652119
1.00315e-006,0.00655202
1.0032e-006,0.00657086
1.00325e-006,0.00658114
1.0033e-006,0.00651434
1.00335e-006,0.00645267
1.0034e-006,0.00639614
1.00345e-006,0.00631221
1.0035e-006,0.006218
1.00355e-006,0.00617689
1.0036e-006,0.0061786
1.00365e-006,0.00616661
1.0037e-006,0.00621286
1.00375e-006,0.00625911
1.0038e-006,0.00629508
1.00385e-006,0.00634133
1.0039e-006,0.00637045
1.00395e-006,0.00638587
1.004e-006,0.00641327
1.00405e-006,0.00640128
1.0041e-006,0.00641499
1.00415e-006,0.00638415
1.0042e-006,0.00636017
1.00425e-006,0.00634476
1.0043e-006,0.00636531
1.00435e-006,0.00642012
1.0044e-006,0.00645781
1.00445e-006,0.00653661
1.0045e-006,0.00663424
1.00455e-006,0.00671475
1.0046e-006,0.00677299
1.00465e-006,0.00683637
1.0047e-006,0.00682952
1.00475e-006,0.00678841
1.0048e-006,0.00673188
1.00485e-006,0.0066411
1.0049e-006,0.0065092
1.00495e-006,0.00638587
1.005e-006,0.00625739
1.00505e-006,0.0061649
1.0051e-006,0.00605527
1.00515e-006,0.00600559
1.0052e-006,0.00598504
1.00525e-006,0.00595249
1.0053e-006,0.00597305
1.00535e-006,0.00604842
1.0054e-006,0.00613235
1.00545e-006,0.00619059
1.0055e-006,0.00625226
1.00555e-006,0.00627624
1.0056e-006,0.00628994
1.00565e-006,0.00627452
1.0057e-006,0.00624198
1.00575e-006,0.00618374
1.0058e-006,0.00614605
1.00585e-006,0.00609295
1.0059e-006,0.00603471
1.00595e-006,0.00602101
1.006e-006,0.00596448
1.00605e-006,0.00596619
1.0061e-006,0.00599874
1.00615e-006,0.00600559
1.0062e-006,0.00603129
1.00625e-006,0.00609124
1.0063e-006,0.00611179
1.00635e-006,0.00611693
1.0064e-006,0.00614777
1.00645e-006,0.00616318
1.0065e-006,0.00615462
1.00655e-006,0.00611351
1.0066e-006,0.0060998
1.00665e-006,0.00608267
1.0067e-006,0.00606554
1.00675e-006,0.00605184
1.0068e-006,0.00605527
1.00685e-006,0.00607068
1.0069e-006,0.00611865
1.00695e-006,0.00616318
1.007e-006,0.0061786
1.00705e-006,0.00620943
1.0071e-006,0.00625397
1.00715e-006,0.00625397
1.0072e-006,0.00627281
1.00725e-006,0.00627624
1.0073e-006,0.00623855
1.00735e-006,0.00620258
1.0074e-006,0.00619402
1.00745e-006,0.00615119
1.0075e-006,0.00607411
1.00755e-006,0.00608096
1.0076e-006,0.00612036
1.00765e-006,0.00612892
1.0077e-006,0.00617003
1.00775e-006,0.00619573
1.0078e-006,0.0062711
1.00785e-006,0.00631392
1.0079e-006,0.006391
1.00795e-006,0.00643554
1.008e-006,0.00645438
1.00805e-006,0.00648864
1.0081e-006,0.00648864
1.00815e-006,0.00648864
1.0082e-006,0.00648008
1.00825e-006,0.00648864
1.0083e-006,0.0064698
1.00835e-006,0.00649036
1.0084e-006,0.00651434
1.00845e-006,0.00649207
1.0085e-006,0.00649207
1.00855e-006,0.00649549
1.0086e-006,0.00651262
1.00865e-006,0.00649721
1.0087e-006,0.00647837
1.00875e-006,0.00644411
1.0088e-006,0.00638758
1.00885e-006,0.00634647
1.0089e-006,0.00631564
1.00895e-006,0.00628994
1.009e-006,0.00626082
1.00905e-006,0.00625226
1.0091e-006,0.00625568
1.00915e-006,0.00629851
1.0092e-006,0.00631906
1.00925e-006,0.00641499
1.0093e-006,0.00648693
1.00935e-006,0.00658628
1.0094e-006,0.00664795
1.00945e-006,0.00673359
1.0095e-006,0.006761
1.00955e-006,0.0067747
1.0096e-006,0.00674216
1.00965e-006,0.00670447
1.0097e-006,0.0066411
1.00975e-006,0.00656401
1.0098e-006,0.00646809
1.00985e-006,0.00638073
1.0099e-006,0.00630707
1.00995e-006,0.00626253
1.01e-006,0.00620087
1.01005e-006,0.00620258
1.0101e-006,0.00622485
1.01015e-006,0.00627281
1.0102e-006,0.0063105
1.01025e-006,0.00634989
1.0103e-006,0.00639614
1.01035e-006,0.00642355
1.0104e-006,0.00641327
1.01045e-006,0.00645438
1.0105e-006,0.00648522
1.01055e-006,0.00648693
1.0106e-006,0.0065229
1.01065e-006,0.00653318
1.0107e-006,0.00653147
1.01075e-006,0.00652461
1.0108e-006,0.00655716
1.01085e-006,0.00657943
1.0109e-006,0.00659656
1.01095e-006,0.00665822
1.011e-006,0.00671818
1.01105e-006,0.00677299
1.0111e-006,0.00685007
1.01115e-006,0.0069066
1.0112e-006,0.00694771
1.01125e-006,0.0070248
1.0113e-006,0.00705392
1.01135e-006,0.00711729
1.0114e-006,0.0071447
1.01145e-006,0.00716697
1.0115e-006,0.00715498
1.01155e-006,0.00712415
1.0116e-006,0.00701966
1.01165e-006,0.00694943
1.0117e-006,0.00688605
1.01175e-006,0.00682438
1.0118e-006,0.00675415
1.01185e-006,0.00671989
1.0119e-006,0.00665822
1.01195e-006,0.00665309
1.012e-006,0.00667878
1.01205e-006,0.00667878
1.0121e-006,0.00670105
1.01215e-006,0.00667193
1.0122e-006,0.00666336
1.01225e-006,0.0066291
1.0123e-006,0.00663082
1.01235e-006,0.006576
1.0124e-006,0.00652975
1.01245e-006,0.00650749
1.0125e-006,0.00645781
1.01255e-006,0.00641841
1.0126e-006,0.0063773
1.01265e-006,0.00637388
1.0127e-006,0.00636702
1.01275e-006,0.0063636
1.0128e-006,0.00634647
1.01285e-006,0.00630364
1.0129e-006,0.00626253
1.01295e-006,0.00622827
1.013e-006,0.00616147
1.01305e-006,0.00610837
1.0131e-006,0.00598161
1.01315e-006,0.00592337
1.0132e-006,0.00585485
1.01325e-006,0.00581374
1.0133e-006,0.00582745
1.01335e-006,0.00582402
1.0134e-006,0.00587027
1.01345e-006,0.00594735
1.0135e-006,0.00601073
1.01355e-006,0.00611693
1.0136e-006,0.00617175
1.01365e-006,0.00626596
1.0137e-006,0.00631221
1.01375e-006,0.00634647
1.0138e-006,0.00635675
1.01385e-006,0.00635846
1.0139e-006,0.00638587
1.01395e-006,0.00634647
1.014e-006,0.0063379
1.01405e-006,0.00633105
1.0141e-006,0.00634133
1.01415e-006,0.00633105
1.0142e-006,0.00632934
1.01425e-006,0.00634989
1.0143e-006,0.0063636
1.01435e-006,0.006403
1.0144e-006,0.00644239
1.01445e-006,0.00647494
1.0145e-006,0.00649207
1.01455e-006,0.00653318
1.0146e-006,0.00653318
1.01465e-006,0.00655031
1.0147e-006,0.00653318
1.01475e-006,0.0065623
1.0148e-006,0.0065486
1.01485e-006,0.0064835
1.0149e-006,0.00645096
1.01495e-006,0.00638244
1.015e-006,0.0062711
1.01505e-006,0.00619915
1.0151e-006,0.00613578
1.01515e-006,0.00604156
1.0152e-006,0.0060073
1.01525e-006,0.00598675
1.0153e-006,0.0059405
1.01535e-006,0.00596448
1.0154e-006,0.00601758
1.01545e-006,0.00609124
1.0155e-006,0.00621115
1.01555e-006,0.00633448
1.0156e-006,0.00647323
1.01565e-006,0.00659656
1.0157e-006,0.0066942
1.01575e-006,0.00676614
1.0158e-006,0.00684665
1.01585e-006,0.00685864
1.0159e-006,0.00682095
1.01595e-006,0.00679526
1.016e-006,0.00671133
1.01605e-006,0.0066154
1.0161e-006,0.0065092
1.01615e-006,0.00638929
1.0162e-006,0.00628823
1.01625e-006,0.00622142
1.0163e-006,0.00618374
1.01635e-006,0.00614263
1.0164e-006,0.00611865
1.01645e-006,0.0061255
1.0165e-006,0.00615462
1.01655e-006,0.00621286
1.0166e-006,0.00625568
1.01665e-006,0.00628994
1.0167e-006,0.00632249
1.01675e-006,0.00637216
1.0168e-006,0.00638073
1.01685e-006,0.006391
1.0169e-006,0.00640642
1.01695e-006,0.006403
1.017e-006,0.00640985
1.01705e-006,0.00637388
1.0171e-006,0.006391
1.01715e-006,0.00640985
1.0172e-006,0.00638073
1.01725e-006,0.00638244
1.0173e-006,0.00641327
1.01735e-006,0.00642869
1.0174e-006,0.00645781
1.01745e-006,0.006576
1.0175e-006,0.00666508
1.01755e-006,0.00673188
1.0176e-006,0.00681239
1.01765e-006,0.00688776
1.0177e-006,0.00696142
1.01775e-006,0.00698368
1.0178e-006,0.00699568
1.01785e-006,0.00694943
1.0179e-006,0.00689119
1.01795e-006,0.00680554
1.018e-006,0.00666336
1.01805e-006,0.00652975
1.0181e-006,0.00636531
1.01815e-006,0.00619573
1.0182e-006,0.00606383
1.01825e-006,0.00595763
1.0183e-006,0.00585314
1.01835e-006,0.00581374
1.0184e-006,0.00581545
1.01845e-006,0.00581374
1.0185e-006,0.00583772
1.01855e-006,0.0059405
1.0186e-006,0.00602957
1.01865e-006,0.0061255
1.0187e-006,0.00622485
1.01875e-006,0.00630707
1.0188e-006,0.00639786
1.01885e-006,0.00646295
1.0189e-006,0.00656401
1.01895e-006,0.0066548
1.019e-006,0.00668906
1.01905e-006,0.0066942
1.0191e-006,0.00673359
1.01915e-006,0.00671475
1.0192e-006,0.00673531
1.01925e-006,0.0067216
1.0193e-006,0.00671646
1.01935e-006,0.00669077
1.0194e-006,0.00669077
1.01945e-006,0.00666165
1.0195e-006,0.00663767
1.01955e-006,0.00655373
1.0196e-006,0.00653318
1.01965e-006,0.00644411
1.0197e-006,0.006391
1.01975e-006,0.00634133
1.0198e-006,0.00630193
1.01985e-006,0.00625226
1.0199e-006,0.00619402
1.01995e-006,0.00614263
1.02e-006,0.00607411
1.02005e-006,0.00601587
1.0201e-006,0.00596962
1.02015e-006,0.00591481
1.0202e-006,0.00587541
1.02025e-006,0.00583601
1.0203e-006,0.00583258
1.02035e-006,0.0058086
1.0204e-006,0.00583944
1.02045e-006,0.00588397
1.0205e-006,0.00594393
1.02055e-006,0.00600559
1.0206e-006,0.00612036
1.02065e-006,0.00621115
1.0207e-006,0.00630193
1.02075e-006,0.00641156
1.0208e-006,0.00645952
1.02085e-006,0.00649721
1.0209e-006,0.00648522
1.02095e-006,0.00643725
1.021e-006,0.00637901
1.02105e-006,0.00630536
1.0211e-006,0.00620943
1.02115e-006,0.00613578
1.0212e-006,0.0060467
1.02125e-006,0.00599018
1.0213e-006,0.00594906
1.02135e-006,0.00594393
1.0214e-006,0.00593022
1.02145e-006,0.0059405
1.0215e-006,0.00597133
1.02155e-006,0.00598504
1.0216e-006,0.00602786
1.02165e-006,0.006033
1.0217e-006,0.00604499
1.02175e-006,0.006033
1.0218e-006,0.00597476
1.02185e-006,0.00594393
1.0219e-006,0.00592508
1.02195e-006,0.00593365
1.022e-006,0.00591138
1.02205e-006,0.00593365
1.0221e-006,0.00595592
1.02215e-006,0.00601587
1.0222e-006,0.00607925
1.02225e-006,0.00615976
1.0223e-006,0.00623855
1.02235e-006,0.00625911
1.0224e-006,0.00631735
1.02245e-006,0.00629165
1.0225e-006,0.00630022
1.02255e-006,0.00630707
1.0226e-006,0.00626596
1.02265e-006,0.00623341
1.0227e-006,0.00619402
1.02275e-006,0.00621115
1.0228e-006,0.00619915
1.02285e-006,0.00621286
1.0229e-006,0.00624369
1.02295e-006,0.00628823
1.023e-006,0.00631735
1.02305e-006,0.00637901
1.0231e-006,0.00639443
1.02315e-006,0.00638758
1.0232e-006,0.00633619
1.02325e-006,0.00630022
1.0233e-006,0.00622314
1.02335e-006,0.00614434
1.0234e-006,0.00607754
1.02345e-006,0.00602615
1.0235e-006,0.00599703
1.02355e-006,0.00599703
1.0236e-006,0.00604156
1.02365e-006,0.00610323
1.0237e-006,0.00620943
1.02375e-006,0.0063105
1.0238e-006,0.0064167
1.02385e-006,0.0064835
1.0239e-006,0.00653318
1.02395e-006,0.00656915
1.024e-006,0.00656059
1.02405e-006,0.00654174
1.0241e-006,0.00646466
1.02415e-006,0.00638929
1.0242e-006,0.00628309
1.02425e-006,0.00625911
1.0243e-006,0.00617689
1.02435e-006,0.00614948
1.0244e-006,0.00610837
1.02445e-006,0.00611693
1.0245e-006,0.00610494
1.02455e-006,0.00612721
1.0246e-006,0.00611865
1.02465e-006,0.00615291
1.0247e-006,0.00614605
1.02475e-006,0.00614948
1.0248e-006,0.00613749
1.02485e-006,0.00615119
1.0249e-006,0.00614091
1.02495e-006,0.0061786
1.025e-006,0.00617689
1.02505e-006,0.00619573
1.0251e-006,0.00625226
1.02515e-006,0.00631564
1.0252e-006,0.00637045
1.02525e-006,0.00645096
1.0253e-006,0.00653489
1.02535e-006,0.00658457
1.0254e-006,0.00661711
1.02545e-006,0.00664452
1.0255e-006,0.00666679
1.02555e-006,0.00665309
1.0256e-006,0.00661197
1.02565e-006,0.00658114
1.0257e-006,0.0065092
1.02575e-006,0.00640985
1.0258e-006,0.00632934
1.02585e-006,0.00624712
1.0259e-006,0.00616661
1.02595e-006,0.0060861
1.026e-006,0.00602957
1.02605e-006,0.00599189
1.0261e-006,0.00595934
1.02615e-006,0.00596448
1.0262e-006,0.00601073
1.02625e-006,0.00605527
1.0263e-006,0.0061255
1.02635e-006,0.00622314
1.0264e-006,0.00630193
1.02645e-006,0.00639786
1.0265e-006,0.00646466
1.02655e-006,0.00655887
1.0266e-006,0.00662568
1.02665e-006,0.00665822
1.0267e-006,0.00666508
1.02675e-006,0.00660684
1.0268e-006,0.00656573
1.02685e-006,0.00648008
1.0269e-006,0.00639443
1.02695e-006,0.00628994
1.027e-006,0.00620772
1.02705e-006,0.0061392
1.0271e-006,0.00607411
1.02715e-006,0.006033
1.0272e-006,0.0060193
1.02725e-006,0.00602615
1.0273e-006,0.00606897
1.02735e-006,0.00612036
1.0274e-006,0.00619744
1.02745e-006,0.00628138
1.0275e-006,0.00634818
1.02755e-006,0.00642355
1.0276e-006,0.00647323
1.02765e-006,0.0065486
1.0277e-006,0.00656915
1.02775e-006,0.00657429
1.0278e-006,0.00662054
1.02785e-006,0.00662397
1.0279e-006,0.00662054
1.02795e-006,0.00661026
1.028e-006,0.00658628
1.02805e-006,0.00658114
1.0281e-006,0.0065486
1.02815e-006,0.00648693
1.0282e-006,0.00644239
1.02825e-006,0.00638587
1.0283e-006,0.00629679
1.02835e-006,0.00622656
1.0284e-006,0.00618716
1.02845e-006,0.00615976
1.0285e-006,0.00612721
1.02855e-006,0.00608439
1.0286e-006,0.00606383
1.02865e-006,0.0060073
1.0287e-006,0.00603471
1.02875e-006,0.00602101
1.0288e-006,0.0060467
1.02885e-006,0.00604328
1.0289e-006,0.00605698
1.02895e-006,0.00606554
1.029e-006,0.0060998
1.02905e-006,0.00612379
1.0291e-006,0.00617689
1.02915e-006,0.00622999
1.0292e-006,0.00627966
1.02925e-006,0.0063242
1.0293e-006,0.00636017
1.02935e-006,0.00643212
1.0294e-006,0.00644753
1.02945e-006,0.00646809
1.0295e-006,0.00643212
1.02955e-006,0.00641156
1.0296e-006,0.00635675
1.02965e-006,0.00628309
1.0297e-006,0.00620601
1.02975e-006,0.00612892
1.0298e-006,0.00603129
1.02985e-006,0.0060073
1.0299e-006,0.00599531
1.02995e-006,0.00598161
1.03e-006,0.00604842
1.03005e-006,0.00611865
1.0301e-006,0.00617517
1.03015e-006,0.0062848
1.0302e-006,0.006403
1.03025e-006,0.00651776
1.0303e-006,0.00660512
1.03035e-006,0.00669248
1.0304e-006,0.00675244
1.03045e-006,0.00682095
1.0305e-006,0.00687063
1.03055e-006,0.00689632
1.0306e-006,0.00693915
1.03065e-006,0.0069597
1.0307e-006,0.00695114
1.03075e-006,0.00695456
1.0308e-006,0.00693058
1.03085e-006,0.0068672
1.0309e-006,0.00679869
1.03095e-006,0.00674387
1.031e-006,0.0066548
1.03105e-006,0.00653489
1.0311e-006,0.00647494
1.03115e-006,0.00637045
1.0312e-006,0.00627624
1.03125e-006,0.0062317
1.0313e-006,0.00618888
1.03135e-006,0.00619915
1.0314e-006,0.00622142
1.03145e-006,0.00625568
1.0315e-006,0.00630364
1.03155e-006,0.00635503
1.0316e-006,0.00637388
1.03165e-006,0.00644753
1.0317e-006,0.00645952
1.03175e-006,0.00649036
1.0318e-006,0.00650235
1.03185e-006,0.00650063
1.0319e-006,0.00647837
1.03195e-006,0.00644582
1.032e-006,0.00640471
1.03205e-006,0.00640128
1.0321e-006,0.00639272
1.03215e-006,0.00639957
1.0322e-006,0.00639443
1.03225e-006,0.00639957
1.0323e-006,0.00640813
1.03235e-006,0.00643897
1.0324e-006,0.00645096
1.03245e-006,0.00646809
1.0325e-006,0.00646466
1.03255e-006,0.00645781
1.0326e-006,0.00645267
1.03265e-006,0.00643383
1.0327e-006,0.00640128
1.03275e-006,0.006391
1.0328e-006,0.00636702
1.03285e-006,0.00634304
1.0329e-006,0.00633105
1.03295e-006,0.00633962
1.033e-006,0.00637388
1.03305e-006,0.00639443
1.0331e-006,0.00645438
1.03315e-006,0.00649207
1.0332e-006,0.00654003
1.03325e-006,0.00654688
1.0333e-006,0.00655716
1.03335e-006,0.00653318
1.0334e-006,0.00652975
1.03345e-006,0.00650749
1.0335e-006,0.00644068
1.03355e-006,0.00637045
1.0336e-006,0.00631221
1.03365e-006,0.00629508
1.0337e-006,0.00624198
1.03375e-006,0.00624027
1.0338e-006,0.00627452
1.03385e-006,0.00628652
1.0339e-006,0.00626425
1.03395e-006,0.00627624
1.034e-006,0.0062454
1.03405e-006,0.00621628
1.0341e-006,0.00615119
1.03415e-006,0.00610494
1.0342e-006,0.00601416
1.03425e-006,0.00590967
1.0343e-006,0.00583601
1.03435e-006,0.00579661
1.0344e-006,0.00574865
1.03445e-006,0.00574694
1.0345e-006,0.00576578
1.03455e-006,0.0058343
1.0346e-006,0.00591652
1.03465e-006,0.00602786
1.0347e-006,0.00614777
1.03475e-006,0.00629679
1.0348e-006,0.00643897
1.03485e-006,0.00657429
1.0349e-006,0.00663938
1.03495e-006,0.00671133
1.035e-006,0.00675244
1.03505e-006,0.00676957
1.0351e-006,0.00673531
1.03515e-006,0.00673188
1.0352e-006,0.00669248
1.03525e-006,0.00655031
1.0353e-006,0.00646809
1.03535e-006,0.00638758
1.0354e-006,0.00629851
1.03545e-006,0.00625568
1.0355e-006,0.00623513
1.03555e-006,0.00621457
1.0356e-006,0.00621628
1.03565e-006,0.00623513
1.0357e-006,0.00625054
1.03575e-006,0.00626767
1.0358e-006,0.00628138
1.03585e-006,0.00630878
1.0359e-006,0.00631906
1.03595e-006,0.0063105
1.036e-006,0.00625911
1.03605e-006,0.00620943
1.0361e-006,0.00621628
1.03615e-006,0.00618716
1.0362e-006,0.00614948
1.03625e-006,0.00611522
1.0363e-006,0.00610323
1.03635e-006,0.00614263
1.0364e-006,0.00614263
1.03645e-006,0.00617003
1.0365e-006,0.00616661
1.03655e-006,0.00620087
1.0366e-006,0.00622485
1.03665e-006,0.00624369
1.0367e-006,0.00625568
1.03675e-006,0.00629851
1.0368e-006,0.00632077
1.03685e-006,0.00631221
1.0369e-006,0.00634304
1.03695e-006,0.00635846
1.037e-006,0.00637901
1.03705e-006,0.00639957
1.0371e-006,0.00641499
1.03715e-006,0.00646124
1.0372e-006,0.0064835
1.03725e-006,0.00651776
1.0373e-006,0.00649892
1.03735e-006,0.00652461
1.0374e-006,0.00649892
1.03745e-006,0.00650406
1.0375e-006,0.00649378
1.03755e-006,0.00651605
1.0376e-006,0.00646466
1.03765e-006,0.00644924
1.0377e-006,0.00639272
1.03775e-006,0.00637901
1.0378e-006,0.00635332
1.03785e-006,0.00632934
1.0379e-006,0.00629165
1.03795e-006,0.00630536
1.038e-006,0.00629851
1.03805e-006,0.00630536
1.0381e-006,0.00631564
1.03815e-006,0.00636017
1.0382e-006,0.00642698
1.03825e-006,0.0064698
1.0383e-006,0.00649549
1.03835e-006,0.00656401
1.0384e-006,0.00659313
1.03845e-006,0.00662397
1.0385e-006,0.00667022
1.03855e-006,0.00666679
1.0386e-006,0.00665994
1.03865e-006,0.00665137
1.0387e-006,0.00663938
1.03875e-006,0.00663596
1.0388e-006,0.00660512
1.03885e-006,0.00656915
1.0389e-006,0.00653661
1.03895e-006,0.00651434
1.039e-006,0.00650235
1.03905e-006,0.00647494
1.0391e-006,0.00649036
1.03915e-006,0.00649207
1.0392e-006,0.00652119
1.03925e-006,0.00654346
1.0393e-006,0.00658457
1.03935e-006,0.00661369
1.0394e-006,0.0066411
1.03945e-006,0.00668734
1.0395e-006,0.00672846
1.03955e-006,0.00675758
1.0396e-006,0.00672503
1.03965e-006,0.00671646
1.0397e-006,0.00666336
1.03975e-006,0.00660855
1.0398e-006,0.00652975
1.03985e-006,0.00645438
1.0399e-006,0.00636874
1.03995e-006,0.00632591
1.04e-006,0.00629165
1.04005e-006,0.00627795
1.0401e-006,0.00622485
1.04015e-006,0.0062454
1.0402e-006,0.00625568
1.04025e-006,0.00628652
1.0403e-006,0.0063105
1.04035e-006,0.00629679
1.0404e-006,0.00629851
1.04045e-006,0.00630707
1.0405e-006,0.00627795
1.04055e-006,0.00625911
1.0406e-006,0.00625911
1.04065e-006,0.00621286
1.0407e-006,0.00621971
1.04075e-006,0.0062317
1.0408e-006,0.00620943
1.04085e-006,0.00625911
1.0409e-006,0.00629508
1.04095e-006,0.0063242
1.041e-006,0.00636702
1.04105e-006,0.00639614
1.0411e-006,0.006403
1.04115e-006,0.00639786
1.0412e-006,0.00634818
1.04125e-006,0.00632763
1.0413e-006,0.00627452
1.04135e-006,0.00619915
1.0414e-006,0.00617175
1.04145e-006,0.00610666
1.0415e-006,0.00605527
1.04155e-006,0.0060073
1.0416e-006,0.00598675
1.04165e-006,0.00599189
1.0417e-006,0.00599189
1.04175e-006,0.00601244
1.0418e-006,0.00606383
1.04185e-006,0.00611008
1.0419e-006,0.00614434
1.04195e-006,0.00620943
1.042e-006,0.00625054
1.04205e-006,0.00630364
1.0421e-006,0.00633448
1.04215e-006,0.00637216
1.0422e-006,0.00636017
1.04225e-006,0.00636017
1.0423e-006,0.00633619
1.04235e-006,0.00632249
1.0424e-006,0.00630193
1.04245e-006,0.00622827
1.0425e-006,0.00615633
1.04255e-006,0.00609638
1.0426e-006,0.00603642
1.04265e-006,0.00599531
1.0427e-006,0.00596106
1.04275e-006,0.00592851
1.0428e-006,0.00593194
1.04285e-006,0.00594906
1.0429e-006,0.00599874
1.04295e-006,0.00605698
1.043e-006,0.00607411
1.04305e-006,0.00611008
1.0431e-006,0.0061255
1.04315e-006,0.00617517
1.0432e-006,0.00618545
1.04325e-006,0.00618716
1.0433e-006,0.00618545
1.04335e-006,0.00617346
1.0434e-006,0.0061649
1.04345e-006,0.00615119
1.0435e-006,0.00615462
1.04355e-006,0.00618203
1.0436e-006,0.00615633
1.04365e-006,0.00623513
1.0437e-006,0.00623513
1.04375e-006,0.00625739
1.0438e-006,0.00627452
1.04385e-006,0.0062711
1.0439e-006,0.00629679
1.04395e-006,0.00631392
1.044e-006,0.00630707
1.04405e-006,0.00630707
1.0441e-006,0.00631564
1.04415e-006,0.00633276
1.0442e-006,0.00638758
1.04425e-006,0.00642869
1.0443e-006,0.0064304
1.04435e-006,0.00645267
1.0444e-006,0.00651605
1.04445e-006,0.00653147
1.0445e-006,0.00654174
1.04455e-006,0.00653661
1.0446e-006,0.00650406
1.04465e-006,0.00649036
1.0447e-006,0.00647665
1.04475e-006,0.00643725
1.0448e-006,0.00640985
1.04485e-006,0.00639614
1.0449e-006,0.0063773
1.04495e-006,0.00635675
1.045e-006,0.00633276
1.04505e-006,0.00633448
1.0451e-006,0.00630022
1.04515e-006,0.00631221
1.0452e-006,0.00629337
1.04525e-006,0.00629337
1.0453e-006,0.00627452
1.04535e-006,0.0062711
1.0454e-006,0.0062454
1.04545e-006,0.00624198
1.0455e-006,0.00625054
1.04555e-006,0.00624198
1.0456e-006,0.0062317
1.04565e-006,0.00623513
1.0457e-006,0.00624198
1.04575e-006,0.00623341
1.0458e-006,0.00627624
1.04585e-006,0.00631221
1.0459e-006,0.00631906
1.04595e-006,0.00639957
1.046e-006,0.00647151
1.04605e-006,0.00653147
1.0461e-006,0.00658971
1.04615e-006,0.0066154
1.0462e-006,0.00664795
1.04625e-006,0.00663082
1.0463e-006,0.00659998
1.04635e-006,0.00656744
1.0464e-006,0.00647494
1.04645e-006,0.00641841
1.0465e-006,0.0063379
1.04655e-006,0.00627795
1.0466e-006,0.00621971
1.04665e-006,0.00616147
1.0467e-006,0.00618031
1.04675e-006,0.00620429
1.0468e-006,0.0062454
1.04685e-006,0.00632249
1.0469e-006,0.00642526
1.04695e-006,0.00649036
1.047e-006,0.00659485
1.04705e-006,0.0066548
1.0471e-006,0.00674045
1.04715e-006,0.00681582
1.0472e-006,0.00679526
1.04725e-006,0.006761
1.0473e-006,0.00675072
1.04735e-006,0.00669077
1.0474e-006,0.00658457
1.04745e-006,0.00648693
1.0475e-006,0.006391
1.04755e-006,0.00631392
1.0476e-006,0.00621457
1.04765e-006,0.00613578
1.0477e-006,0.00608953
1.04775e-006,0.00603129
1.0478e-006,0.00600217
1.04785e-006,0.00601073
1.0479e-006,0.006033
1.04795e-006,0.00606897
1.048e-006,0.00608953
1.04805e-006,0.00617346
1.0481e-006,0.00622142
1.04815e-006,0.00626767
1.0482e-006,0.00631906
1.04825e-006,0.00631564
1.0483e-006,0.00632077
1.04835e-006,0.00631906
1.0484e-006,0.00632077
1.04845e-006,0.00630536
1.0485e-006,0.00625911
1.04855e-006,0.00624883
1.0486e-006,0.00620258
1.04865e-006,0.00618203
1.0487e-006,0.00618203
1.04875e-006,0.00615633
1.0488e-006,0.00609124
1.04885e-006,0.00612721
1.0489e-006,0.00610152
1.04895e-006,0.0060998
1.049e-006,0.00606383
1.04905e-006,0.00607068
1.0491e-006,0.00610323
1.04915e-006,0.00614948
1.0492e-006,0.0061786
1.04925e-006,0.00624883
1.0493e-006,0.00633276
1.04935e-006,0.0064835
1.0494e-006,0.0066154
1.04945e-006,0.00675244
1.0495e-006,0.00683123
1.04955e-006,0.0068929
1.0496e-006,0.00689975
1.04965e-006,0.00687748
1.0497e-006,0.00681068
1.04975e-006,0.00670447
1.0498e-006,0.00659656
1.04985e-006,0.00649549
1.0499e-006,0.00639786
1.04995e-006,0.0063242
1.05e-006,0.00624883
1.05005e-006,0.00621286
1.0501e-006,0.00617689
1.05015e-006,0.00622485
1.0502e-006,0.00630707
1.05025e-006,0.00633105
1.0503e-006,0.00642869
1.05035e-006,0.00646809
1.0504e-006,0.00647665
1.05045e-006,0.0064835
1.0505e-006,0.00642869
1.05055e-006,0.00637559
1.0506e-006,0.00630536
1.05065e-006,0.00623513
1.0507e-006,0.00616832
1.05075e-006,0.00613064
1.0508e-006,0.00610494
1.05085e-006,0.0060724
1.0509e-006,0.00608781
1.05095e-006,0.00610494
1.051e-006,0.00611351
1.05105e-006,0.00614948
1.0511e-006,0.00619573
1.05115e-006,0.00621457
1.0512e-006,0.00621457
1.05125e-006,0.00621628
1.0513e-006,0.00619915
1.05135e-006,0.00615291
1.0514e-006,0.00611865
1.05145e-006,0.00611008
1.0515e-006,0.00603471
1.05155e-006,0.00604842
1.0516e-006,0.00605869
1.05165e-006,0.00611351
1.0517e-006,0.00614777
1.05175e-006,0.00621628
1.0518e-006,0.00629165
1.05185e-006,0.00640471
1.0519e-006,0.00650406
1.05195e-006,0.0065623
1.052e-006,0.00660855
1.05205e-006,0.00660684
1.0521e-006,0.00662739
1.05215e-006,0.00663082
1.0522e-006,0.00661197
1.05225e-006,0.00661197
1.0523e-006,0.00664623
1.05235e-006,0.00666336
1.0524e-006,0.00671133
1.05245e-006,0.00674216
1.0525e-006,0.00675586
1.05255e-006,0.0067473
1.0526e-006,0.00676957
1.05265e-006,0.0067473
1.0527e-006,0.00671646
1.05275e-006,0.00664966
1.0528e-006,0.00656744
1.05285e-006,0.0064835
1.0529e-006,0.00637388
1.05295e-006,0.00627452
1.053e-006,0.00620601
1.05305e-006,0.00613749
1.0531e-006,0.00610666
1.05315e-006,0.00610666
1.0532e-006,0.00612207
1.05325e-006,0.00614948
1.0533e-006,0.00615976
1.05335e-006,0.00615291
1.0534e-006,0.00613064
1.05345e-006,0.00613064
1.0535e-006,0.00607925
1.05355e-006,0.00603985
1.0536e-006,0.00601758
1.05365e-006,0.00599018
1.0537e-006,0.00601416
1.05375e-006,0.00606897
1.0538e-006,0.0061392
1.05385e-006,0.00623684
1.0539e-006,0.00633448
1.05395e-006,0.00645952
1.054e-006,0.00659142
1.05405e-006,0.00670105
1.0541e-006,0.00676785
1.05415e-006,0.00680725
1.0542e-006,0.00678156
1.05425e-006,0.00674045
1.0543e-006,0.00665309
1.05435e-006,0.00654688
1.0544e-006,0.006403
1.05445e-006,0.00629679
1.0545e-006,0.00621286
1.05455e-006,0.00615976
1.0546e-006,0.00609638
1.05465e-006,0.00610152
1.0547e-006,0.00611693
1.05475e-006,0.00616147
1.0548e-006,0.00620087
1.05485e-006,0.00625739
1.0549e-006,0.00628994
1.05495e-006,0.00632763
1.055e-006,0.0063773
1.05505e-006,0.00641327
1.0551e-006,0.00643897
1.05515e-006,0.00644582
1.0552e-006,0.00647323
1.05525e-006,0.00651948
1.0553e-006,0.00655031
1.05535e-006,0.00658971
1.0554e-006,0.00662397
1.05545e-006,0.0066411
1.0555e-006,0.00667707
1.05555e-006,0.00666679
1.0556e-006,0.00667364
1.05565e-006,0.00664281
1.0557e-006,0.00658457
1.05575e-006,0.00653832
1.0558e-006,0.00649036
1.05585e-006,0.00642184
1.0559e-006,0.00637216
1.05595e-006,0.00630193
1.056e-006,0.00625226
1.05605e-006,0.00618888
1.0561e-006,0.00614605
1.05615e-006,0.0060724
1.0562e-006,0.00605184
1.05625e-006,0.00601416
1.0563e-006,0.00600559
1.05635e-006,0.00599703
1.0564e-006,0.00597133
1.05645e-006,0.00597133
1.0565e-006,0.00597133
1.05655e-006,0.00600045
1.0566e-006,0.00606212
1.05665e-006,0.00609638
1.0567e-006,0.00620772
1.05675e-006,0.00627624
1.0568e-006,0.00638587
1.05685e-006,0.00644411
1.0569e-006,0.00653832
1.05695e-006,0.00660684
1.057e-006,0.00662054
1.05705e-006,0.00661711
1.0571e-006,0.00655716
1.05715e-006,0.00649892
1.0572e-006,0.00642355
1.05725e-006,0.00632077
1.0573e-006,0.00620601
1.05735e-006,0.00612207
1.0574e-006,0.00607411
1.05745e-006,0.00602443
1.0575e-006,0.00596962
1.05755e-006,0.0059799
1.0576e-006,0.00598675
1.05765e-006,0.00604328
1.0577e-006,0.0060861
1.05775e-006,0.00620087
1.0578e-006,0.00625226
1.05785e-006,0.00629508
1.0579e-006,0.0063379
1.05795e-006,0.00637045
1.058e-006,0.006391
1.05805e-006,0.00640471
1.0581e-006,0.00638244
1.05815e-006,0.00637559
1.0582e-006,0.00631221
1.05825e-006,0.0062848
1.0583e-006,0.00624883
1.05835e-006,0.00618716
1.0584e-006,0.00616661
1.05845e-006,0.00613235
1.0585e-006,0.00611351
1.05855e-006,0.00610494
1.0586e-006,0.00610837
1.05865e-006,0.00611179
1.0587e-006,0.00611693
1.05875e-006,0.00613406
1.0588e-006,0.00617689
1.05885e-006,0.00621457
1.0589e-006,0.00626425
1.05895e-006,0.0063242
1.059e-006,0.00637901
1.05905e-006,0.00641499
1.0591e-006,0.00642698
1.05915e-006,0.00642012
1.0592e-006,0.00639443
1.05925e-006,0.00632763
1.0593e-006,0.00630707
1.05935e-006,0.00625226
1.0594e-006,0.00621286
1.05945e-006,0.00618545
1.0595e-006,0.00615633
1.05955e-006,0.00615804
1.0596e-006,0.00617689
1.05965e-006,0.00621971
1.0597e-006,0.0062711
1.05975e-006,0.00635846
1.0598e-006,0.00645267
1.05985e-006,0.00653147
1.0599e-006,0.00659998
1.05995e-006,0.0066685
1.06e-006,0.00666165
1.06005e-006,0.00663082
1.0601e-006,0.00656744
1.06015e-006,0.00652119
1.0602e-006,0.00645096
1.06025e-006,0.00640642
1.0603e-006,0.00633962
1.06035e-006,0.00628309
1.0604e-006,0.00621457
1.06045e-006,0.00618888
1.0605e-006,0.0061649
1.06055e-006,0.00617003
1.0606e-006,0.0061786
1.06065e-006,0.00620943
1.0607e-006,0.00629508
1.06075e-006,0.00637216
1.0608e-006,0.0064167
1.06085e-006,0.00647323
1.0609e-006,0.00657943
1.06095e-006,0.00666165
1.061e-006,0.00674387
1.06105e-006,0.00678327
1.0611e-006,0.00682609
1.06115e-006,0.00686892
1.0612e-006,0.00684836
1.06125e-006,0.00683637
1.0613e-006,0.00678327
1.06135e-006,0.00672332
1.0614e-006,0.0066291
1.06145e-006,0.00658628
1.0615e-006,0.00653661
1.06155e-006,0.00650406
1.0616e-006,0.00643554
1.06165e-006,0.00640128
1.0617e-006,0.0063773
1.06175e-006,0.00634647
1.0618e-006,0.00636531
1.06185e-006,0.00636188
1.0619e-006,0.00634133
1.06195e-006,0.00635161
1.062e-006,0.00634989
1.06205e-006,0.00634133
1.0621e-006,0.00630364
1.06215e-006,0.00634304
1.0622e-006,0.00633105
1.06225e-006,0.0063773
1.0623e-006,0.00641499
1.06235e-006,0.00644068
1.0624e-006,0.00649721
1.06245e-006,0.00651091
1.0625e-006,0.00653489
1.06255e-006,0.00656744
1.0626e-006,0.00659485
1.06265e-006,0.00658799
1.0627e-006,0.00655373
1.06275e-006,0.0065486
1.0628e-006,0.00651776
1.06285e-006,0.00649549
1.0629e-006,0.00648522
1.06295e-006,0.00643383
1.063e-006,0.00638244
1.06305e-006,0.00636874
1.0631e-006,0.00631564
1.06315e-006,0.0062454
1.0632e-006,0.00621115
1.06325e-006,0.00616661
1.0633e-006,0.00616318
1.06335e-006,0.00614263
1.0634e-006,0.00611008
1.06345e-006,0.00611179
1.0635e-006,0.00614091
1.06355e-006,0.00618203
1.0636e-006,0.00626253
1.06365e-006,0.00630878
1.0637e-006,0.00639272
1.06375e-006,0.00647837
1.0638e-006,0.00655202
1.06385e-006,0.00658114
1.0639e-006,0.00661369
1.06395e-006,0.00661369
1.064e-006,0.00659827
1.06405e-006,0.00654003
1.0641e-006,0.0064167
1.06415e-006,0.00630193
1.0642e-006,0.0061786
1.06425e-006,0.00607582
1.0643e-006,0.006033
1.06435e-006,0.00598161
1.0644e-006,0.00598332
1.06445e-006,0.00602957
1.0645e-006,0.00610152
1.06455e-006,0.00619059
1.0646e-006,0.00627795
1.06465e-006,0.00637216
1.0647e-006,0.00643554
1.06475e-006,0.00648693
1.0648e-006,0.00649549
1.06485e-006,0.00647151
1.0649e-006,0.00640471
1.06495e-006,0.00631221
1.065e-006,0.00619744
1.06505e-006,0.00606383
1.0651e-006,0.00592851
1.06515e-006,0.00585657
1.0652e-006,0.00580004
1.06525e-006,0.00581032
1.0653e-006,0.00582402
1.06535e-006,0.005848
1.0654e-006,0.00593707
1.06545e-006,0.00602101
1.0655e-006,0.00607925
1.06555e-006,0.00615119
1.0656e-006,0.00618888
1.06565e-006,0.00617175
1.0657e-006,0.00614091
1.06575e-006,0.00610837
1.0658e-006,0.00601244
1.06585e-006,0.00595763
1.0659e-006,0.00587541
1.06595e-006,0.00584286
1.066e-006,0.00582231
1.06605e-006,0.00580518
1.0661e-006,0.00581203
1.06615e-006,0.00583772
1.0662e-006,0.00591138
1.06625e-006,0.00596962
1.0663e-006,0.00605869
1.06635e-006,0.00614777
1.0664e-006,0.00622999
1.06645e-006,0.00630536
1.0665e-006,0.0063379
1.06655e-006,0.00637045
1.0666e-006,0.00634647
1.06665e-006,0.00632763
1.0667e-006,0.00630707
1.06675e-006,0.00627281
1.0668e-006,0.00624198
1.06685e-006,0.00620772
1.0669e-006,0.00617003
1.06695e-006,0.00616147
1.067e-006,0.00614777
1.06705e-006,0.00611522
1.0671e-006,0.00611351
1.06715e-006,0.00611693
1.0672e-006,0.00613578
1.06725e-006,0.00613235
1.0673e-006,0.00617346
1.06735e-006,0.00616147
1.0674e-006,0.00615119
1.06745e-006,0.00611351
1.0675e-006,0.00611008
1.06755e-006,0.00611179
1.0676e-006,0.00607754
1.06765e-006,0.00608781
1.0677e-006,0.00611693
1.06775e-006,0.00611865
1.0678e-006,0.00615119
1.06785e-006,0.00615291
1.0679e-006,0.00618545
1.06795e-006,0.0062317
1.068e-006,0.00622314
1.06805e-006,0.00620601
1.0681e-006,0.00625397
1.06815e-006,0.00622142
1.0682e-006,0.00617517
1.06825e-006,0.00613578
1.0683e-006,0.00605527
1.06835e-006,0.00602443
1.0684e-006,0.0059405
1.06845e-006,0.00586513
1.0685e-006,0.00581032
1.06855e-006,0.00575721
1.0686e-006,0.00575208
1.06865e-006,0.00575036
1.0687e-006,0.00574008
1.06875e-006,0.00577777
1.0688e-006,0.00587712
1.06885e-006,0.0059405
1.0689e-006,0.00605527
1.06895e-006,0.00622999
1.069e-006,0.00634647
1.06905e-006,0.00646466
1.0691e-006,0.00658114
1.06915e-006,0.00668392
1.0692e-006,0.00676271
1.06925e-006,0.00685179
1.0693e-006,0.00685864
1.06935e-006,0.00682952
1.0694e-006,0.00672846
1.06945e-006,0.00666679
1.0695e-006,0.00656401
1.06955e-006,0.00644582
1.0696e-006,0.00633962
1.06965e-006,0.00626082
1.0697e-006,0.00618716
1.06975e-006,0.0061786
1.0698e-006,0.00619402
1.06985e-006,0.00622485
1.0699e-006,0.00628652
1.06995e-006,0.00638244
1.07e-006,0.00647494
1.07005e-006,0.00655202
1.0701e-006,0.00659656
1.07015e-006,0.00668049
1.0702e-006,0.00673873
1.07025e-006,0.006761
1.0703e-006,0.00679526
1.07035e-006,0.00680725
1.0704e-006,0.00682952
1.07045e-006,0.00688947
1.0705e-006,0.00689975
1.07055e-006,0.006946
1.0706e-006,0.00694943
1.07065e-006,0.00697169
1.0707e-006,0.00700424
1.07075e-006,0.00700253
1.0708e-006,0.00699225
1.07085e-006,0.00695799
1.0709e-006,0.00690146
1.07095e-006,0.00681239
1.071e-006,0.00670961
1.07105e-006,0.00658971
1.0711e-006,0.00644753
1.07115e-006,0.00633619
1.0712e-006,0.00621286
1.07125e-006,0.00610323
1.0713e-006,0.00599189
1.07135e-006,0.00591823
1.0714e-006,0.0058874
1.07145e-006,0.00589082
1.0715e-006,0.00590453
1.07155e-006,0.00595934
1.0716e-006,0.00600388
1.07165e-006,0.00608953
1.0717e-006,0.00620258
1.07175e-006,0.00625739
1.0718e-006,0.00631564
1.07185e-006,0.00640642
1.0719e-006,0.00644753
1.07195e-006,0.00648008
1.072e-006,0.00650063
1.07205e-006,0.00648522
1.0721e-006,0.00647837
1.07215e-006,0.00641156
1.0722e-006,0.00634647
1.07225e-006,0.00624883
1.0723e-006,0.00620943
1.07235e-006,0.0061392
1.0724e-006,0.00605698
1.07245e-006,0.00602615
1.0725e-006,0.00602101
1.07255e-006,0.00605184
1.0726e-006,0.00606212
1.07265e-006,0.00611522
1.0727e-006,0.00618031
1.07275e-006,0.00625568
1.0728e-006,0.00633105
1.07285e-006,0.00640813
1.0729e-006,0.00645781
1.07295e-006,0.00648693
1.073e-006,0.00649378
1.07305e-006,0.00647494
1.0731e-006,0.00640985
1.07315e-006,0.00633105
1.0732e-006,0.00627281
1.07325e-006,0.00617346
1.0733e-006,0.00607582
1.07335e-006,0.00604842
1.0734e-006,0.00604328
1.07345e-006,0.00602443
1.0735e-006,0.00605355
1.07355e-006,0.0060998
1.0736e-006,0.00617346
1.07365e-006,0.00621971
1.0737e-006,0.00625226
1.07375e-006,0.00630364
1.0738e-006,0.00632591
1.07385e-006,0.00632249
1.0739e-006,0.00630193
1.07395e-006,0.0062848
1.074e-006,0.00625397
1.07405e-006,0.00620943
1.0741e-006,0.00620087
1.07415e-006,0.006218
1.0742e-006,0.00622314
1.07425e-006,0.00624883
1.0743e-006,0.00629508
1.07435e-006,0.00635503
1.0744e-006,0.00642698
1.07445e-006,0.0064561
1.0745e-006,0.00651262
1.07455e-006,0.00652119
1.0746e-006,0.00655545
1.07465e-006,0.00654688
1.0747e-006,0.00651948
1.07475e-006,0.00646809
1.0748e-006,0.00642012
1.07485e-006,0.00638929
1.0749e-006,0.00631735
1.07495e-006,0.00625568
1.075e-006,0.00619915
1.07505e-006,0.00616832
1.0751e-006,0.00612892
1.07515e-006,0.00609466
1.0752e-006,0.00602786
1.07525e-006,0.00599874
1.0753e-006,0.00602786
1.07535e-006,0.00603471
1.0754e-006,0.00605698
1.07545e-006,0.00611179
1.0755e-006,0.00614948
1.07555e-006,0.00620258
1.0756e-006,0.00625226
1.07565e-006,0.00629165
1.0757e-006,0.00630536
1.07575e-006,0.00629679
1.0758e-006,0.00625397
1.07585e-006,0.00618203
1.0759e-006,0.00609124
1.07595e-006,0.0059936
1.076e-006,0.00586342
1.07605e-006,0.00571096
1.0761e-006,0.00560819
1.07615e-006,0.00554138
1.0762e-006,0.00546944
1.07625e-006,0.00545916
1.0763e-006,0.00548828
1.07635e-006,0.00559962
1.0764e-006,0.00573323
1.07645e-006,0.00588226
1.0765e-006,0.00608781
1.07655e-006,0.00629679
1.0766e-006,0.00645952
1.07665e-006,0.00656573
1.0767e-006,0.00666165
1.07675e-006,0.00673188
1.0768e-006,0.00673017
1.07685e-006,0.00668563
1.0769e-006,0.00661369
1.07695e-006,0.0065092
1.077e-006,0.00637216
1.07705e-006,0.00625397
1.0771e-006,0.00612207
1.07715e-006,0.00601587
1.0772e-006,0.00594564
1.07725e-006,0.00590795
1.0773e-006,0.0059011
1.07735e-006,0.00594906
1.0774e-006,0.00603985
1.07745e-006,0.00615291
1.0775e-006,0.00628994
1.07755e-006,0.00638244
1.0776e-006,0.00647665
1.07765e-006,0.00655031
1.0777e-006,0.00663082
1.07775e-006,0.00669591
1.0778e-006,0.00671475
1.07785e-006,0.00670105
1.0779e-006,0.0067079
1.07795e-006,0.00666508
1.078e-006,0.00658457
1.07805e-006,0.00649207
1.0781e-006,0.00641499
1.07815e-006,0.00632591
1.0782e-006,0.00625054
1.07825e-006,0.0061649
1.0783e-006,0.00610666
1.07835e-006,0.00605013
1.0784e-006,0.00600388
1.07845e-006,0.00598504
1.0785e-006,0.00592508
1.07855e-006,0.00591994
1.0786e-006,0.00587712
1.07865e-006,0.00584971
1.0787e-006,0.00582059
1.07875e-006,0.00573495
1.0788e-006,0.00568356
1.07885e-006,0.00564587
1.0789e-006,0.00563388
1.07895e-006,0.00561675
1.079e-006,0.00562703
1.07905e-006,0.00562189
1.0791e-006,0.00569384
1.07915e-006,0.00577434
1.0792e-006,0.00584971
1.07925e-006,0.00597133
1.0793e-006,0.00611179
1.07935e-006,0.00622656
1.0794e-006,0.00632249
1.07945e-006,0.00638415
1.0795e-006,0.00644924
1.07955e-006,0.00647837
1.0796e-006,0.00646637
1.07965e-006,0.0064561
1.0797e-006,0.00637045
1.07975e-006,0.00631735
1.0798e-006,0.00621628
1.07985e-006,0.00611865
1.0799e-006,0.00599874
1.07995e-006,0.00590453
1.08e-006,0.00582402
1.08005e-006,0.00576921
1.0801e-006,0.00569726
1.08015e-006,0.00566985
1.0802e-006,0.00569897
1.08025e-006,0.00572981
1.0803e-006,0.00580518
1.08035e-006,0.00590795
1.0804e-006,0.00594735
1.08045e-006,0.00601758
1.0805e-006,0.00608781
1.08055e-006,0.00614263
1.0806e-006,0.00614605
1.08065e-006,0.00614948
1.0807e-006,0.00613064
1.08075e-006,0.00611522
1.0808e-006,0.0060998
1.08085e-006,0.00609466
1.0809e-006,0.00614434
1.08095e-006,0.00617689
1.081e-006,0.00622142
1.08105e-006,0.00626425
1.0811e-006,0.00633619
1.08115e-006,0.00642355
1.0812e-006,0.0064698
1.08125e-006,0.00647837
1.0813e-006,0.00651948
1.08135e-006,0.00649549
1.0814e-006,0.00650577
1.08145e-006,0.00644753
1.0815e-006,0.00639957
1.08155e-006,0.00635503
1.0816e-006,0.00632077
1.08165e-006,0.00627452
1.0817e-006,0.00625054
1.08175e-006,0.00625568
1.0818e-006,0.00626082
1.08185e-006,0.00628138
1.0819e-006,0.00632591
1.08195e-006,0.00633448
1.082e-006,0.00636017
1.08205e-006,0.00635675
1.0821e-006,0.00635332
1.08215e-006,0.00635332
1.0822e-006,0.00632934
1.08225e-006,0.00630022
1.0823e-006,0.00630707
1.08235e-006,0.00628309
1.0824e-006,0.00628309
1.08245e-006,0.00629851
1.0825e-006,0.00627966
1.08255e-006,0.00624198
1.0826e-006,0.00623513
1.08265e-006,0.0062317
1.0827e-006,0.00619573
1.08275e-006,0.00618031
1.0828e-006,0.00621457
1.08285e-006,0.00619573
1.0829e-006,0.00622314
1.08295e-006,0.00626082
1.083e-006,0.00627624
1.08305e-006,0.00627624
1.0831e-006,0.00632249
1.08315e-006,0.00638244
1.0832e-006,0.00637388
1.08325e-006,0.00635846
1.0833e-006,0.00632077
1.08335e-006,0.0063105
1.0834e-006,0.00628652
1.08345e-006,0.00625397
1.0835e-006,0.00621286
1.08355e-006,0.00615291
1.0836e-006,0.00609295
1.08365e-006,0.0060073
1.0837e-006,0.0059542
1.08375e-006,0.00589082
1.0838e-006,0.0058086
1.08385e-006,0.00574694
1.0839e-006,0.00565101
1.08395e-006,0.00557564
1.084e-006,0.00553796
1.08405e-006,0.0055037
1.0841e-006,0.00551226
1.08415e-006,0.00554995
1.0842e-006,0.00561504
1.08425e-006,0.00570754
1.0843e-006,0.00582916
1.08435e-006,0.00591309
1.0844e-006,0.00604499
1.08445e-006,0.00611351
1.0845e-006,0.00618374
1.08455e-006,0.006218
1.0846e-006,0.00620429
1.08465e-006,0.0061923
1.0847e-006,0.00617517
1.08475e-006,0.0061255
1.0848e-006,0.00607068
1.08485e-006,0.00605527
1.0849e-006,0.00606897
1.08495e-006,0.00611351
1.085e-006,0.00617689
1.08505e-006,0.00623341
1.0851e-006,0.00633448
1.08515e-006,0.00639443
1.0852e-006,0.00646124
1.08525e-006,0.00649892
1.0853e-006,0.00651605
1.08535e-006,0.00651434
1.0854e-006,0.00652461
1.08545e-006,0.00645781
1.0855e-006,0.00639957
1.08555e-006,0.00633962
1.0856e-006,0.00630193
1.08565e-006,0.00625054
1.0857e-006,0.00620258
1.08575e-006,0.00618374
1.0858e-006,0.00615119
1.08585e-006,0.00614434
1.0859e-006,0.0061786
1.08595e-006,0.00619573
1.086e-006,0.006218
1.08605e-006,0.00622485
1.0861e-006,0.00623513
1.08615e-006,0.00622827
1.0862e-006,0.00623341
1.08625e-006,0.006218
1.0863e-006,0.00618716
1.08635e-006,0.00616832
1.0864e-006,0.00617689
1.08645e-006,0.00617003
1.0865e-006,0.00616832
1.08655e-006,0.00616318
1.0866e-006,0.00618203
1.08665e-006,0.00620601
1.0867e-006,0.00624883
1.08675e-006,0.00627281
1.0868e-006,0.00631564
1.08685e-006,0.00640813
1.0869e-006,0.00647665
1.08695e-006,0.00654346
1.087e-006,0.00661026
1.08705e-006,0.00664966
1.0871e-006,0.00670447
1.08715e-006,0.00674387
1.0872e-006,0.00673873
1.08725e-006,0.00675586
1.0873e-006,0.00671818
1.08735e-006,0.00662054
1.0874e-006,0.00653832
1.08745e-006,0.00643897
1.0875e-006,0.00628994
1.08755e-006,0.00615119
1.0876e-006,0.00606041
1.08765e-006,0.00599189
1.0877e-006,0.00593022
1.08775e-006,0.00592508
1.0878e-006,0.00593022
1.08785e-006,0.0059936
1.0879e-006,0.00612721
1.08795e-006,0.00626425
1.088e-006,0.00635846
1.08805e-006,0.0064698
1.0881e-006,0.00657258
1.08815e-006,0.00660341
1.0882e-006,0.0066291
1.08825e-006,0.00659998
1.0883e-006,0.00651262
1.08835e-006,0.00639614
1.0884e-006,0.00625397
1.08845e-006,0.00614605
1.0885e-006,0.00600045
1.08855e-006,0.00585314
1.0886e-006,0.00575036
1.08865e-006,0.0057024
1.0887e-006,0.00570754
1.08875e-006,0.00572809
1.0888e-006,0.00579147
1.08885e-006,0.00589939
1.0889e-006,0.00598161
1.08895e-006,0.00609809
1.089e-006,0.00623513
1.08905e-006,0.00635846
1.0891e-006,0.00650235
1.08915e-006,0.00661711
1.0892e-006,0.00668221
1.08925e-006,0.00672674
1.0893e-006,0.00676957
1.08935e-006,0.00675072
1.0894e-006,0.0067079
1.08945e-006,0.00667878
1.0895e-006,0.00658457
1.08955e-006,0.00653661
1.0896e-006,0.00643897
1.08965e-006,0.00634476
1.0897e-006,0.00621628
1.08975e-006,0.00614434
1.0898e-006,0.00606554
1.08985e-006,0.00600559
1.0899e-006,0.00596277
1.08995e-006,0.00593707
1.09e-006,0.00593879
1.09005e-006,0.00594393
1.0901e-006,0.00595592
1.09015e-006,0.00599874
1.0902e-006,0.00602272
1.09025e-006,0.00605184
1.0903e-006,0.00612379
1.09035e-006,0.00620772
1.0904e-006,0.00628138
1.09045e-006,0.00634133
1.0905e-006,0.00642869
1.09055e-006,0.00644411
1.0906e-006,0.00647323
1.09065e-006,0.00649378
1.0907e-006,0.00651948
1.09075e-006,0.00651605
1.0908e-006,0.00651434
1.09085e-006,0.00650063
1.0909e-006,0.00651091
1.09095e-006,0.00649721
1.091e-006,0.00648008
1.09105e-006,0.00643212
1.0911e-006,0.00644753
1.09115e-006,0.0064561
1.0912e-006,0.00647151
1.09125e-006,0.00649378
1.0913e-006,0.00650235
1.09135e-006,0.00650406
1.0914e-006,0.00646637
1.09145e-006,0.00645267
1.0915e-006,0.00637045
1.09155e-006,0.00633276
1.0916e-006,0.00626425
1.09165e-006,0.00620943
1.0917e-006,0.00611522
1.09175e-006,0.00604328
1.0918e-006,0.00602786
1.09185e-006,0.00600217
1.0919e-006,0.0060073
1.09195e-006,0.00605698
1.092e-006,0.00608096
1.09205e-006,0.00613235
1.0921e-006,0.00619744
1.09215e-006,0.00622142
1.0922e-006,0.006218
1.09225e-006,0.0062454
1.0923e-006,0.00624198
1.09235e-006,0.00622485
1.0924e-006,0.00618203
1.09245e-006,0.00615804
1.0925e-006,0.00608267
1.09255e-006,0.00603471
1.0926e-006,0.00602957
1.09265e-006,0.00600217
1.0927e-006,0.00600045
1.09275e-006,0.00601244
1.0928e-006,0.00605184
1.09285e-006,0.00603471
1.0929e-006,0.00605527
1.09295e-006,0.00603471
1.093e-006,0.006033
1.09305e-006,0.00603814
1.0931e-006,0.00606212
1.09315e-006,0.00609809
1.0932e-006,0.00610152
1.09325e-006,0.0061649
1.0933e-006,0.00625226
1.09335e-006,0.00627966
1.0934e-006,0.00635332
1.09345e-006,0.00640642
1.0935e-006,0.00643383
1.09355e-006,0.00648179
1.0936e-006,0.00648008
1.09365e-006,0.00646637
1.0937e-006,0.00642184
1.09375e-006,0.00638415
1.0938e-006,0.00630536
1.09385e-006,0.00623341
1.0939e-006,0.0061649
1.09395e-006,0.00613064
1.094e-006,0.00610152
1.09405e-006,0.00612721
1.0941e-006,0.00612036
1.09415e-006,0.00614777
1.0942e-006,0.00617689
1.09425e-006,0.00624883
1.0943e-006,0.00631906
1.09435e-006,0.00639614
1.0944e-006,0.00644068
1.09445e-006,0.00652975
1.0945e-006,0.00653661
1.09455e-006,0.00657429
1.0946e-006,0.0066017
1.09465e-006,0.00658799
1.0947e-006,0.00655545
1.09475e-006,0.00648179
1.0948e-006,0.00641499
1.09485e-006,0.00633619
1.0949e-006,0.00627795
1.09495e-006,0.0061923
1.095e-006,0.00613406
1.09505e-006,0.00607754
1.0951e-006,0.00607582
1.09515e-006,0.00610837
1.0952e-006,0.00615976
1.09525e-006,0.006218
1.0953e-006,0.00628823
1.09535e-006,0.00630707
1.0954e-006,0.00636531
1.09545e-006,0.0064167
1.0955e-006,0.00639957
1.09555e-006,0.00634818
1.0956e-006,0.00624027
1.09565e-006,0.00616661
1.0957e-006,0.00605013
1.09575e-006,0.0059268
1.0958e-006,0.00577777
1.09585e-006,0.00568013
1.0959e-006,0.00562018
1.09595e-006,0.00556536
1.096e-006,0.00558249
1.09605e-006,0.00567328
1.0961e-006,0.00575379
1.09615e-006,0.00585314
1.0962e-006,0.00597476
1.09625e-006,0.00607754
1.0963e-006,0.00619744
1.09635e-006,0.00626253
1.0964e-006,0.00629508
1.09645e-006,0.00632763
1.0965e-006,0.00629508
1.09655e-006,0.00627452
1.0966e-006,0.00623513
1.09665e-006,0.00620943
1.0967e-006,0.0061649
1.09675e-006,0.00613064
1.0968e-006,0.00613235
1.09685e-006,0.00613406
1.0969e-006,0.00615291
1.09695e-006,0.00613578
1.097e-006,0.00618545
1.09705e-006,0.00621286
1.0971e-006,0.0062317
1.09715e-006,0.00622314
1.0972e-006,0.00624198
1.09725e-006,0.00622827
1.0973e-006,0.00622485
1.09735e-006,0.00622142
1.0974e-006,0.00615976
1.09745e-006,0.00611693
1.0975e-006,0.00609638
1.09755e-006,0.00606212
1.0976e-006,0.00604156
1.09765e-006,0.00601758
1.0977e-006,0.00599531
1.09775e-006,0.00600388
1.0978e-006,0.00597476
1.09785e-006,0.0060073
1.0979e-006,0.00597476
1.09795e-006,0.00598161
1.098e-006,0.00601416
1.09805e-006,0.006033
1.0981e-006,0.00606897
1.09815e-006,0.00612207
1.0982e-006,0.0061786
1.09825e-006,0.00622656
1.0983e-006,0.00627624
1.09835e-006,0.00632763
1.0984e-006,0.00637216
1.09845e-006,0.00642869
1.0985e-006,0.00646809
1.09855e-006,0.0064835
1.0986e-006,0.00648693
1.09865e-006,0.0064835
1.0987e-006,0.00640128
1.09875e-006,0.00637216
1.0988e-006,0.00634647
1.09885e-006,0.00630878
1.0989e-006,0.00620601
1.09895e-006,0.00618374
1.099e-006,0.00614091
1.09905e-006,0.00612207
1.0991e-006,0.00607582
1.09915e-006,0.00602957
1.0992e-006,0.00602957
1.09925e-006,0.00599703
1.0993e-006,0.00596791
1.09935e-006,0.00596791
1.0994e-006,0.0059542
1.09945e-006,0.00591994
1.0995e-006,0.00589768
1.09955e-006,0.00589082
1.0996e-006,0.00587369
1.09965e-006,0.00583944
1.0997e-006,0.00582231
1.09975e-006,0.00585999
1.0998e-006,0.00584629
1.09985e-006,0.00587883
1.0999e-006,0.00592337
1.09995e-006,0.00599018
1.1e-006,0.00604842
1.10005e-006,0.00616318
1.1001e-006,0.00626082
1.10015e-006,0.00637216
1.1002e-006,0.0064698
1.10025e-006,0.00660684
1.1003e-006,0.00669248
1.10035e-006,0.00673188
1.1004e-006,0.0067473
1.10045e-006,0.00677128
1.1005e-006,0.0067473
1.10055e-006,0.00666679
1.1006e-006,0.0066154
1.10065e-006,0.00650749
1.1007e-006,0.00639443
1.10075e-006,0.0062711
1.1008e-006,0.00618888
1.10085e-006,0.00610152
1.1009e-006,0.00604842
1.10095e-006,0.00604156
1.101e-006,0.00603471
1.10105e-006,0.00608781
1.1011e-006,0.00615291
1.10115e-006,0.00621115
1.1012e-006,0.00626596
1.10125e-006,0.00635161
1.1013e-006,0.00636531
1.10135e-006,0.00641156
1.1014e-006,0.00647494
1.10145e-006,0.00645781
1.1015e-006,0.00644068
1.10155e-006,0.00643212
1.1016e-006,0.00644753
1.10165e-006,0.0064561
1.1017e-006,0.00643725
1.10175e-006,0.00644582
1.1018e-006,0.00639272
1.10185e-006,0.00635846
1.1019e-006,0.00636874
1.10195e-006,0.00628994
1.102e-006,0.00620943
1.10205e-006,0.00611693
1.1021e-006,0.00596277
1.10215e-006,0.00581203
1.1022e-006,0.00568698
1.10225e-006,0.00558249
1.1023e-006,0.00550199
1.10235e-006,0.0054112
1.1024e-006,0.00540949
1.10245e-006,0.00541976
1.1025e-006,0.00546944
1.10255e-006,0.00561161
1.1026e-006,0.00575036
1.10265e-006,0.00590624
1.1027e-006,0.00603642
1.10275e-006,0.00619059
1.1028e-006,0.0063105
1.10285e-006,0.00636874
1.1029e-006,0.006391
1.10295e-006,0.006403
1.103e-006,0.0063773
1.10305e-006,0.00633962
1.1031e-006,0.00630364
1.10315e-006,0.00626939
1.1032e-006,0.00628309
1.10325e-006,0.00629851
1.1033e-006,0.00633962
1.10335e-006,0.00642184
1.1034e-006,0.00650749
1.10345e-006,0.0066017
1.1035e-006,0.00666508
1.10355e-006,0.00666165
1.1036e-006,0.00663596
1.10365e-006,0.00658799
1.1037e-006,0.00648179
1.10375e-006,0.00633448
1.1038e-006,0.00623684
1.10385e-006,0.00611693
1.1039e-006,0.00595078
1.10395e-006,0.00587712
1.104e-006,0.00582573
1.10405e-006,0.00580346
1.1041e-006,0.00586513
1.10415e-006,0.00596448
1.1042e-006,0.00603129
1.10425e-006,0.00615633
1.1043e-006,0.00627281
1.10435e-006,0.00636017
1.1044e-006,0.0064167
1.10445e-006,0.00640813
1.1045e-006,0.00642012
1.10455e-006,0.00636531
1.1046e-006,0.00629679
1.10465e-006,0.00620772
1.1047e-006,0.00613406
1.10475e-006,0.00604842
1.1048e-006,0.0059542
1.10485e-006,0.00588911
1.1049e-006,0.00586513
1.10495e-006,0.00583944
1.105e-006,0.00583944
1.10505e-006,0.00585999
1.1051e-006,0.0059011
1.10515e-006,0.00594906
1.1052e-006,0.00599531
1.10525e-006,0.00606041
1.1053e-006,0.0061255
1.10535e-006,0.0061649
1.1054e-006,0.00622142
1.10545e-006,0.00630193
1.1055e-006,0.00632934
1.10555e-006,0.00638244
1.1056e-006,0.00640813
1.10565e-006,0.00648864
1.1057e-006,0.00654517
1.10575e-006,0.0065229
1.1058e-006,0.00656573
1.10585e-006,0.00653489
1.1059e-006,0.00649549
1.10595e-006,0.00647837
1.106e-006,0.00644924
1.10605e-006,0.00640813
1.1061e-006,0.00640813
1.10615e-006,0.00635503
1.1062e-006,0.00628823
1.10625e-006,0.00623341
1.1063e-006,0.00615119
1.10635e-006,0.00611008
1.1064e-006,0.00608267
1.10645e-006,0.00604842
1.1065e-006,0.00602957
1.10655e-006,0.00602101
1.1066e-006,0.0060467
1.10665e-006,0.00606383
1.1067e-006,0.00611351
1.10675e-006,0.00612892
1.1068e-006,0.00617346
1.10685e-006,0.00620772
1.1069e-006,0.00622656
1.10695e-006,0.00625397
1.107e-006,0.00627795
1.10705e-006,0.00630878
1.1071e-006,0.00629508
1.10715e-006,0.00629851
1.1072e-006,0.00629165
1.10725e-006,0.00629508
1.1073e-006,0.0063242
1.10735e-006,0.00633619
1.1074e-006,0.00637045
1.10745e-006,0.00642526
1.1075e-006,0.00647151
1.10755e-006,0.00649721
1.1076e-006,0.00652804
1.10765e-006,0.00655716
1.1077e-006,0.0065486
1.10775e-006,0.00651776
1.1078e-006,0.00647837
1.10785e-006,0.00639614
1.1079e-006,0.00632763
1.10795e-006,0.00622485
1.108e-006,0.00614434
1.10805e-006,0.00608096
1.1081e-006,0.00603129
1.10815e-006,0.00601416
1.1082e-006,0.00600902
1.10825e-006,0.00605527
1.1083e-006,0.00611522
1.10835e-006,0.00620258
1.1084e-006,0.00627966
1.10845e-006,0.00634133
1.1085e-006,0.0064304
1.10855e-006,0.00647323
1.1086e-006,0.00655202
1.10865e-006,0.00658628
1.1087e-006,0.00658628
1.10875e-006,0.00655716
1.1088e-006,0.00649378
1.10885e-006,0.00645781
1.1089e-006,0.00638587
1.10895e-006,0.00628823
1.109e-006,0.006218
1.10905e-006,0.00615804
1.1091e-006,0.00610666
1.10915e-006,0.0060467
1.1092e-006,0.00597818
1.10925e-006,0.00593536
1.1093e-006,0.00592851
1.10935e-006,0.00591309
1.1094e-006,0.00592508
1.10945e-006,0.00591994
1.1095e-006,0.00592851
1.10955e-006,0.00599189
1.1096e-006,0.00603129
1.10965e-006,0.00608781
1.1097e-006,0.00612892
1.10975e-006,0.00615976
1.1098e-006,0.00617689
1.10985e-006,0.00618716
1.1099e-006,0.00618545
1.10995e-006,0.00615976
1.11e-006,0.0061255
1.11005e-006,0.00606554
1.1101e-006,0.00601587
1.11015e-006,0.00600217
1.1102e-006,0.00595934
1.11025e-006,0.00593707
1.1103e-006,0.0059405
1.11035e-006,0.00595249
1.1104e-006,0.00598332
1.11045e-006,0.00605184
1.1105e-006,0.00609638
1.11055e-006,0.00617346
1.1106e-006,0.00627624
1.11065e-006,0.00631906
1.1107e-006,0.00635503
1.11075e-006,0.00640128
1.1108e-006,0.00640128
1.11085e-006,0.00640128
1.1109e-006,0.00638244
1.11095e-006,0.00637901
1.111e-006,0.0063379
1.11105e-006,0.00633448
1.1111e-006,0.0063105
1.11115e-006,0.00630536
1.1112e-006,0.0063105
1.11125e-006,0.0063105
1.1113e-006,0.00630193
1.11135e-006,0.00626082
1.1114e-006,0.006218
1.11145e-006,0.00617003
1.1115e-006,0.00613235
1.11155e-006,0.00606212
1.1116e-006,0.00605355
1.11165e-006,0.00602272
1.1117e-006,0.00604499
1.11175e-006,0.00607068
1.1118e-006,0.00615119
1.11185e-006,0.00625226
1.1119e-006,0.00637559
1.11195e-006,0.00651262
1.112e-006,0.0066291
1.11205e-006,0.0067079
1.1121e-006,0.0067867
1.11215e-006,0.00682781
1.1122e-006,0.00684151
1.11225e-006,0.0068004
1.1123e-006,0.00672846
1.11235e-006,0.0066411
1.1124e-006,0.00654346
1.11245e-006,0.00644924
1.1125e-006,0.00639443
1.11255e-006,0.00631735
1.1126e-006,0.00631735
1.11265e-006,0.00633105
1.1127e-006,0.00634304
1.11275e-006,0.00638244
1.1128e-006,0.006403
1.11285e-006,0.0064167
1.1129e-006,0.00634818
1.11295e-006,0.00633619
1.113e-006,0.00626082
1.11305e-006,0.00617175
1.1131e-006,0.00605698
1.11315e-006,0.00594564
1.1132e-006,0.00583944
1.11325e-006,0.00575036
1.1133e-006,0.00563731
1.11335e-006,0.0056356
1.1134e-006,0.00559277
1.11345e-006,0.00560819
1.1135e-006,0.00566472
1.11355e-006,0.00569555
1.1136e-006,0.00574694
1.11365e-006,0.00582402
1.1137e-006,0.00593194
1.11375e-006,0.00600388
1.1138e-006,0.00608267
1.11385e-006,0.0061786
1.1139e-006,0.00624198
1.11395e-006,0.00630364
1.114e-006,0.00635332
1.11405e-006,0.00639614
1.1141e-006,0.00643383
1.11415e-006,0.00648179
1.1142e-006,0.00649378
1.11425e-006,0.00650749
1.1143e-006,0.00651948
1.11435e-006,0.00652119
1.1144e-006,0.00649036
1.11445e-006,0.00646295
1.1145e-006,0.00644239
1.11455e-006,0.00641499
1.1146e-006,0.00637559
1.11465e-006,0.00633962
1.1147e-006,0.00633962
1.11475e-006,0.00631564
1.1148e-006,0.00630707
1.11485e-006,0.00629679
1.1149e-006,0.00628823
1.11495e-006,0.00630193
1.115e-006,0.00632591
1.11505e-006,0.00632763
1.1151e-006,0.00632077
1.11515e-006,0.00629165
1.1152e-006,0.00626425
1.11525e-006,0.00625226
1.1153e-006,0.00618888
1.11535e-006,0.00619573
1.1154e-006,0.00616147
1.11545e-006,0.00611179
1.1155e-006,0.00608953
1.11555e-006,0.00605355
1.1156e-006,0.00601587
1.11565e-006,0.00599703
1.1157e-006,0.00600559
1.11575e-006,0.00601758
1.1158e-006,0.0059936
1.11585e-006,0.00600902
1.1159e-006,0.00603985
1.11595e-006,0.00602272
1.116e-006,0.00601244
1.11605e-006,0.0060073
1.1161e-006,0.00602957
1.11615e-006,0.00605527
1.1162e-006,0.00608439
1.11625e-006,0.00615633
1.1163e-006,0.00620258
1.11635e-006,0.00627452
1.1164e-006,0.00630707
1.11645e-006,0.00634647
1.1165e-006,0.00634133
1.11655e-006,0.00632763
1.1166e-006,0.00629851
1.11665e-006,0.00626425
1.1167e-006,0.0061392
1.11675e-006,0.0060467
1.1168e-006,0.00596448
1.11685e-006,0.00588911
1.1169e-006,0.00584286
1.11695e-006,0.00580004
1.117e-006,0.00581203
1.11705e-006,0.00586684
1.1171e-006,0.00595934
1.11715e-006,0.00609295
1.1172e-006,0.00621115
1.11725e-006,0.00633619
1.1173e-006,0.00644068
1.11735e-006,0.00654174
1.1174e-006,0.0065623
1.11745e-006,0.00659485
1.1175e-006,0.00657772
1.11755e-006,0.00652119
1.1176e-006,0.00648008
1.11765e-006,0.00645952
1.1177e-006,0.00639614
1.11775e-006,0.0063636
1.1178e-006,0.00636188
1.11785e-006,0.00636702
1.1179e-006,0.00639786
1.11795e-006,0.00644411
1.118e-006,0.00653489
1.11805e-006,0.00655545
1.1181e-006,0.00655031
1.11815e-006,0.00656059
1.1182e-006,0.00654517
1.11825e-006,0.00648008
1.1183e-006,0.00642012
1.11835e-006,0.00633619
1.1184e-006,0.00623513
1.11845e-006,0.00614263
1.1185e-006,0.00606554
1.11855e-006,0.00599531
1.1186e-006,0.00593022
1.11865e-006,0.00590624
1.1187e-006,0.00586342
1.11875e-006,0.00586856
1.1188e-006,0.00583772
1.11885e-006,0.00583772
1.1189e-006,0.0058343
1.11895e-006,0.00584629
1.119e-006,0.00587369
1.11905e-006,0.00588911
1.1191e-006,0.00592851
1.11915e-006,0.00598846
1.1192e-006,0.00605184
1.11925e-006,0.00609295
1.1193e-006,0.00613235
1.11935e-006,0.00618031
1.1194e-006,0.00618031
1.11945e-006,0.00615291
1.1195e-006,0.00611351
1.11955e-006,0.00605527
1.1196e-006,0.0059936
1.11965e-006,0.00592337
1.1197e-006,0.00588911
1.11975e-006,0.00589939
1.1198e-006,0.00593022
1.11985e-006,0.0059799
1.1199e-006,0.00606383
1.11995e-006,0.00615633
1.12e-006,0.00626253
1.12005e-006,0.00632591
1.1201e-006,0.00638929
1.12015e-006,0.00643725
1.1202e-006,0.006403
1.12025e-006,0.0063379
1.1203e-006,0.00625568
1.12035e-006,0.00616147
1.1204e-006,0.00604328
1.12045e-006,0.00591481
1.1205e-006,0.00579319
1.12055e-006,0.00571953
1.1206e-006,0.00567842
1.12065e-006,0.00567499
1.1207e-006,0.00566643
1.12075e-006,0.00568356
1.1208e-006,0.00571953
1.12085e-006,0.00579661
1.1209e-006,0.00580689
1.12095e-006,0.00587883
1.121e-006,0.00594564
1.12105e-006,0.00602443
1.1211e-006,0.00608439
1.12115e-006,0.00615291
1.1212e-006,0.00619915
1.12125e-006,0.00625054
1.1213e-006,0.00627452
1.12135e-006,0.00629851
1.1214e-006,0.00627966
1.12145e-006,0.0062711
1.1215e-006,0.00625739
1.12155e-006,0.00623684
1.1216e-006,0.00620429
1.12165e-006,0.00618203
1.1217e-006,0.00618374
1.12175e-006,0.00619059
1.1218e-006,0.00618203
1.12185e-006,0.00623341
1.1219e-006,0.00625397
1.12195e-006,0.00627966
1.122e-006,0.00628309
1.12205e-006,0.00632249
1.1221e-006,0.00633276
1.12215e-006,0.00627966
1.1222e-006,0.00626767
1.12225e-006,0.00621457
1.1223e-006,0.00614263
1.12235e-006,0.0061255
1.1224e-006,0.0061255
1.12245e-006,0.00611351
1.1225e-006,0.00612207
1.12255e-006,0.00614263
1.1226e-006,0.00614777
1.12265e-006,0.00617346
1.1227e-006,0.00619059
1.12275e-006,0.00620943
1.1228e-006,0.00621286
1.12285e-006,0.00620258
1.1229e-006,0.00615976
1.12295e-006,0.00613578
1.123e-006,0.00608953
1.12305e-006,0.00604328
1.1231e-006,0.00602272
1.12315e-006,0.00598675
1.1232e-006,0.00599189
1.12325e-006,0.00595934
1.1233e-006,0.00596106
1.12335e-006,0.00599531
1.1234e-006,0.0060467
1.12345e-006,0.00606383
1.1235e-006,0.00609466
1.12355e-006,0.00613064
1.1236e-006,0.00617175
1.12365e-006,0.00622827
1.1237e-006,0.00628138
1.12375e-006,0.00635675
1.1238e-006,0.00644924
1.12385e-006,0.00655545
1.1239e-006,0.00664452
1.12395e-006,0.00673873
1.124e-006,0.00680554
1.12405e-006,0.00686549
1.1241e-006,0.00688947
1.12415e-006,0.0069066
1.1242e-006,0.00685179
1.12425e-006,0.0068004
1.1243e-006,0.00672674
1.12435e-006,0.00661883
1.1244e-006,0.00650749
1.12445e-006,0.00638929
1.1245e-006,0.00633276
1.12455e-006,0.00624712
1.1246e-006,0.00619744
1.12465e-006,0.00618716
1.1247e-006,0.00618545
1.12475e-006,0.00618545
1.1248e-006,0.00621971
1.12485e-006,0.00619744
1.1249e-006,0.00619915
1.12495e-006,0.00618374
1.125e-006,0.00617689
1.12505e-006,0.00610837
1.1251e-006,0.00605698
1.12515e-006,0.00600045
1.1252e-006,0.00595763
1.12525e-006,0.00591652
1.1253e-006,0.00590453
1.12535e-006,0.00593365
1.1254e-006,0.0059542
1.12545e-006,0.00600045
1.1255e-006,0.00605527
1.12555e-006,0.00613406
1.1256e-006,0.00614948
1.12565e-006,0.0061392
1.1257e-006,0.00611693
1.12575e-006,0.00606554
1.1258e-006,0.00600902
1.12585e-006,0.00592508
1.1259e-006,0.00584629
1.12595e-006,0.00576578
1.126e-006,0.00569041
1.12605e-006,0.00566472
1.1261e-006,0.00568527
1.12615e-006,0.00572124
1.1262e-006,0.00581032
1.12625e-006,0.00591138
1.1263e-006,0.00601073
1.12635e-006,0.00616832
1.1264e-006,0.00630022
1.12645e-006,0.006403
1.1265e-006,0.0064835
1.12655e-006,0.00652119
1.1266e-006,0.00655716
1.12665e-006,0.00654174
1.1267e-006,0.00647665
1.12675e-006,0.00639957
1.1268e-006,0.0063242
1.12685e-006,0.006218
1.1269e-006,0.00613749
1.12695e-006,0.00605013
1.127e-006,0.0059542
1.12705e-006,0.00589082
1.1271e-006,0.00584457
1.12715e-006,0.00584286
1.1272e-006,0.00585657
1.12725e-006,0.00589425
1.1273e-006,0.00598846
1.12735e-006,0.00605013
1.1274e-006,0.00612379
1.12745e-006,0.00620943
1.1275e-006,0.00629508
1.12755e-006,0.0063636
1.1276e-006,0.0064167
1.12765e-006,0.00645952
1.1277e-006,0.00648179
1.12775e-006,0.00648864
1.1278e-006,0.00651776
1.12785e-006,0.00648693
1.1279e-006,0.00642526
1.12795e-006,0.006391
1.128e-006,0.00637388
1.12805e-006,0.00633276
1.1281e-006,0.00633105
1.12815e-006,0.0063105
1.1282e-006,0.00626082
1.12825e-006,0.00626253
1.1283e-006,0.00624369
1.12835e-006,0.00621628
1.1284e-006,0.0061923
1.12845e-006,0.0061786
1.1285e-006,0.00614948
1.12855e-006,0.00610666
1.1286e-006,0.00606041
1.12865e-006,0.00600559
1.1287e-006,0.00594393
1.12875e-006,0.00590795
1.1288e-006,0.00588226
1.12885e-006,0.00585657
1.1289e-006,0.00588911
1.12895e-006,0.00596448
1.129e-006,0.00604328
1.12905e-006,0.00617517
1.1291e-006,0.00631221
1.12915e-006,0.00647151
1.1292e-006,0.00659656
1.12925e-006,0.00674901
1.1293e-006,0.00685179
1.12935e-006,0.00694086
1.1294e-006,0.00698711
1.12945e-006,0.00695799
1.1295e-006,0.00692202
1.12955e-006,0.00681582
1.1296e-006,0.00674045
1.12965e-006,0.00663253
1.1297e-006,0.00652804
1.12975e-006,0.00644924
1.1298e-006,0.00637216
1.12985e-006,0.00633619
1.1299e-006,0.00634647
1.12995e-006,0.00638244
1.13e-006,0.00645096
1.13005e-006,0.00649036
1.1301e-006,0.00656744
1.13015e-006,0.00659998
1.1302e-006,0.0066017
1.13025e-006,0.00659485
1.1303e-006,0.00655373
1.13035e-006,0.0064835
1.1304e-006,0.00639786
1.13045e-006,0.00627624
1.1305e-006,0.00616147
1.13055e-006,0.00603642
1.1306e-006,0.00588226
1.13065e-006,0.0057812
1.1307e-006,0.00567499
1.13075e-006,0.00559106
1.1308e-006,0.0055568
1.13085e-006,0.00553624
1.1309e-006,0.00556023
1.13095e-006,0.00562703
1.131e-006,0.00569897
1.13105e-006,0.00578805
1.1311e-006,0.00589596
1.13115e-006,0.00602786
1.1312e-006,0.00616147
1.13125e-006,0.00624883
1.1313e-006,0.0062848
1.13135e-006,0.0063379
1.1314e-006,0.00636017
1.13145e-006,0.00634647
1.1315e-006,0.00631906
1.13155e-006,0.00625226
1.1316e-006,0.00620429
1.13165e-006,0.00618545
1.1317e-006,0.0061649
1.13175e-006,0.00613749
1.1318e-006,0.00620429
1.13185e-006,0.00626425
1.1319e-006,0.00637388
1.13195e-006,0.00645952
1.132e-006,0.00655031
1.13205e-006,0.00661369
1.1321e-006,0.00666508
1.13215e-006,0.00668221
1.1322e-006,0.00669248
1.13225e-006,0.00669762
1.1323e-006,0.00668392
1.13235e-006,0.00667193
1.1324e-006,0.00661883
1.13245e-006,0.00659313
1.1325e-006,0.00652633
1.13255e-006,0.00647665
1.1326e-006,0.00644411
1.13265e-006,0.00638587
1.1327e-006,0.00634818
1.13275e-006,0.00628994
1.1328e-006,0.00622314
1.13285e-006,0.00618716
1.1329e-006,0.00613578
1.13295e-006,0.0060724
1.133e-006,0.00603129
1.13305e-006,0.0060073
1.1331e-006,0.00597476
1.13315e-006,0.00594564
1.1332e-006,0.00595249
1.13325e-006,0.00600217
1.1333e-006,0.00599531
1.13335e-006,0.0059936
1.1334e-006,0.00602443
1.13345e-006,0.00605869
1.1335e-006,0.00605184
1.13355e-006,0.0060467
1.1336e-006,0.00605355
1.13365e-006,0.006033
1.1337e-006,0.00602615
1.13375e-006,0.006033
1.1338e-006,0.00600559
1.13385e-006,0.00602101
1.1339e-006,0.00601416
1.13395e-006,0.00603471
1.134e-006,0.00605527
1.13405e-006,0.00609466
1.1341e-006,0.00612036
1.13415e-006,0.00613578
1.1342e-006,0.00615976
1.13425e-006,0.00617517
1.1343e-006,0.00621115
1.13435e-006,0.00622314
1.1344e-006,0.00622827
1.13445e-006,0.00624198
1.1345e-006,0.00625054
1.13455e-006,0.00626425
1.1346e-006,0.00627452
1.13465e-006,0.00630364
1.1347e-006,0.00635503
1.13475e-006,0.00640471
1.1348e-006,0.00645438
1.13485e-006,0.00649207
1.1349e-006,0.00652633
1.13495e-006,0.00649892
1.135e-006,0.006403
1.13505e-006,0.00634304
1.1351e-006,0.00623855
1.13515e-006,0.00612721
1.1352e-006,0.00604842
1.13525e-006,0.00596962
1.1353e-006,0.0058874
1.13535e-006,0.00583087
1.1354e-006,0.00580175
1.13545e-006,0.00580004
1.1355e-006,0.00584629
1.13555e-006,0.00591994
1.1356e-006,0.0059936
1.13565e-006,0.0060861
1.1357e-006,0.00619059
1.13575e-006,0.00628823
1.1358e-006,0.00634989
1.13585e-006,0.00635332
1.1359e-006,0.00640642
1.13595e-006,0.0064304
1.136e-006,0.00641841
1.13605e-006,0.00642184
1.1361e-006,0.00640471
1.13615e-006,0.00640128
1.1362e-006,0.00639957
1.13625e-006,0.00639443
1.1363e-006,0.0063773
1.13635e-006,0.0063636
1.1364e-006,0.00631221
1.13645e-006,0.00628138
1.1365e-006,0.00625054
1.13655e-006,0.00621971
1.1366e-006,0.00616318
1.13665e-006,0.00610837
1.1367e-006,0.00609295
1.13675e-006,0.0060861
1.1368e-006,0.00605869
1.13685e-006,0.00605355
1.1369e-006,0.00608267
1.13695e-006,0.00610323
1.137e-006,0.00610666
1.13705e-006,0.00611351
1.1371e-006,0.00615462
1.13715e-006,0.00615462
1.1372e-006,0.00617689
1.13725e-006,0.00614091
1.1373e-006,0.00611008
1.13735e-006,0.00604328
1.1374e-006,0.00598675
1.13745e-006,0.00593707
1.1375e-006,0.00589082
1.13755e-006,0.00581545
1.1376e-006,0.00575893
1.13765e-006,0.00577777
1.1377e-006,0.00580004
1.13775e-006,0.00587883
1.1378e-006,0.00591481
1.13785e-006,0.00600559
1.1379e-006,0.00611008
1.13795e-006,0.00618031
1.138e-006,0.00623684
1.13805e-006,0.00628652
1.1381e-006,0.00627966
1.13815e-006,0.00629508
1.1382e-006,0.00624027
1.13825e-006,0.00617346
1.1383e-006,0.00614263
1.13835e-006,0.00613749
1.1384e-006,0.00611179
1.13845e-006,0.00612207
1.1385e-006,0.00616661
1.13855e-006,0.00626425
1.1386e-006,0.00632249
1.13865e-006,0.00641156
1.1387e-006,0.00647837
1.13875e-006,0.00650577
1.1388e-006,0.00652119
1.13885e-006,0.00650749
1.1389e-006,0.00643212
1.13895e-006,0.0063379
1.139e-006,0.00622314
1.13905e-006,0.00611008
1.1391e-006,0.00601587
1.13915e-006,0.00592166
1.1392e-006,0.00582573
1.13925e-006,0.00580689
1.1393e-006,0.00582745
1.13935e-006,0.00588569
1.1394e-006,0.00597133
1.13945e-006,0.00606897
1.1395e-006,0.00616832
1.13955e-006,0.00626253
1.1396e-006,0.0063242
1.13965e-006,0.00635675
1.1397e-006,0.00637045
1.13975e-006,0.00634989
1.1398e-006,0.00628994
1.13985e-006,0.00621628
1.1399e-006,0.00612892
1.13995e-006,0.0060467
1.14e-006,0.0059799
1.14005e-006,0.00591138
1.1401e-006,0.00591481
1.14015e-006,0.00593879
1.1402e-006,0.00598504
1.14025e-006,0.00606041
1.1403e-006,0.00614605
1.14035e-006,0.00620772
1.1404e-006,0.00626767
1.14045e-006,0.00633276
1.1405e-006,0.00634304
1.14055e-006,0.00638073
1.1406e-006,0.00633276
1.14065e-006,0.00628138
1.1407e-006,0.00619915
1.14075e-006,0.00614605
1.1408e-006,0.00607754
1.14085e-006,0.00602272
1.1409e-006,0.00599531
1.14095e-006,0.00597476
1.141e-006,0.00596962
1.14105e-006,0.00597476
1.1411e-006,0.00597305
1.14115e-006,0.00600902
1.1412e-006,0.00599874
1.14125e-006,0.00605527
1.1413e-006,0.00609295
1.14135e-006,0.00611008
1.1414e-006,0.00615633
1.14145e-006,0.00620943
1.1415e-006,0.00628994
1.14155e-006,0.00633619
1.1416e-006,0.00638244
1.14165e-006,0.00641499
1.1417e-006,0.00643383
1.14175e-006,0.0064304
1.1418e-006,0.00642869
1.14185e-006,0.00642698
1.1419e-006,0.00642012
1.14195e-006,0.00640642
1.142e-006,0.00640128
1.14205e-006,0.00638415
1.1421e-006,0.0063773
1.14215e-006,0.00641327
1.1422e-006,0.00641156
1.14225e-006,0.00638929
1.1423e-006,0.00641841
1.14235e-006,0.00640642
1.1424e-006,0.00639614
1.14245e-006,0.00637388
1.1425e-006,0.00634647
1.14255e-006,0.00633962
1.1426e-006,0.0063105
1.14265e-006,0.0062848
1.1427e-006,0.00623684
1.14275e-006,0.00623341
1.1428e-006,0.00622485
1.14285e-006,0.006218
1.1429e-006,0.00625568
1.14295e-006,0.00627966
1.143e-006,0.00632249
1.14305e-006,0.00634647
1.1431e-006,0.00633962
1.14315e-006,0.00628652
1.1432e-006,0.00628994
1.14325e-006,0.00620943
1.1433e-006,0.00615804
1.14335e-006,0.0060467
1.1434e-006,0.00597133
1.14345e-006,0.00589425
1.1435e-006,0.00582916
1.14355e-006,0.00576921
1.1436e-006,0.00571782
1.14365e-006,0.00570069
1.1437e-006,0.00566472
1.14375e-006,0.00570583
1.1438e-006,0.00576578
1.14385e-006,0.00583772
1.1439e-006,0.00594906
1.14395e-006,0.00606726
1.144e-006,0.00615633
1.14405e-006,0.00630193
1.1441e-006,0.00637388
1.14415e-006,0.00642698
1.1442e-006,0.00646809
1.14425e-006,0.0064561
1.1443e-006,0.00642355
1.14435e-006,0.00635161
1.1444e-006,0.00626253
1.14445e-006,0.00614948
1.1445e-006,0.0060861
1.14455e-006,0.00597305
1.1446e-006,0.00591823
1.14465e-006,0.00584115
1.1447e-006,0.00578462
1.14475e-006,0.00578633
1.1448e-006,0.00577092
1.14485e-006,0.00580175
1.1449e-006,0.00583601
1.14495e-006,0.00584629
1.145e-006,0.00586684
1.14505e-006,0.00591138
1.1451e-006,0.00593879
1.14515e-006,0.00598332
1.1452e-006,0.00598504
1.14525e-006,0.00596277
1.1453e-006,0.00597476
1.14535e-006,0.00596619
1.1454e-006,0.00593365
1.14545e-006,0.00591652
1.1455e-006,0.00589425
1.14555e-006,0.00591994
1.1456e-006,0.00590795
1.14565e-006,0.0059268
1.1457e-006,0.00595763
1.14575e-006,0.00595934
1.1458e-006,0.00596791
1.14585e-006,0.00599189
1.1459e-006,0.00600217
1.14595e-006,0.0059936
1.146e-006,0.00601758
1.14605e-006,0.00601073
1.1461e-006,0.0060073
1.14615e-006,0.00599189
1.1462e-006,0.00596962
1.14625e-006,0.00595078
1.1463e-006,0.00592508
1.14635e-006,0.00591138
1.1464e-006,0.00589082
1.14645e-006,0.00588397
1.1465e-006,0.00588569
1.14655e-006,0.00591823
1.1466e-006,0.00591309
1.14665e-006,0.00588055
1.1467e-006,0.00588397
1.14675e-006,0.00588911
1.1468e-006,0.00589596
1.14685e-006,0.00594393
1.1469e-006,0.00594221
1.14695e-006,0.00596106
1.147e-006,0.00600559
1.14705e-006,0.00603471
1.1471e-006,0.00608953
1.14715e-006,0.00610494
1.1472e-006,0.00611351
1.14725e-006,0.00610152
1.1473e-006,0.00613064
1.14735e-006,0.00610666
1.1474e-006,0.00614263
1.14745e-006,0.00617175
1.1475e-006,0.00622314
1.14755e-006,0.00626253
1.1476e-006,0.00628138
1.14765e-006,0.00634989
1.1477e-006,0.00639614
1.14775e-006,0.00641327
1.1478e-006,0.00641499
1.14785e-006,0.00636874
1.1479e-006,0.00631392
1.14795e-006,0.00624883
1.148e-006,0.00618374
1.14805e-006,0.00610494
1.1481e-006,0.00606212
1.14815e-006,0.00602443
1.1482e-006,0.0059799
1.14825e-006,0.00599874
1.1483e-006,0.00602615
1.14835e-006,0.00606554
1.1484e-006,0.00613235
1.14845e-006,0.00615119
1.1485e-006,0.00615976
1.14855e-006,0.00614091
1.1486e-006,0.00608781
1.14865e-006,0.00601416
1.1487e-006,0.00591652
1.14875e-006,0.00582402
1.1488e-006,0.00573495
1.14885e-006,0.00565786
1.1489e-006,0.00561333
1.14895e-006,0.00556536
1.149e-006,0.0055431
1.14905e-006,0.00553111
1.1491e-006,0.00555337
1.14915e-006,0.00558421
1.1492e-006,0.00565615
1.14925e-006,0.00569041
1.1493e-006,0.00572809
1.14935e-006,0.0057418
1.1494e-006,0.00578633
1.14945e-006,0.00582059
1.1495e-006,0.00583258
1.14955e-006,0.0058343
1.1496e-006,0.00587883
1.14965e-006,0.00589939
1.1497e-006,0.00593194
1.14975e-006,0.00597133
1.1498e-006,0.0059799
1.14985e-006,0.00599703
1.1499e-006,0.00598161
1.14995e-006,0.00599531
1.15e-006,0.00599018
1.15005e-006,0.00596277
1.1501e-006,0.00596277
1.15015e-006,0.00594393
1.1502e-006,0.00599018
1.15025e-006,0.00601073
1.1503e-006,0.00599018
1.15035e-006,0.00603814
1.1504e-006,0.00608096
1.15045e-006,0.00614605
1.1505e-006,0.00618203
1.15055e-006,0.00624883
1.1506e-006,0.00622656
1.15065e-006,0.00621286
1.1507e-006,0.00616147
1.15075e-006,0.00611693
1.1508e-006,0.00603814
1.15085e-006,0.00596448
1.1509e-006,0.00593194
1.15095e-006,0.00590967
1.151e-006,0.00589768
1.15105e-006,0.00593022
1.1511e-006,0.00596106
1.15115e-006,0.00606041
1.1512e-006,0.00615291
1.15125e-006,0.00625568
1.1513e-006,0.00635675
1.15135e-006,0.00639272
1.1514e-006,0.00640642
1.15145e-006,0.00638073
1.1515e-006,0.00634818
1.15155e-006,0.00631392
1.1516e-006,0.00623684
1.15165e-006,0.00617346
1.1517e-006,0.00611865
1.15175e-006,0.00608781
1.1518e-006,0.0060724
1.15185e-006,0.0061255
1.1519e-006,0.00620772
1.15195e-006,0.00631735
1.152e-006,0.00640471
1.15205e-006,0.00650406
1.1521e-006,0.00659313
1.15215e-006,0.00666165
1.1522e-006,0.00671475
1.15225e-006,0.00673531
1.1523e-006,0.00675244
1.15235e-006,0.00674387
1.1524e-006,0.0066942
1.15245e-006,0.00666336
1.1525e-006,0.00657943
1.15255e-006,0.00651434
1.1526e-006,0.00646295
1.15265e-006,0.00640985
1.1527e-006,0.00635161
1.15275e-006,0.00633105
1.1528e-006,0.00630193
1.15285e-006,0.00624883
1.1529e-006,0.00623341
1.15295e-006,0.00624198
1.153e-006,0.00619915
1.15305e-006,0.00618716
1.1531e-006,0.00615462
1.15315e-006,0.0061392
1.1532e-006,0.00614605
1.15325e-006,0.00616318
1.1533e-006,0.00621971
1.15335e-006,0.00625911
1.1534e-006,0.00633962
1.15345e-006,0.00640128
1.1535e-006,0.00645267
1.15355e-006,0.00646295
1.1536e-006,0.00649549
1.15365e-006,0.00650577
1.1537e-006,0.0065092
1.15375e-006,0.00646466
1.1538e-006,0.006403
1.15385e-006,0.00637388
1.1539e-006,0.00628994
1.15395e-006,0.00623513
1.154e-006,0.00617346
1.15405e-006,0.00613064
1.1541e-006,0.00609466
1.15415e-006,0.00609295
1.1542e-006,0.00607582
1.15425e-006,0.0060861
1.1543e-006,0.00609295
1.15435e-006,0.00609638
1.1544e-006,0.00607411
1.15445e-006,0.00610494
1.1545e-006,0.00610837
1.15455e-006,0.00612379
1.1546e-006,0.00611008
1.15465e-006,0.00612379
1.1547e-006,0.00614434
1.15475e-006,0.00614777
1.1548e-006,0.00617003
1.15485e-006,0.00617346
1.1549e-006,0.00618374
1.15495e-006,0.00619402
1.155e-006,0.00617003
1.15505e-006,0.00615119
1.1551e-006,0.00611693
1.15515e-006,0.00607925
1.1552e-006,0.00606041
1.15525e-006,0.00604842
1.1553e-006,0.00606383
1.15535e-006,0.00611522
1.1554e-006,0.00615119
1.15545e-006,0.00620429
1.1555e-006,0.00627624
1.15555e-006,0.00633105
1.1556e-006,0.00638073
1.15565e-006,0.00644582
1.1557e-006,0.00643383
1.15575e-006,0.006403
1.1558e-006,0.00636017
1.15585e-006,0.00630022
1.1559e-006,0.00622485
1.15595e-006,0.00615804
1.156e-006,0.00610323
1.15605e-006,0.00607925
1.1561e-006,0.00605013
1.15615e-006,0.00601587
1.1562e-006,0.00601758
1.15625e-006,0.00601587
1.1563e-006,0.00606041
1.15635e-006,0.00611693
1.1564e-006,0.00612207
1.15645e-006,0.00616661
1.1565e-006,0.00619573
1.15655e-006,0.00622999
1.1566e-006,0.00622656
1.15665e-006,0.00621971
1.1567e-006,0.00620429
1.15675e-006,0.00619059
1.1568e-006,0.00616147
1.15685e-006,0.00612892
1.1569e-006,0.00609638
1.15695e-006,0.00606726
1.157e-006,0.00607411
1.15705e-006,0.00608953
1.1571e-006,0.00604328
1.15715e-006,0.00603985
1.1572e-006,0.00603642
1.15725e-006,0.0060193
1.1573e-006,0.00601073
1.15735e-006,0.00600217
1.1574e-006,0.00595592
1.15745e-006,0.00591994
1.1575e-006,0.00588226
1.15755e-006,0.00581203
1.1576e-006,0.00571439
1.15765e-006,0.00564245
1.1577e-006,0.00557736
1.15775e-006,0.00548657
1.1578e-006,0.00542148
1.15785e-006,0.00541805
1.1579e-006,0.00547458
1.15795e-006,0.00556194
1.158e-006,0.00565958
1.15805e-006,0.0057812
1.1581e-006,0.00590795
1.15815e-006,0.00600902
1.1582e-006,0.00609638
1.15825e-006,0.00616147
1.1583e-006,0.00620258
1.15835e-006,0.00619915
1.1584e-006,0.00617689
1.15845e-006,0.00613749
1.1585e-006,0.00606897
1.15855e-006,0.00602443
1.1586e-006,0.00594393
1.15865e-006,0.00592337
1.1587e-006,0.00590795
1.15875e-006,0.00595078
1.1588e-006,0.00596962
1.15885e-006,0.00603985
1.1589e-006,0.00610666
1.15895e-006,0.00611008
1.159e-006,0.00612892
1.15905e-006,0.00610323
1.1591e-006,0.0060724
1.15915e-006,0.00599018
1.1592e-006,0.00591823
1.15925e-006,0.00577948
1.1593e-006,0.00569897
1.15935e-006,0.00562703
1.1594e-006,0.00557564
1.15945e-006,0.00557736
1.1595e-006,0.00564073
1.15955e-006,0.00570069
1.1596e-006,0.00581032
1.15965e-006,0.00594564
1.1597e-006,0.00610152
1.15975e-006,0.0062317
1.1598e-006,0.00634818
1.15985e-006,0.00644239
1.1599e-006,0.00650406
1.15995e-006,0.00654688
1.16e-006,0.00657086
1.16005e-006,0.0065486
1.1601e-006,0.00651262
1.16015e-006,0.00648008
1.1602e-006,0.00644068
1.16025e-006,0.00640128
1.1603e-006,0.00637216
1.16035e-006,0.00633619
1.1604e-006,0.00627795
1.16045e-006,0.00628309
1.1605e-006,0.00625054
1.16055e-006,0.00621457
1.1606e-006,0.00618716
1.16065e-006,0.00618203
1.1607e-006,0.00615462
1.16075e-006,0.00609124
1.1608e-006,0.00603471
1.16085e-006,0.00600902
1.1609e-006,0.0059268
1.16095e-006,0.00587369
1.161e-006,0.00582573
1.16105e-006,0.00576235
1.1611e-006,0.00569384
1.16115e-006,0.00564587
1.1612e-006,0.00560134
1.16125e-006,0.00558421
1.1613e-006,0.00558935
1.16135e-006,0.00558935
1.1614e-006,0.00558249
1.16145e-006,0.00561504
1.1615e-006,0.0055962
1.16155e-006,0.00559277
1.1616e-006,0.00560476
1.16165e-006,0.00560648
1.1617e-006,0.00557222
1.16175e-006,0.00560819
1.1618e-006,0.00559277
1.16185e-006,0.00561504
1.1619e-006,0.00562874
1.16195e-006,0.00566814
1.162e-006,0.00569726
1.16205e-006,0.00572124
1.1621e-006,0.00575893
1.16215e-006,0.00580346
1.1622e-006,0.00581717
1.16225e-006,0.00587369
1.1623e-006,0.00588397
1.16235e-006,0.00592851
1.1624e-006,0.0059268
1.16245e-006,0.00591138
1.1625e-006,0.00589254
1.16255e-006,0.00584629
1.1626e-006,0.00577948
1.16265e-006,0.00572638
1.1627e-006,0.0056493
1.16275e-006,0.00561504
1.1628e-006,0.00556879
1.16285e-006,0.00554823
1.1629e-006,0.00557564
1.16295e-006,0.00556708
1.163e-006,0.00564073
1.16305e-006,0.00575208
1.1631e-006,0.00585657
1.16315e-006,0.00597476
1.1632e-006,0.00608439
1.16325e-006,0.00616661
1.1633e-006,0.0062317
1.16335e-006,0.00621286
1.1634e-006,0.00621457
1.16345e-006,0.00616318
1.1635e-006,0.0061255
1.16355e-006,0.00609638
1.1636e-006,0.00607582
1.16365e-006,0.00603814
1.1637e-006,0.00603985
1.16375e-006,0.00607754
1.1638e-006,0.00612892
1.16385e-006,0.00616832
1.1639e-006,0.00621971
1.16395e-006,0.00629337
1.164e-006,0.0063242
1.16405e-006,0.00634989
1.1641e-006,0.00634989
1.16415e-006,0.00629679
1.1642e-006,0.00627795
1.16425e-006,0.00626767
1.1643e-006,0.00620087
1.16435e-006,0.00617003
1.1644e-006,0.00618203
1.16445e-006,0.00618716
1.1645e-006,0.00620943
1.16455e-006,0.00625739
1.1646e-006,0.00631392
1.16465e-006,0.00636188
1.1647e-006,0.00640813
1.16475e-006,0.00646295
1.1648e-006,0.00649721
1.16485e-006,0.00652119
1.1649e-006,0.00650577
1.16495e-006,0.00649207
1.165e-006,0.00644239
1.16505e-006,0.00643383
1.1651e-006,0.00638073
1.16515e-006,0.00630707
1.1652e-006,0.00625739
1.16525e-006,0.00623684
1.1653e-006,0.00621971
1.16535e-006,0.00623341
1.1654e-006,0.00620772
1.16545e-006,0.00620772
1.1655e-006,0.00616832
1.16555e-006,0.0061649
1.1656e-006,0.00617003
1.16565e-006,0.00614777
1.1657e-006,0.00611008
1.16575e-006,0.00607068
1.1658e-006,0.00602957
1.16585e-006,0.00600388
1.1659e-006,0.00597647
1.16595e-006,0.00597476
1.166e-006,0.00599531
1.16605e-006,0.00599189
1.1661e-006,0.00601244
1.16615e-006,0.00606212
1.1662e-006,0.00609295
1.16625e-006,0.00616661
1.1663e-006,0.00619402
1.16635e-006,0.00620943
1.1664e-006,0.00621457
1.16645e-006,0.00617003
1.1665e-006,0.00605869
1.16655e-006,0.00597305
1.1666e-006,0.00585143
1.16665e-006,0.00573152
1.1667e-006,0.00560819
1.16675e-006,0.00553111
1.1668e-006,0.00544203
1.16685e-006,0.00542833
1.1669e-006,0.00544717
1.16695e-006,0.00550884
1.167e-006,0.00558249
1.16705e-006,0.00571439
1.1671e-006,0.00584971
1.16715e-006,0.00598675
1.1672e-006,0.00607411
1.16725e-006,0.00615976
1.1673e-006,0.006218
1.16735e-006,0.00625568
1.1674e-006,0.00625911
1.16745e-006,0.00621971
1.1675e-006,0.00615291
1.16755e-006,0.00610837
1.1676e-006,0.00606383
1.16765e-006,0.00599018
1.1677e-006,0.00597476
1.16775e-006,0.00598846
1.1678e-006,0.00599189
1.16785e-006,0.00601244
1.1679e-006,0.00607925
1.16795e-006,0.00612379
1.168e-006,0.00617689
1.16805e-006,0.00626939
1.1681e-006,0.00634304
1.16815e-006,0.00636702
1.1682e-006,0.00640128
1.16825e-006,0.00641327
1.1683e-006,0.006403
1.16835e-006,0.00634989
1.1684e-006,0.0063105
1.16845e-006,0.00625054
1.1685e-006,0.00618031
1.16855e-006,0.0061255
1.1686e-006,0.00608096
1.16865e-006,0.00603471
1.1687e-006,0.00605527
1.16875e-006,0.00605013
1.1688e-006,0.00606897
1.16885e-006,0.00610837
1.1689e-006,0.00613406
1.16895e-006,0.00619744
1.169e-006,0.0062848
1.16905e-006,0.00631392
1.1691e-006,0.00635675
1.16915e-006,0.00638073
1.1692e-006,0.0063636
1.16925e-006,0.00638415
1.1693e-006,0.00636188
1.16935e-006,0.00634304
1.1694e-006,0.00627624
1.16945e-006,0.00628309
1.1695e-006,0.00627795
1.16955e-006,0.00633962
1.1696e-006,0.00638073
1.16965e-006,0.00641841
1.1697e-006,0.00648522
1.16975e-006,0.006576
1.1698e-006,0.00664966
1.16985e-006,0.00669248
1.1699e-006,0.00680896
1.16995e-006,0.00685693
1.17e-006,0.00689119
1.17005e-006,0.00685693
1.1701e-006,0.00679869
1.17015e-006,0.00673531
1.1702e-006,0.00664452
1.17025e-006,0.00656744
1.1703e-006,0.00647151
1.17035e-006,0.006391
1.1704e-006,0.00628652
1.17045e-006,0.00620772
1.1705e-006,0.00615291
1.17055e-006,0.00613406
1.1706e-006,0.0060861
1.17065e-006,0.00609466
1.1707e-006,0.00608439
1.17075e-006,0.00609295
1.1708e-006,0.00606554
1.17085e-006,0.00607925
1.1709e-006,0.00606726
1.17095e-006,0.00605698
1.171e-006,0.00604328
1.17105e-006,0.00607068
1.1711e-006,0.00603642
1.17115e-006,0.00604328
1.1712e-006,0.00604156
1.17125e-006,0.00605698
1.1713e-006,0.00603129
1.17135e-006,0.00599874
1.1714e-006,0.00593879
1.17145e-006,0.00588055
1.1715e-006,0.00576064
1.17155e-006,0.00565444
1.1716e-006,0.00555509
1.17165e-006,0.00548486
1.1717e-006,0.00542319
1.17175e-006,0.00540092
1.1718e-006,0.00539921
1.17185e-006,0.00545745
1.1719e-006,0.0055705
1.17195e-006,0.00565958
1.172e-006,0.00581203
1.17205e-006,0.00595763
1.1721e-006,0.00606897
1.17215e-006,0.00617003
1.1722e-006,0.00625568
1.17225e-006,0.00629165
1.1723e-006,0.00628309
1.17235e-006,0.00625226
1.1724e-006,0.00619402
1.17245e-006,0.0061649
1.1725e-006,0.00612721
1.17255e-006,0.00607925
1.1726e-006,0.00610152
1.17265e-006,0.00613578
1.1727e-006,0.00618374
1.17275e-006,0.00623341
1.1728e-006,0.0063242
1.17285e-006,0.00642698
1.1729e-006,0.00645096
1.17295e-006,0.0064698
1.173e-006,0.00646809
1.17305e-006,0.00644411
1.1731e-006,0.00639443
1.17315e-006,0.00630878
1.1732e-006,0.006218
1.17325e-006,0.00613235
1.1733e-006,0.00601587
1.17335e-006,0.00593194
1.1734e-006,0.00589768
1.17345e-006,0.00589768
1.1735e-006,0.0058874
1.17355e-006,0.00590795
1.1736e-006,0.00594221
1.17365e-006,0.0059936
1.1737e-006,0.00606383
1.17375e-006,0.00611522
1.1738e-006,0.00614091
1.17385e-006,0.00613064
1.1739e-006,0.00610323
1.17395e-006,0.00609638
1.174e-006,0.00606726
1.17405e-006,0.00598332
1.1741e-006,0.00590453
1.17415e-006,0.00582059
1.1742e-006,0.00575036
1.17425e-006,0.00569726
1.1743e-006,0.00563388
1.17435e-006,0.00562189
1.1744e-006,0.005663
1.17445e-006,0.00568527
1.1745e-006,0.00569897
1.17455e-006,0.00573495
1.1746e-006,0.00577606
1.17465e-006,0.00578462
1.1747e-006,0.00577606
1.17475e-006,0.00580175
1.1748e-006,0.00582402
1.17485e-006,0.0058343
1.1749e-006,0.00585485
1.17495e-006,0.00588569
1.175e-006,0.00591823
1.17505e-006,0.00594735
1.1751e-006,0.00599703
1.17515e-006,0.00603814
1.1752e-006,0.00605184
1.17525e-006,0.00603814
1.1753e-006,0.00603471
1.17535e-006,0.00598161
1.1754e-006,0.0058617
1.17545e-006,0.00576064
1.1755e-006,0.00565272
1.17555e-006,0.00558421
1.1756e-006,0.00546944
1.17565e-006,0.0054112
1.1757e-006,0.00539921
1.17575e-006,0.00540092
1.1758e-006,0.00543347
1.17585e-006,0.00553111
1.1759e-006,0.00563731
1.17595e-006,0.00574008
1.176e-006,0.00584286
1.17605e-006,0.00592851
1.1761e-006,0.00600045
1.17615e-006,0.00603985
1.1762e-006,0.00606726
1.17625e-006,0.00608439
1.1763e-006,0.00605869
1.17635e-006,0.00602957
1.1764e-006,0.00603814
1.17645e-006,0.00604156
1.1765e-006,0.00605184
1.17655e-006,0.00611351
1.1766e-006,0.0061255
1.17665e-006,0.00618203
1.1767e-006,0.00623341
1.17675e-006,0.00633619
1.1768e-006,0.00639957
1.17685e-006,0.00645781
1.1769e-006,0.00651776
1.17695e-006,0.00656915
1.177e-006,0.0065623
1.17705e-006,0.00653147
1.1771e-006,0.00651605
1.17715e-006,0.00644924
1.1772e-006,0.00638073
1.17725e-006,0.00631906
1.1773e-006,0.00621628
1.17735e-006,0.00615119
1.1774e-006,0.00605527
1.17745e-006,0.00597818
1.1775e-006,0.00589425
1.17755e-006,0.00585143
1.1776e-006,0.00580689
1.17765e-006,0.00577263
1.1777e-006,0.00578291
1.17775e-006,0.00578291
1.1778e-006,0.00580175
1.17785e-006,0.00583944
1.1779e-006,0.00584629
1.17795e-006,0.00588569
1.178e-006,0.00589082
1.17805e-006,0.00590967
1.1781e-006,0.00589082
1.17815e-006,0.00592851
1.1782e-006,0.00591994
1.17825e-006,0.00589596
1.1783e-006,0.00589596
1.17835e-006,0.00591309
1.1784e-006,0.00593707
1.17845e-006,0.00597647
1.1785e-006,0.00603129
1.17855e-006,0.00607925
1.1786e-006,0.00612379
1.17865e-006,0.00619059
1.1787e-006,0.00626253
1.17875e-006,0.00630364
1.1788e-006,0.00635332
1.17885e-006,0.0064167
1.1789e-006,0.0064167
1.17895e-006,0.006403
1.179e-006,0.00637388
1.17905e-006,0.00632934
1.1791e-006,0.00619402
1.17915e-006,0.0061255
1.1792e-006,0.00602272
1.17925e-006,0.00590795
1.1793e-006,0.00583944
1.17935e-006,0.00578291
1.1794e-006,0.00575036
1.17945e-006,0.00577948
1.1795e-006,0.00581203
1.17955e-006,0.00587712
1.1796e-006,0.00596791
1.17965e-006,0.00610323
1.1797e-006,0.00619744
1.17975e-006,0.00629337
1.1798e-006,0.00637216
1.17985e-006,0.00641499
1.1799e-006,0.00642698
1.17995e-006,0.00640128
1.18e-006,0.00634133
1.18005e-006,0.00626082
1.1801e-006,0.00615976
1.18015e-006,0.00606554
1.1802e-006,0.00595763
1.18025e-006,0.00584115
1.1803e-006,0.00579147
1.18035e-006,0.00570411
1.1804e-006,0.0056356
1.18045e-006,0.00561847
1.1805e-006,0.0056236
1.18055e-006,0.00563902
1.1806e-006,0.00567499
1.18065e-006,0.00569726
1.1807e-006,0.00576749
1.18075e-006,0.00582231
1.1808e-006,0.0058874
1.18085e-006,0.00596277
1.1809e-006,0.00600388
1.18095e-006,0.00604842
1.181e-006,0.0060998
1.18105e-006,0.00613578
1.1811e-006,0.00618374
1.18115e-006,0.00617689
1.1812e-006,0.00623684
1.18125e-006,0.00624712
1.1813e-006,0.00627452
1.18135e-006,0.00627281
1.1814e-006,0.00629508
1.18145e-006,0.0062848
1.1815e-006,0.00625226
1.18155e-006,0.00620943
1.1816e-006,0.00619402
1.18165e-006,0.00611865
1.1817e-006,0.00603814
1.18175e-006,0.00598846
1.1818e-006,0.00591652
1.18185e-006,0.00583772
1.1819e-006,0.00583258
1.18195e-006,0.00580346
1.182e-006,0.00578805
1.18205e-006,0.00580518
1.1821e-006,0.00578291
1.18215e-006,0.00581203
1.1822e-006,0.00579661
1.18225e-006,0.00578462
1.1823e-006,0.00577606
1.18235e-006,0.00574008
1.1824e-006,0.00569212
1.18245e-006,0.00567671
1.1825e-006,0.00565958
1.18255e-006,0.00563388
1.1826e-006,0.00566129
1.18265e-006,0.00569726
1.1827e-006,0.00577434
1.18275e-006,0.00582573
1.1828e-006,0.00585314
1.18285e-006,0.00591823
1.1829e-006,0.00596791
1.18295e-006,0.00603129
1.183e-006,0.00610666
1.18305e-006,0.00617517
1.1831e-006,0.00618888
1.18315e-006,0.00625226
1.1832e-006,0.00623855
1.18325e-006,0.00624712
1.1833e-006,0.00625568
1.18335e-006,0.00623855
1.1834e-006,0.00623513
1.18345e-006,0.00622999
1.1835e-006,0.00619744
1.18355e-006,0.0061649
1.1836e-006,0.00613578
1.18365e-006,0.00612036
1.1837e-006,0.00612379
1.18375e-006,0.00612892
1.1838e-006,0.00614948
1.18385e-006,0.00620087
1.1839e-006,0.00623684
1.18395e-006,0.00632077
1.184e-006,0.00644582
1.18405e-006,0.00652804
1.1841e-006,0.00662739
1.18415e-006,0.00668734
1.1842e-006,0.00675929
1.18425e-006,0.00682095
1.1843e-006,0.00681239
1.18435e-006,0.00676614
1.1844e-006,0.0067216
1.18445e-006,0.00665137
1.1845e-006,0.00657086
1.18455e-006,0.00650577
1.1846e-006,0.00647151
1.18465e-006,0.00643897
1.1847e-006,0.00643725
1.18475e-006,0.00646124
1.1848e-006,0.00647151
1.18485e-006,0.00650749
1.1849e-006,0.00656744
1.18495e-006,0.00663253
1.185e-006,0.00672332
1.18505e-006,0.00677128
1.1851e-006,0.0067867
1.18515e-006,0.00680211
1.1852e-006,0.00679183
1.18525e-006,0.00676614
1.1853e-006,0.00672332
1.18535e-006,0.00667022
1.1854e-006,0.00661711
1.18545e-006,0.006576
1.1855e-006,0.00653318
1.18555e-006,0.00649207
1.1856e-006,0.0064561
1.18565e-006,0.00643554
1.1857e-006,0.006391
1.18575e-006,0.00637216
1.1858e-006,0.00632077
1.18585e-006,0.00627966
1.1859e-006,0.0061786
1.18595e-006,0.00612379
1.186e-006,0.00601416
1.18605e-006,0.00593022
1.1861e-006,0.00585485
1.18615e-006,0.00578633
1.1862e-006,0.00570411
1.18625e-006,0.00560819
1.1863e-006,0.00556023
1.18635e-006,0.00550199
1.1864e-006,0.00547287
1.18645e-006,0.00547629
1.1865e-006,0.00544203
1.18655e-006,0.0054643
1.1866e-006,0.00551569
1.18665e-006,0.00552939
1.1867e-006,0.00558249
1.18675e-006,0.00564073
1.1868e-006,0.0057161
1.18685e-006,0.00580518
1.1869e-006,0.00588055
1.18695e-006,0.00594221
1.187e-006,0.0059936
1.18705e-006,0.00597647
1.1871e-006,0.00601244
1.18715e-006,0.00602443
1.1872e-006,0.00600902
1.18725e-006,0.00596619
1.1873e-006,0.00591652
1.18735e-006,0.00585314
1.1874e-006,0.00581545
1.18745e-006,0.00577948
1.1875e-006,0.00578805
1.18755e-006,0.00577606
1.1876e-006,0.00582745
1.18765e-006,0.00585314
1.1877e-006,0.00591994
1.18775e-006,0.00596106
1.1878e-006,0.00601073
1.18785e-006,0.00605355
1.1879e-006,0.00611351
1.18795e-006,0.00610666
1.188e-006,0.00614434
1.18805e-006,0.00612892
1.1881e-006,0.00611008
1.18815e-006,0.00606897
1.1882e-006,0.00606383
1.18825e-006,0.00602101
1.1883e-006,0.00601244
1.18835e-006,0.00600217
1.1884e-006,0.0059799
1.18845e-006,0.00599018
1.1885e-006,0.00600902
1.18855e-006,0.00598675
1.1886e-006,0.00602101
1.18865e-006,0.00604499
1.1887e-006,0.00606726
1.18875e-006,0.00609809
1.1888e-006,0.00611179
1.18885e-006,0.00617003
1.1889e-006,0.006218
1.18895e-006,0.00624712
1.189e-006,0.00627624
1.18905e-006,0.00629851
1.1891e-006,0.00629679
1.18915e-006,0.00628138
1.1892e-006,0.00626596
1.18925e-006,0.00621457
1.1893e-006,0.00618716
1.18935e-006,0.00611522
1.1894e-006,0.00609124
1.18945e-006,0.00604328
1.1895e-006,0.00601587
1.18955e-006,0.00600217
1.1896e-006,0.00594221
1.18965e-006,0.00594393
1.1897e-006,0.00597476
1.18975e-006,0.00595763
1.1898e-006,0.00594564
1.18985e-006,0.00595078
1.1899e-006,0.00592337
1.18995e-006,0.00592166
1.19e-006,0.00589596
1.19005e-006,0.00587027
1.1901e-006,0.00586342
1.19015e-006,0.00588226
1.1902e-006,0.00588911
1.19025e-006,0.00590967
1.1903e-006,0.0059268
1.19035e-006,0.0059542
1.1904e-006,0.00595934
1.19045e-006,0.0059936
1.1905e-006,0.00596277
1.19055e-006,0.00598332
1.1906e-006,0.0059936
1.19065e-006,0.0059936
1.1907e-006,0.00597133
1.19075e-006,0.00596277
1.1908e-006,0.00593879
1.19085e-006,0.00594564
1.1909e-006,0.00593879
1.19095e-006,0.0059268
1.191e-006,0.00591309
1.19105e-006,0.00592508
1.1911e-006,0.00595249
1.19115e-006,0.00596962
1.1912e-006,0.00600388
1.19125e-006,0.00603642
1.1913e-006,0.00608439
1.19135e-006,0.00612207
1.1914e-006,0.00614434
1.19145e-006,0.00618031
1.1915e-006,0.00622999
1.19155e-006,0.00626253
1.1916e-006,0.00625739
1.19165e-006,0.00625054
1.1917e-006,0.00627624
1.19175e-006,0.00624027
1.1918e-006,0.00621286
1.19185e-006,0.00620429
1.1919e-006,0.00616832
1.19195e-006,0.00613235
1.192e-006,0.0060861
1.19205e-006,0.00606897
1.1921e-006,0.00603471
1.19215e-006,0.0059936
1.1922e-006,0.00597818
1.19225e-006,0.00594906
1.1923e-006,0.00593365
1.19235e-006,0.00591138
1.1924e-006,0.00591994
1.19245e-006,0.00595249
1.1925e-006,0.00599189
1.19255e-006,0.0060724
1.1926e-006,0.00612207
1.19265e-006,0.00611522
1.1927e-006,0.00611865
1.19275e-006,0.00604499
1.1928e-006,0.00596448
1.19285e-006,0.00584457
1.1929e-006,0.00571439
1.19295e-006,0.00562189
1.193e-006,0.00551226
1.19305e-006,0.00543347
1.1931e-006,0.00536495
1.19315e-006,0.00538722
1.1932e-006,0.00547972
1.19325e-006,0.00556879
1.1933e-006,0.00575721
1.19335e-006,0.00595078
1.1934e-006,0.00612379
1.19345e-006,0.00633619
1.1935e-006,0.00650406
1.19355e-006,0.00664623
1.1936e-006,0.00670961
1.19365e-006,0.00675072
1.1937e-006,0.00672332
1.19375e-006,0.00667022
1.1938e-006,0.0065623
1.19385e-006,0.00643554
1.1939e-006,0.00630536
1.19395e-006,0.00618374
1.194e-006,0.0060467
1.19405e-006,0.00593022
1.1941e-006,0.0058343
1.19415e-006,0.00581717
1.1942e-006,0.00579147
1.19425e-006,0.00580518
1.1943e-006,0.00584457
1.19435e-006,0.00594564
1.1944e-006,0.00605698
1.19445e-006,0.00617175
1.1945e-006,0.00630022
1.19455e-006,0.00639272
1.1946e-006,0.00649378
1.19465e-006,0.00653832
1.1947e-006,0.00652633
1.19475e-006,0.00653318
1.1948e-006,0.00648179
1.19485e-006,0.00640985
1.1949e-006,0.00634989
1.19495e-006,0.00629679
1.195e-006,0.00622656
1.19505e-006,0.00616147
1.1951e-006,0.00610323
1.19515e-006,0.00607925
1.1952e-006,0.00607068
1.19525e-006,0.00605869
1.1953e-006,0.00608096
1.19535e-006,0.00611008
1.1954e-006,0.00617689
1.19545e-006,0.00621115
1.1955e-006,0.00622827
1.19555e-006,0.00624027
1.1956e-006,0.00623341
1.19565e-006,0.00619915
1.1957e-006,0.00617175
1.19575e-006,0.00611008
1.1958e-006,0.00606041
1.19585e-006,0.00603129
1.1959e-006,0.00602786
1.19595e-006,0.00603814
1.196e-006,0.00604156
1.19605e-006,0.00606726
1.1961e-006,0.00605013
1.19615e-006,0.00610494
1.1962e-006,0.00608267
1.19625e-006,0.00613406
1.1963e-006,0.00614777
1.19635e-006,0.00615291
1.1964e-006,0.00610837
1.19645e-006,0.00603814
1.1965e-006,0.00597647
1.19655e-006,0.00595592
1.1966e-006,0.00589082
1.19665e-006,0.00582745
1.1967e-006,0.0058086
1.19675e-006,0.00578462
1.1968e-006,0.00578462
1.19685e-006,0.00579661
1.1969e-006,0.00580175
1.19695e-006,0.00581717
1.197e-006,0.00585314
1.19705e-006,0.00587883
1.1971e-006,0.00588911
1.19715e-006,0.00589939
1.1972e-006,0.00590795
1.19725e-006,0.00593022
1.1973e-006,0.00591481
1.19735e-006,0.00596106
1.1974e-006,0.00597647
1.19745e-006,0.00603129
1.1975e-006,0.00612721
1.19755e-006,0.0061923
1.1976e-006,0.00622656
1.19765e-006,0.00632934
1.1977e-006,0.0063773
1.19775e-006,0.00642012
1.1978e-006,0.00645438
1.19785e-006,0.00642869
1.1979e-006,0.00637216
1.19795e-006,0.00632249
1.198e-006,0.00622314
1.19805e-006,0.00615291
1.1981e-006,0.00603471
1.19815e-006,0.00596791
1.1982e-006,0.0059011
1.19825e-006,0.00589082
1.1983e-006,0.00588569
1.19835e-006,0.00595078
1.1984e-006,0.0059936
1.19845e-006,0.00606212
1.1985e-006,0.00612892
1.19855e-006,0.0062454
1.1986e-006,0.00630536
1.19865e-006,0.00637388
1.1987e-006,0.00643897
1.19875e-006,0.00644068
1.1988e-006,0.0064698
1.19885e-006,0.00644239
1.1989e-006,0.00640642
1.19895e-006,0.00636531
1.199e-006,0.0063105
1.19905e-006,0.00621115
1.1991e-006,0.00616318
1.19915e-006,0.00610837
1.1992e-006,0.00604499
1.19925e-006,0.00598161
1.1993e-006,0.00592166
1.19935e-006,0.00587369
1.1994e-006,0.0057812
1.19945e-006,0.00574865
1.1995e-006,0.0057418
1.19955e-006,0.00571953
1.1996e-006,0.00570411
1.19965e-006,0.00571096
1.1997e-006,0.00572296
1.19975e-006,0.00573323
1.1998e-006,0.00577606
1.19985e-006,0.00581717
1.1999e-006,0.00583944
1.19995e-006,0.00589082
1.2e-006,0.00591309
1.20005e-006,0.00592508
1.2001e-006,0.00589939
1.20015e-006,0.00585314
1.2002e-006,0.00578633
1.20025e-006,0.00576235
1.2003e-006,0.00572809
1.20035e-006,0.00566472
1.2004e-006,0.00565615
1.20045e-006,0.00562874
1.2005e-006,0.00565101
1.20055e-006,0.00567157
1.2006e-006,0.00573666
1.20065e-006,0.00579661
1.2007e-006,0.0058343
1.20075e-006,0.0058874
1.2008e-006,0.00592851
1.20085e-006,0.00592851
1.2009e-006,0.00591994
1.20095e-006,0.00587712
1.201e-006,0.00584115
1.20105e-006,0.00576921
1.2011e-006,0.00572124
1.20115e-006,0.0057024
1.2012e-006,0.00567328
1.20125e-006,0.00567842
1.2013e-006,0.00569897
1.20135e-006,0.00574008
1.2014e-006,0.00577434
1.20145e-006,0.00581717
1.2015e-006,0.00586856
1.20155e-006,0.00588569
1.2016e-006,0.00587541
1.20165e-006,0.00590624
1.2017e-006,0.00590281
1.20175e-006,0.00589254
1.2018e-006,0.00585143
1.20185e-006,0.00583772
1.2019e-006,0.00580518
1.20195e-006,0.00584286
1.202e-006,0.00588055
1.20205e-006,0.00591481
1.2021e-006,0.00594393
1.20215e-006,0.00598846
1.2022e-006,0.00606041
1.20225e-006,0.0060724
1.2023e-006,0.00612721
1.20235e-006,0.00618031
1.2024e-006,0.00620429
1.20245e-006,0.00616661
1.2025e-006,0.00613406
1.20255e-006,0.00609809
1.2026e-006,0.00603642
1.20265e-006,0.00600045
1.2027e-006,0.0059405
1.20275e-006,0.00590281
1.2028e-006,0.0058343
1.20285e-006,0.0058343
1.2029e-006,0.00579833
1.20295e-006,0.00576578
1.203e-006,0.00572981
1.20305e-006,0.0057161
1.2031e-006,0.00570925
1.20315e-006,0.00572124
1.2032e-006,0.00571268
1.20325e-006,0.00575893
1.2033e-006,0.00577606
1.20335e-006,0.00580518
1.2034e-006,0.00579147
1.20345e-006,0.00579833
1.2035e-006,0.00577092
1.20355e-006,0.00576407
1.2036e-006,0.00571782
1.20365e-006,0.005663
1.2037e-006,0.0056356
1.20375e-006,0.00561675
1.2038e-006,0.00561504
1.20385e-006,0.00564073
1.2039e-006,0.00565958
1.20395e-006,0.00575721
1.204e-006,0.00582916
1.20405e-006,0.00590453
1.2041e-006,0.00599189
1.20415e-006,0.00605184
1.2042e-006,0.00608439
1.20425e-006,0.00611522
1.2043e-006,0.00614605
1.20435e-006,0.00613749
1.2044e-006,0.00617175
1.20445e-006,0.00618203
1.2045e-006,0.00616147
1.20455e-006,0.00614948
1.2046e-006,0.00617175
1.20465e-006,0.00617175
1.2047e-006,0.00614605
1.20475e-006,0.00612892
1.2048e-006,0.00612379
1.20485e-006,0.00612207
1.2049e-006,0.00605869
1.20495e-006,0.00597647
1.205e-006,0.00589425
1.20505e-006,0.00581888
1.2051e-006,0.0057418
1.20515e-006,0.00568013
1.2052e-006,0.00560305
1.20525e-006,0.00558078
1.2053e-006,0.0055705
1.20535e-006,0.00560476
1.2054e-006,0.00555851
1.20545e-006,0.00559791
1.2055e-006,0.00559448
1.20555e-006,0.00562189
1.2056e-006,0.00560648
1.20565e-006,0.00559106
1.2057e-006,0.00558935
1.20575e-006,0.00556194
1.2058e-006,0.00558592
1.20585e-006,0.00555509
1.2059e-006,0.00558763
1.20595e-006,0.00562874
1.206e-006,0.00567328
1.20605e-006,0.00575379
1.2061e-006,0.00582231
1.20615e-006,0.00591138
1.2062e-006,0.00599189
1.20625e-006,0.00601587
1.2063e-006,0.00606897
1.20635e-006,0.00608781
1.2064e-006,0.0060998
1.20645e-006,0.00607068
1.2065e-006,0.00606041
1.20655e-006,0.00602786
1.2066e-006,0.00598675
1.20665e-006,0.00593022
1.2067e-006,0.00589939
1.20675e-006,0.0059011
1.2068e-006,0.00589768
1.20685e-006,0.00592508
1.2069e-006,0.0059799
1.20695e-006,0.00605698
1.207e-006,0.00611522
1.20705e-006,0.00615633
1.2071e-006,0.00620601
1.20715e-006,0.00620943
1.2072e-006,0.00621457
1.20725e-006,0.00620772
1.2073e-006,0.00619059
1.20735e-006,0.00614777
1.2074e-006,0.00608267
1.20745e-006,0.00600902
1.2075e-006,0.00595592
1.20755e-006,0.00588397
1.2076e-006,0.00583772
1.20765e-006,0.00579661
1.2077e-006,0.00576407
1.20775e-006,0.00573323
1.2078e-006,0.00571782
1.20785e-006,0.00569041
1.2079e-006,0.00566472
1.20795e-006,0.00568184
1.208e-006,0.00565101
1.20805e-006,0.00566814
1.2081e-006,0.00570411
1.20815e-006,0.00575893
1.2082e-006,0.00576407
1.20825e-006,0.00582402
1.2083e-006,0.00591309
1.20835e-006,0.00596962
1.2084e-006,0.00598846
1.20845e-006,0.00600045
1.2085e-006,0.00602272
1.20855e-006,0.00601758
1.2086e-006,0.00598504
1.20865e-006,0.00596106
1.2087e-006,0.00595249
1.20875e-006,0.00596277
1.2088e-006,0.0059799
1.20885e-006,0.00601416
1.2089e-006,0.0060724
1.20895e-006,0.00612036
1.209e-006,0.00621115
1.20905e-006,0.00623341
1.2091e-006,0.00628138
1.20915e-006,0.00626253
1.2092e-006,0.00624027
1.20925e-006,0.00618716
1.2093e-006,0.00609809
1.20935e-006,0.0059936
1.2094e-006,0.00591138
1.20945e-006,0.00585999
1.2095e-006,0.00575721
1.20955e-006,0.00569555
1.2096e-006,0.00569555
1.20965e-006,0.00569726
1.2097e-006,0.00574351
1.20975e-006,0.00578462
1.2098e-006,0.0058874
1.20985e-006,0.00594221
1.2099e-006,0.00606041
1.20995e-006,0.00615804
1.21e-006,0.00621971
1.21005e-006,0.00627966
1.2101e-006,0.00632591
1.21015e-006,0.0063636
1.2102e-006,0.00637901
1.21025e-006,0.00635332
1.2103e-006,0.00636531
1.21035e-006,0.00632934
1.2104e-006,0.00628994
1.21045e-006,0.00627281
1.2105e-006,0.00624883
1.21055e-006,0.00626596
1.2106e-006,0.00631906
1.21065e-006,0.00635161
1.2107e-006,0.00640471
1.21075e-006,0.00646295
1.2108e-006,0.00650749
1.21085e-006,0.00653489
1.2109e-006,0.00654003
1.21095e-006,0.00649207
1.211e-006,0.00642012
1.21105e-006,0.00632249
1.2111e-006,0.00620772
1.21115e-006,0.00609295
1.2112e-006,0.00594906
1.21125e-006,0.00584629
1.2113e-006,0.00576064
1.21135e-006,0.00570069
1.2114e-006,0.00566643
1.21145e-006,0.00566472
1.2115e-006,0.00566985
1.21155e-006,0.00569726
1.2116e-006,0.0056887
1.21165e-006,0.00570583
1.2117e-006,0.00568698
1.21175e-006,0.00568356
1.2118e-006,0.00565786
1.21185e-006,0.0056493
1.2119e-006,0.00559277
1.21195e-006,0.00556879
1.212e-006,0.00555337
1.21205e-006,0.00554481
1.2121e-006,0.00552083
1.21215e-006,0.00550199
1.2122e-006,0.00548999
1.21225e-006,0.00544375
1.2123e-006,0.00540777
1.21235e-006,0.0053975
1.2124e-006,0.0053855
1.21245e-006,0.00535981
1.2125e-006,0.00533754
1.21255e-006,0.00536152
1.2126e-006,0.0053718
1.21265e-006,0.00540092
1.2127e-006,0.00544717
1.21275e-006,0.00553453
1.2128e-006,0.00560134
1.21285e-006,0.00570925
1.2129e-006,0.00577948
1.21295e-006,0.00590281
1.213e-006,0.00595249
1.21305e-006,0.00603471
1.2131e-006,0.00608439
1.21315e-006,0.00615291
1.2132e-006,0.00618545
1.21325e-006,0.00620601
1.2133e-006,0.00617517
1.21335e-006,0.00618545
1.2134e-006,0.00615291
1.21345e-006,0.00611865
1.2135e-006,0.00607582
1.21355e-006,0.0060193
1.2136e-006,0.00597818
1.21365e-006,0.0059405
1.2137e-006,0.0058874
1.21375e-006,0.00587883
1.2138e-006,0.0059011
1.21385e-006,0.00594221
1.2139e-006,0.0059799
1.21395e-006,0.00607754
1.214e-006,0.00615633
1.21405e-006,0.00622314
1.2141e-006,0.00628138
1.21415e-006,0.00630193
1.2142e-006,0.00632077
1.21425e-006,0.00627452
1.2143e-006,0.00622656
1.21435e-006,0.00616661
1.2144e-006,0.00611351
1.21445e-006,0.00603129
1.2145e-006,0.0059799
1.21455e-006,0.00593707
1.2146e-006,0.00589254
1.21465e-006,0.00587712
1.2147e-006,0.00587541
1.21475e-006,0.00591652
1.2148e-006,0.00593194
1.21485e-006,0.00594393
1.2149e-006,0.00597305
1.21495e-006,0.00598332
1.215e-006,0.00597305
1.21505e-006,0.00599018
1.2151e-006,0.00596448
1.21515e-006,0.00591481
1.2152e-006,0.00589425
1.21525e-006,0.00584629
1.2153e-006,0.00577092
1.21535e-006,0.00571096
1.2154e-006,0.00565272
1.21545e-006,0.00561675
1.2155e-006,0.00554823
1.21555e-006,0.00552597
1.2156e-006,0.00547972
1.21565e-006,0.00550884
1.2157e-006,0.00551398
1.21575e-006,0.00552083
1.2158e-006,0.00556194
1.21585e-006,0.00561675
1.2159e-006,0.00567157
1.21595e-006,0.00568184
1.216e-006,0.00572467
1.21605e-006,0.00573837
1.2161e-006,0.0057161
1.21615e-006,0.00572638
1.2162e-006,0.00570069
1.21625e-006,0.00570069
1.2163e-006,0.00564587
1.21635e-006,0.00564759
1.2164e-006,0.00563046
1.21645e-006,0.005663
1.2165e-006,0.00566985
1.21655e-006,0.00567671
1.2166e-006,0.00570411
1.21665e-006,0.0057418
1.2167e-006,0.00578633
1.21675e-006,0.00581545
1.2168e-006,0.00585828
1.21685e-006,0.00589768
1.2169e-006,0.00593365
1.21695e-006,0.00596448
1.217e-006,0.00597647
1.21705e-006,0.00597133
1.2171e-006,0.0059542
1.21715e-006,0.00595249
1.2172e-006,0.00595934
1.21725e-006,0.00594564
1.2173e-006,0.00594393
1.21735e-006,0.00591138
1.2174e-006,0.00589425
1.21745e-006,0.00585828
1.2175e-006,0.00585485
1.21755e-006,0.005848
1.2176e-006,0.00585657
1.21765e-006,0.00587198
1.2177e-006,0.00586513
1.21775e-006,0.00585999
1.2178e-006,0.00583601
1.21785e-006,0.00583258
1.2179e-006,0.00577434
1.21795e-006,0.00573666
1.218e-006,0.00570583
1.21805e-006,0.00567671
1.2181e-006,0.00564245
1.21815e-006,0.00565615
1.2182e-006,0.0056493
1.21825e-006,0.00565786
1.2183e-006,0.00566814
1.21835e-006,0.00570754
1.2184e-006,0.00573495
1.21845e-006,0.00576407
1.2185e-006,0.00577777
1.21855e-006,0.00581203
1.2186e-006,0.00585485
1.21865e-006,0.00589768
1.2187e-006,0.00591309
1.21875e-006,0.00594906
1.2188e-006,0.0059542
1.21885e-006,0.00601416
1.2189e-006,0.00609295
1.21895e-006,0.0061392
1.219e-006,0.00621628
1.21905e-006,0.00627624
1.2191e-006,0.00628309
1.21915e-006,0.00626253
1.2192e-006,0.00625226
1.21925e-006,0.00621971
1.2193e-006,0.00616147
1.21935e-006,0.00610152
1.2194e-006,0.00603471
1.21945e-006,0.00596277
1.2195e-006,0.00591138
1.21955e-006,0.00589596
1.2196e-006,0.00591823
1.21965e-006,0.00593879
1.2197e-006,0.00596106
1.21975e-006,0.00599018
1.2198e-006,0.00600045
1.21985e-006,0.006033
1.2199e-006,0.00608096
1.21995e-006,0.00605869
1.22e-006,0.00603814
1.22005e-006,0.00597305
1.2201e-006,0.00593879
1.22015e-006,0.00589939
1.2202e-006,0.00587712
1.22025e-006,0.0058343
1.2203e-006,0.00583944
1.22035e-006,0.00584457
1.2204e-006,0.00586513
1.22045e-006,0.00587541
1.2205e-006,0.00591481
1.22055e-006,0.00593707
1.2206e-006,0.00591652
1.22065e-006,0.00595078
1.2207e-006,0.00591823
1.22075e-006,0.00585999
1.2208e-006,0.00582402
1.22085e-006,0.00578976
1.2209e-006,0.00575893
1.22095e-006,0.00573152
1.221e-006,0.00572296
1.22105e-006,0.00567328
1.2211e-006,0.00567157
1.22115e-006,0.00566985
1.2212e-006,0.00566814
1.22125e-006,0.00566643
1.2213e-006,0.00566985
1.22135e-006,0.00566985
1.2214e-006,0.00567157
1.22145e-006,0.00567157
1.2215e-006,0.00567328
1.22155e-006,0.00570754
1.2216e-006,0.00570925
1.22165e-006,0.00572296
1.2217e-006,0.0058086
1.22175e-006,0.0059268
1.2218e-006,0.00602101
1.22185e-006,0.0061255
1.2219e-006,0.00619402
1.22195e-006,0.00623855
1.222e-006,0.00625911
1.22205e-006,0.00624027
1.2221e-006,0.00618203
1.22215e-006,0.00607754
1.2222e-006,0.00599531
1.22225e-006,0.00588569
1.2223e-006,0.00575893
1.22235e-006,0.00563902
1.2224e-006,0.00554138
1.22245e-006,0.0055037
1.2225e-006,0.00548657
1.22255e-006,0.00548999
1.2226e-006,0.00553282
1.22265e-006,0.00561675
1.2227e-006,0.00569384
1.22275e-006,0.00572809
1.2228e-006,0.00578633
1.22285e-006,0.00579147
1.2229e-006,0.00579661
1.22295e-006,0.00576578
1.223e-006,0.00575036
1.22305e-006,0.00575208
1.2231e-006,0.00572809
1.22315e-006,0.00572638
1.2232e-006,0.00572981
1.22325e-006,0.00574008
1.2233e-006,0.00578633
1.22335e-006,0.00581545
1.2234e-006,0.00587541
1.22345e-006,0.00593707
1.2235e-006,0.00599874
1.22355e-006,0.00605527
1.2236e-006,0.00613749
1.22365e-006,0.00620087
1.2237e-006,0.0062848
1.22375e-006,0.00637216
1.2238e-006,0.00648179
1.22385e-006,0.00659142
1.2239e-006,0.00669591
1.22395e-006,0.00682095
1.224e-006,0.00688605
