LECROYWM8500,500500138,Waveform
Segments,1,SegmentSize,20002
Segment,TrigTime,TimeSinceSegment1
#1,17-Nov-2021 11:09:13,0                 
Time,Ampl
2.2395e-007,-0.000128471
2.24e-007,-0.000137036
2.2405e-007,-0.000140462
2.241e-007,-0.00013361
2.2415e-007,-0.000111342
2.242e-007,-7.36567e-005
2.2425e-007,-6.16661e-005
2.243e-007,1.37036e-005
2.2435e-007,6.3379e-005
2.244e-007,9.24991e-005
2.2445e-007,0.0001456
2.245e-007,0.000188424
2.2455e-007,0.000219257
2.246e-007,0.000253516
2.2465e-007,0.00029634
2.247e-007,0.000316895
2.2475e-007,0.000310043
2.248e-007,0.000332312
2.2485e-007,0.000347728
2.249e-007,0.000351154
2.2495e-007,0.000364858
2.25e-007,0.000342589
2.2505e-007,0.000306617
2.251e-007,0.000275784
2.2515e-007,0.000231248
2.252e-007,0.000195276
2.2525e-007,0.000202128
2.253e-007,0.000188424
2.2535e-007,0.000183285
2.254e-007,0.000183285
2.2545e-007,0.000193563
2.255e-007,0.000190137
2.2555e-007,0.000214118
2.256e-007,0.000203841
2.2565e-007,0.000207267
2.257e-007,0.000200415
2.2575e-007,0.000200415
2.258e-007,0.000173008
2.2585e-007,0.000157591
2.259e-007,0.000143888
2.2595e-007,0.000131897
2.26e-007,9.07862e-005
2.2605e-007,0.000111342
2.261e-007,8.56473e-005
2.2615e-007,6.85179e-005
2.262e-007,7.02308e-005
2.2625e-007,0.000109629
2.263e-007,0.000113054
2.2635e-007,0.000102777
2.264e-007,0.000109629
2.2645e-007,0.00011648
2.265e-007,8.05085e-005
2.2655e-007,7.19438e-005
2.266e-007,7.70826e-005
2.2665e-007,5.99531e-005
2.267e-007,1.71295e-005
2.2675e-007,1.88424e-005
2.268e-007,-3.42589e-006
2.2685e-007,-1.19906e-005
2.269e-007,-1.54165e-005
2.2695e-007,1.02777e-005
2.27e-007,1.71295e-006
2.2705e-007,4.28237e-005
2.271e-007,5.31014e-005
2.2715e-007,7.36567e-005
2.272e-007,0.000101064
2.2725e-007,0.000119906
2.273e-007,0.000125045
2.2735e-007,0.000161017
2.274e-007,0.000152452
2.2745e-007,0.000138749
2.275e-007,0.000130184
2.2755e-007,0.000121619
2.276e-007,9.5925e-005
2.2765e-007,8.22214e-005
2.277e-007,8.39344e-005
2.2775e-007,6.16661e-005
2.278e-007,5.82402e-005
2.2785e-007,7.19438e-005
2.279e-007,0.000123332
2.2795e-007,0.000167869
2.28e-007,0.000212405
2.2805e-007,0.000260368
2.281e-007,0.000291201
2.2815e-007,0.000315182
2.282e-007,0.000334025
2.2825e-007,0.000299766
2.283e-007,0.000246664
2.2835e-007,0.000190137
2.284e-007,0.000102777
2.2845e-007,2.56942e-005
2.285e-007,-5.99531e-005
2.2855e-007,-0.000142175
2.286e-007,-0.000222683
2.2865e-007,-0.000270646
2.287e-007,-0.000342589
2.2875e-007,-0.000361432
2.288e-007,-0.000378561
2.2885e-007,-0.000313469
2.289e-007,-0.000282636
2.2895e-007,-0.000224396
2.29e-007,-0.000150739
2.2905e-007,-0.000128471
2.291e-007,-5.13884e-005
2.2915e-007,2.22683e-005
2.292e-007,5.82402e-005
2.2925e-007,0.000113054
2.293e-007,0.000150739
2.2935e-007,0.000181572
2.294e-007,0.000203841
2.2945e-007,0.0002381
2.295e-007,0.000219257
2.2955e-007,0.000200415
2.296e-007,0.000157591
2.2965e-007,0.000143888
2.297e-007,0.00010449
2.2975e-007,0.000114767
2.298e-007,9.5925e-005
2.2985e-007,8.39344e-005
2.299e-007,8.73603e-005
2.2995e-007,0.000113054
2.3e-007,0.000140462
2.3005e-007,0.000205554
2.301e-007,0.000244951
2.3015e-007,0.000286062
2.302e-007,0.000334025
2.3025e-007,0.000351154
2.303e-007,0.000347728
2.3035e-007,0.000361432
2.304e-007,0.000332312
2.3045e-007,0.000286062
2.305e-007,0.000219257
2.3055e-007,0.000173008
2.306e-007,0.000113054
2.3065e-007,7.36567e-005
2.307e-007,2.56942e-005
2.3075e-007,2.05554e-005
2.308e-007,4.45366e-005
2.3085e-007,7.87956e-005
2.309e-007,0.000128471
2.3095e-007,0.00019185
2.31e-007,0.000294627
2.3105e-007,0.00035458
2.311e-007,0.000407681
2.3115e-007,0.000467634
2.312e-007,0.000515597
2.3125e-007,0.000548143
2.313e-007,0.000525875
2.3135e-007,0.000541291
2.314e-007,0.000501893
2.3145e-007,0.000483051
2.315e-007,0.000445366
2.3155e-007,0.000409394
2.316e-007,0.000388839
2.3165e-007,0.000388839
2.317e-007,0.000366571
2.3175e-007,0.000359719
2.318e-007,0.000364858
2.3185e-007,0.000344302
2.319e-007,0.000356293
2.3195e-007,0.00032546
2.32e-007,0.000298053
2.3205e-007,0.000270646
2.321e-007,0.000217544
2.3215e-007,0.000198702
2.322e-007,0.000166156
2.3225e-007,0.000138749
2.323e-007,0.000130184
2.3235e-007,0.000123332
2.324e-007,0.000128471
2.3245e-007,0.000161017
2.325e-007,0.000166156
2.3255e-007,0.000183285
2.326e-007,0.000198702
2.3265e-007,0.000232961
2.327e-007,0.000244951
2.3275e-007,0.000248377
2.328e-007,0.000234674
2.3285e-007,0.000248377
2.329e-007,0.000239813
2.3295e-007,0.000215831
2.33e-007,0.000200415
2.3305e-007,0.00019185
2.331e-007,0.000181572
2.3315e-007,0.000174721
2.332e-007,0.000143888
2.3325e-007,0.000121619
2.333e-007,0.000107916
2.3335e-007,0.000113054
2.334e-007,9.7638e-005
2.3345e-007,8.73603e-005
2.335e-007,6.68049e-005
2.3355e-007,7.02308e-005
2.336e-007,9.24991e-005
2.3365e-007,0.000131897
2.337e-007,0.00016273
2.3375e-007,0.000179859
2.338e-007,0.000234674
2.3385e-007,0.000275784
2.339e-007,0.000306617
2.3395e-007,0.000364858
2.34e-007,0.000411107
2.3405e-007,0.000419672
2.341e-007,0.000450505
2.3415e-007,0.000417959
2.342e-007,0.000414533
2.3425e-007,0.000380274
2.343e-007,0.000346015
2.3435e-007,0.000282636
2.344e-007,0.000190137
2.3445e-007,0.00013361
2.345e-007,5.31014e-005
2.3455e-007,1.02777e-005
2.346e-007,-6.3379e-005
2.3465e-007,-0.00010449
2.347e-007,-0.00011648
2.3475e-007,-8.73603e-005
2.348e-007,-6.5092e-005
2.3485e-007,6.85179e-006
2.349e-007,9.7638e-005
2.3495e-007,0.000212405
2.35e-007,0.000339163
2.3505e-007,0.00044194
2.351e-007,0.000566985
2.3515e-007,0.000649207
2.352e-007,0.000717725
2.3525e-007,0.000758835
2.353e-007,0.000803372
2.3535e-007,0.000791381
2.354e-007,0.000748558
2.3545e-007,0.000721151
2.355e-007,0.00066291
2.3555e-007,0.000626939
2.356e-007,0.000561847
2.3565e-007,0.000496755
2.357e-007,0.00044194
2.3575e-007,0.000399117
2.358e-007,0.000361432
2.3585e-007,0.000323747
2.359e-007,0.00027921
2.3595e-007,0.000277497
2.36e-007,0.000274071
2.3605e-007,0.000258655
2.361e-007,0.000270646
2.3615e-007,0.000287775
2.362e-007,0.000292914
2.3625e-007,0.000322034
2.363e-007,0.000330599
2.3635e-007,0.000335738
2.364e-007,0.000320321
2.3645e-007,0.000337451
2.365e-007,0.000313469
2.3655e-007,0.000298053
2.366e-007,0.000258655
2.3665e-007,0.000243238
2.367e-007,0.000210692
2.3675e-007,0.000164443
2.368e-007,0.000161017
2.3685e-007,0.000130184
2.369e-007,0.000130184
2.3695e-007,0.0001456
2.37e-007,0.000159304
2.3705e-007,0.000200415
2.371e-007,0.000256942
2.3715e-007,0.000274071
2.372e-007,0.000327173
2.3725e-007,0.000346015
2.373e-007,0.000339163
2.3735e-007,0.000318608
2.374e-007,0.000304905
2.3745e-007,0.000227822
2.375e-007,0.000171295
2.3755e-007,0.000131897
2.376e-007,6.16661e-005
2.3765e-007,5.13884e-006
2.377e-007,-5.48143e-005
2.3775e-007,-5.99531e-005
2.378e-007,-5.99531e-005
2.3785e-007,-2.39813e-005
2.379e-007,5.13884e-006
2.3795e-007,6.85179e-005
2.38e-007,0.000157591
2.3805e-007,0.000179859
2.381e-007,0.000251803
2.3815e-007,0.000327173
2.382e-007,0.000378561
2.3825e-007,0.00041282
2.383e-007,0.000402543
2.3835e-007,0.00041282
2.384e-007,0.000395691
2.3845e-007,0.000363145
2.385e-007,0.000349441
2.3855e-007,0.000322034
2.386e-007,0.00029634
2.3865e-007,0.000289488
2.387e-007,0.000263794
2.3875e-007,0.000265507
2.388e-007,0.000272359
2.3885e-007,0.000299766
2.389e-007,0.000320321
2.3895e-007,0.000351154
2.39e-007,0.000368284
2.3905e-007,0.000416246
2.391e-007,0.000423098
2.3915e-007,0.00041282
2.392e-007,0.000402543
2.3925e-007,0.000358006
2.393e-007,0.000328886
2.3935e-007,0.000323747
2.394e-007,0.000322034
2.3945e-007,0.00029634
2.395e-007,0.000316895
2.3955e-007,0.000337451
2.396e-007,0.000349441
2.3965e-007,0.000409394
2.397e-007,0.00045907
2.3975e-007,0.000491616
2.398e-007,0.000529301
2.3985e-007,0.000551569
2.399e-007,0.000548143
2.3995e-007,0.000512171
2.4e-007,0.000453931
2.4005e-007,0.000364858
2.401e-007,0.000274071
2.4015e-007,0.000196989
2.402e-007,0.000142175
2.4025e-007,8.56473e-005
2.403e-007,6.85179e-005
2.4035e-007,7.87956e-005
2.404e-007,9.93509e-005
2.4045e-007,0.00013361
2.405e-007,0.000186711
2.4055e-007,0.000241526
2.406e-007,0.000287775
2.4065e-007,0.000303192
2.407e-007,0.000315182
2.4075e-007,0.000313469
2.408e-007,0.000286062
2.4085e-007,0.000284349
2.409e-007,0.000260368
2.4095e-007,0.000234674
2.41e-007,0.0002381
2.4105e-007,0.000232961
2.411e-007,0.000246664
2.4115e-007,0.000274071
2.412e-007,0.000322034
2.4125e-007,0.000356293
2.413e-007,0.000397404
2.4135e-007,0.000428237
2.414e-007,0.000440227
2.4145e-007,0.000450505
2.415e-007,0.000452218
2.4155e-007,0.000436801
2.416e-007,0.000435089
2.4165e-007,0.000433376
2.417e-007,0.000407681
2.4175e-007,0.000393978
2.418e-007,0.000340876
2.4185e-007,0.000298053
2.419e-007,0.000262081
2.4195e-007,0.000207267
2.42e-007,0.000128471
2.4205e-007,5.99531e-005
2.421e-007,-1.19906e-005
2.4215e-007,-8.73603e-005
2.422e-007,-0.000155878
2.4225e-007,-0.000174721
2.423e-007,-0.000167869
2.4235e-007,-0.000149026
2.424e-007,-8.05085e-005
2.4245e-007,-6.85179e-006
2.425e-007,8.22214e-005
2.4255e-007,0.000186711
2.426e-007,0.000272359
2.4265e-007,0.000366571
2.427e-007,0.000431663
2.4275e-007,0.00048819
2.428e-007,0.000508745
2.4285e-007,0.000520736
2.429e-007,0.000493329
2.4295e-007,0.000440227
2.43e-007,0.000369997
2.4305e-007,0.000301479
2.431e-007,0.0002381
2.4315e-007,0.000173008
2.432e-007,0.000121619
2.4325e-007,0.000121619
2.433e-007,8.22214e-005
2.4335e-007,7.87956e-005
2.434e-007,5.82402e-005
2.4345e-007,8.56473e-005
2.435e-007,6.85179e-005
2.4355e-007,5.99531e-005
2.436e-007,4.96755e-005
2.4365e-007,6.85179e-006
2.437e-007,-2.22683e-005
2.4375e-007,-4.62496e-005
2.438e-007,-9.42121e-005
2.4385e-007,-0.000130184
2.439e-007,-0.000131897
2.4395e-007,-0.000131897
2.44e-007,-0.000107916
2.4405e-007,-7.19438e-005
2.441e-007,-1.54165e-005
2.4415e-007,5.31014e-005
2.442e-007,9.07862e-005
2.4425e-007,0.000154165
2.443e-007,0.000212405
2.4435e-007,0.000251803
2.444e-007,0.000262081
2.4445e-007,0.000262081
2.445e-007,0.000236387
2.4455e-007,0.000149026
2.446e-007,9.24991e-005
2.4465e-007,1.37036e-005
2.447e-007,-6.5092e-005
2.4475e-007,-0.000111342
2.448e-007,-0.000137036
2.4485e-007,-0.000150739
2.449e-007,-0.000164443
2.4495e-007,-0.000135323
2.45e-007,-0.000126758
2.4505e-007,-4.11107e-005
2.451e-007,4.28237e-005
2.4515e-007,0.000119906
2.452e-007,0.00022097
2.4525e-007,0.000284349
2.453e-007,0.000392265
2.4535e-007,0.00045907
2.454e-007,0.000469347
2.4545e-007,0.000489903
2.455e-007,0.000465922
2.4555e-007,0.000419672
2.456e-007,0.000349441
2.4565e-007,0.000246664
2.457e-007,0.000159304
2.4575e-007,8.56473e-005
2.458e-007,-1.71295e-006
2.4585e-007,-7.87956e-005
2.459e-007,-0.000106203
2.4595e-007,-0.000121619
2.46e-007,-0.000109629
2.4605e-007,-6.16661e-005
2.461e-007,1.71295e-006
2.4615e-007,6.5092e-005
2.462e-007,0.000130184
2.4625e-007,0.000222683
2.463e-007,0.000277497
2.4635e-007,0.000287775
2.464e-007,0.000303192
2.4645e-007,0.000291201
2.465e-007,0.000272359
2.4655e-007,0.000253516
2.466e-007,0.000217544
2.4665e-007,0.000174721
2.467e-007,0.000155878
2.4675e-007,0.000125045
2.468e-007,0.000111342
2.4685e-007,0.000111342
2.469e-007,0.00013361
2.4695e-007,0.000169582
2.47e-007,0.000193563
2.4705e-007,0.000234674
2.471e-007,0.000277497
2.4715e-007,0.000299766
2.472e-007,0.00029634
2.4725e-007,0.000294627
2.473e-007,0.000298053
2.4735e-007,0.000258655
2.474e-007,0.000226109
2.4745e-007,0.000219257
2.475e-007,0.000173008
2.4755e-007,0.000173008
2.476e-007,0.000138749
2.4765e-007,0.000111342
2.477e-007,0.000111342
2.4775e-007,0.000119906
2.478e-007,0.000135323
2.4785e-007,0.000161017
2.479e-007,0.000202128
2.4795e-007,0.000207267
2.48e-007,0.000195276
2.4805e-007,0.000205554
2.481e-007,0.000212405
2.4815e-007,0.000193563
2.482e-007,0.000164443
2.4825e-007,0.000155878
2.483e-007,0.000154165
2.4835e-007,0.000149026
2.484e-007,0.000149026
2.4845e-007,0.000152452
2.485e-007,0.000190137
2.4855e-007,0.00022097
2.486e-007,0.000246664
2.4865e-007,0.000274071
2.487e-007,0.000274071
2.4875e-007,0.000277497
2.488e-007,0.000248377
2.4885e-007,0.000212405
2.489e-007,0.000159304
2.4895e-007,9.24991e-005
2.49e-007,1.37036e-005
2.4905e-007,-6.68049e-005
2.491e-007,-0.00013361
2.4915e-007,-0.000150739
2.492e-007,-0.000178146
2.4925e-007,-0.000157591
2.493e-007,-0.0001456
2.4935e-007,-7.70826e-005
2.494e-007,-1.02777e-005
2.4945e-007,5.82402e-005
2.495e-007,0.000142175
2.4955e-007,0.000184998
2.496e-007,0.000260368
2.4965e-007,0.000298053
2.497e-007,0.000315182
2.4975e-007,0.000316895
2.498e-007,0.000301479
2.4985e-007,0.000298053
2.499e-007,0.000260368
2.4995e-007,0.000231248
2.5e-007,0.000188424
2.5005e-007,0.000167869
2.501e-007,0.000164443
2.5015e-007,0.000186711
2.502e-007,0.000212405
2.5025e-007,0.000227822
2.503e-007,0.000274071
2.5035e-007,0.000327173
2.504e-007,0.000380274
2.5045e-007,0.000424811
2.505e-007,0.000474486
2.5055e-007,0.000489903
2.506e-007,0.000525875
2.5065e-007,0.000519023
2.507e-007,0.00050018
2.5075e-007,0.000503606
2.508e-007,0.000512171
2.5085e-007,0.00050018
2.509e-007,0.000493329
2.5095e-007,0.000472773
2.51e-007,0.000453931
2.5105e-007,0.00044194
2.511e-007,0.000411107
2.5115e-007,0.000380274
2.512e-007,0.000337451
2.5125e-007,0.000303192
2.513e-007,0.00025009
2.5135e-007,0.000198702
2.514e-007,0.000154165
2.5145e-007,0.000130184
2.515e-007,8.73603e-005
2.5155e-007,5.82402e-005
2.516e-007,9.24991e-005
2.5165e-007,0.000118193
2.517e-007,0.000169582
2.5175e-007,0.000215831
2.518e-007,0.000268933
2.5185e-007,0.000304905
2.519e-007,0.000320321
2.5195e-007,0.000332312
2.52e-007,0.000320321
2.5205e-007,0.00026722
2.521e-007,0.000193563
2.5215e-007,0.000107916
2.522e-007,1.54165e-005
2.5225e-007,-3.76848e-005
2.523e-007,-7.53697e-005
2.5235e-007,-9.07862e-005
2.524e-007,-7.87956e-005
2.5245e-007,-4.11107e-005
2.525e-007,8.56473e-006
2.5255e-007,9.93509e-005
2.526e-007,0.000190137
2.5265e-007,0.000280923
2.527e-007,0.000337451
2.5275e-007,0.000371709
2.528e-007,0.000381987
2.5285e-007,0.000371709
2.529e-007,0.00032546
2.5295e-007,0.000304905
2.53e-007,0.000256942
2.5305e-007,0.000178146
2.531e-007,0.000106203
2.5315e-007,4.96755e-005
2.532e-007,2.22683e-005
2.5325e-007,-2.05554e-005
2.533e-007,-4.79625e-005
2.5335e-007,-2.74071e-005
2.534e-007,-1.02777e-005
2.5345e-007,3.59719e-005
2.535e-007,9.07862e-005
2.5355e-007,0.000130184
2.536e-007,0.000193563
2.5365e-007,0.000260368
2.537e-007,0.000286062
2.5375e-007,0.000364858
2.538e-007,0.000385413
2.5385e-007,0.000405968
2.539e-007,0.000443653
2.5395e-007,0.000450505
2.54e-007,0.000448792
2.5405e-007,0.00044194
2.541e-007,0.000447079
2.5415e-007,0.000416246
2.542e-007,0.000426524
2.5425e-007,0.000397404
2.543e-007,0.00040083
2.5435e-007,0.000404255
2.544e-007,0.000402543
2.5445e-007,0.000390552
2.545e-007,0.000387126
2.5455e-007,0.000375135
2.546e-007,0.000368284
2.5465e-007,0.000380274
2.547e-007,0.000358006
2.5475e-007,0.000361432
2.548e-007,0.00032546
2.5485e-007,0.000313469
2.549e-007,0.000284349
2.5495e-007,0.000258655
2.55e-007,0.000222683
2.5505e-007,0.000198702
2.551e-007,0.000131897
2.5515e-007,9.5925e-005
2.552e-007,4.45366e-005
2.5525e-007,1.88424e-005
2.553e-007,8.56473e-006
2.5535e-007,-2.22683e-005
2.554e-007,-2.74071e-005
2.5545e-007,-4.11107e-005
2.555e-007,-8.56473e-006
2.5555e-007,3.42589e-005
2.556e-007,6.16661e-005
2.5565e-007,7.02308e-005
2.557e-007,0.000113054
2.5575e-007,0.0001456
2.558e-007,0.000150739
2.5585e-007,0.000173008
2.559e-007,0.000142175
2.5595e-007,0.000101064
2.56e-007,7.19438e-005
2.5605e-007,3.93978e-005
2.561e-007,-3.42589e-006
2.5615e-007,-3.76848e-005
2.562e-007,-2.91201e-005
2.5625e-007,-1.02777e-005
2.563e-007,1.02777e-005
2.5635e-007,3.93978e-005
2.564e-007,0.000101064
2.5645e-007,0.000173008
2.565e-007,0.0002381
2.5655e-007,0.000306617
2.566e-007,0.000402543
2.5665e-007,0.000448792
2.567e-007,0.000465922
2.5675e-007,0.000477912
2.568e-007,0.000479625
2.5685e-007,0.00044194
2.569e-007,0.000387126
2.5695e-007,0.000335738
2.57e-007,0.000260368
2.5705e-007,0.000190137
2.571e-007,0.000121619
2.5715e-007,8.05085e-005
2.572e-007,4.11107e-005
2.5725e-007,5.13884e-006
2.573e-007,-2.91201e-005
2.5735e-007,-5.13884e-005
2.574e-007,-6.3379e-005
2.5745e-007,-8.22214e-005
2.575e-007,-4.96755e-005
2.5755e-007,-5.31014e-005
2.576e-007,-7.02308e-005
2.5765e-007,-4.28237e-005
2.577e-007,-1.88424e-005
2.5775e-007,2.05554e-005
2.578e-007,3.59719e-005
2.5785e-007,9.07862e-005
2.579e-007,0.000114767
2.5795e-007,0.00016273
2.58e-007,0.000196989
2.5805e-007,0.000222683
2.581e-007,0.000274071
2.5815e-007,0.000284349
2.582e-007,0.000303192
2.5825e-007,0.000316895
2.583e-007,0.000332312
2.5835e-007,0.000342589
2.584e-007,0.00035458
2.5845e-007,0.000356293
2.585e-007,0.000347728
2.5855e-007,0.000347728
2.586e-007,0.000347728
2.5865e-007,0.000332312
2.587e-007,0.000339163
2.5875e-007,0.000323747
2.588e-007,0.000342589
2.5885e-007,0.000335738
2.589e-007,0.000351154
2.5895e-007,0.000359719
2.59e-007,0.000378561
2.5905e-007,0.000393978
2.591e-007,0.000416246
2.5915e-007,0.00045907
2.592e-007,0.000491616
2.5925e-007,0.00048819
2.593e-007,0.000484764
2.5935e-007,0.00047106
2.594e-007,0.00045907
2.5945e-007,0.000440227
2.595e-007,0.000433376
2.5955e-007,0.000411107
2.596e-007,0.000388839
2.5965e-007,0.000373422
2.597e-007,0.000322034
2.5975e-007,0.000315182
2.598e-007,0.000330599
2.5985e-007,0.000316895
2.599e-007,0.000322034
2.5995e-007,0.000301479
2.6e-007,0.000313469
2.6005e-007,0.000313469
2.601e-007,0.000318608
2.6015e-007,0.000344302
2.602e-007,0.00032546
2.6025e-007,0.000328886
2.603e-007,0.000277497
2.6035e-007,0.0002381
2.604e-007,0.000186711
2.6045e-007,8.22214e-005
2.605e-007,-1.02777e-005
2.6055e-007,-0.000138749
2.606e-007,-0.000263794
2.6065e-007,-0.000390552
2.607e-007,-0.00050018
2.6075e-007,-0.000553282
2.608e-007,-0.000596106
2.6085e-007,-0.000608096
2.609e-007,-0.000556708
2.6095e-007,-0.000438514
2.61e-007,-0.000303192
2.6105e-007,-0.000140462
2.611e-007,2.74071e-005
2.6115e-007,0.000207267
2.612e-007,0.000369997
2.6125e-007,0.000469347
2.613e-007,0.000553282
2.6135e-007,0.000589254
2.614e-007,0.000596106
2.6145e-007,0.000568698
2.615e-007,0.000515597
2.6155e-007,0.000433376
2.616e-007,0.000340876
2.6165e-007,0.000311756
2.617e-007,0.000291201
2.6175e-007,0.000301479
2.618e-007,0.000339163
2.6185e-007,0.000373422
2.619e-007,0.000417959
2.6195e-007,0.00047106
2.62e-007,0.000510458
2.6205e-007,0.000532726
2.621e-007,0.00050018
2.6215e-007,0.000474486
2.622e-007,0.000435089
2.6225e-007,0.000390552
2.623e-007,0.000304905
2.6235e-007,0.000251803
2.624e-007,0.000210692
2.6245e-007,0.000184998
2.625e-007,0.000183285
2.6255e-007,0.000190137
2.626e-007,0.000227822
2.6265e-007,0.000270646
2.627e-007,0.000280923
2.6275e-007,0.00030833
2.628e-007,0.000318608
2.6285e-007,0.000311756
2.629e-007,0.000291201
2.6295e-007,0.00026722
2.63e-007,0.000205554
2.6305e-007,0.000179859
2.631e-007,0.000173008
2.6315e-007,0.000118193
2.632e-007,0.000101064
2.6325e-007,8.05085e-005
2.633e-007,5.82402e-005
2.6335e-007,7.70826e-005
2.634e-007,0.000113054
2.6345e-007,0.000119906
2.635e-007,0.000128471
2.6355e-007,0.000164443
2.636e-007,0.000212405
2.6365e-007,0.000251803
2.637e-007,0.000299766
2.6375e-007,0.00035458
2.638e-007,0.000371709
2.6385e-007,0.000395691
2.639e-007,0.00041282
2.6395e-007,0.000399117
2.64e-007,0.000381987
2.6405e-007,0.000327173
2.641e-007,0.000263794
2.6415e-007,0.000195276
2.642e-007,0.000111342
2.6425e-007,3.59719e-005
2.643e-007,-3.42589e-005
2.6435e-007,-7.19438e-005
2.644e-007,-9.24991e-005
2.6445e-007,-8.90732e-005
2.645e-007,-4.96755e-005
2.6455e-007,-1.88424e-005
2.646e-007,6.16661e-005
2.6465e-007,0.000113054
2.647e-007,0.000159304
2.6475e-007,0.00020898
2.648e-007,0.000212405
2.6485e-007,0.000248377
2.649e-007,0.000239813
2.6495e-007,0.000212405
2.65e-007,0.000155878
2.6505e-007,0.000118193
2.651e-007,9.5925e-005
2.6515e-007,8.73603e-005
2.652e-007,0.000101064
2.6525e-007,0.00010449
2.653e-007,0.000150739
2.6535e-007,0.000178146
2.654e-007,0.000193563
2.6545e-007,0.000248377
2.655e-007,0.000303192
2.6555e-007,0.000284349
2.656e-007,0.000298053
2.6565e-007,0.000287775
2.657e-007,0.000243238
2.6575e-007,0.000183285
2.658e-007,0.00010449
2.6585e-007,3.76848e-005
2.659e-007,-1.37036e-005
2.6595e-007,-5.48143e-005
2.66e-007,-8.90732e-005
2.6605e-007,-9.42121e-005
2.661e-007,-7.19438e-005
2.6615e-007,-5.65272e-005
2.662e-007,-1.37036e-005
2.6625e-007,2.91201e-005
2.663e-007,7.70826e-005
2.6635e-007,0.000123332
2.664e-007,0.000159304
2.6645e-007,0.000157591
2.665e-007,0.000121619
2.6655e-007,0.000109629
2.666e-007,8.73603e-005
2.6665e-007,3.93978e-005
2.667e-007,3.42589e-005
2.6675e-007,4.28237e-005
2.668e-007,8.39344e-005
2.6685e-007,0.000111342
2.669e-007,0.000167869
2.6695e-007,0.000229535
2.67e-007,0.000320321
2.6705e-007,0.000409394
2.671e-007,0.000498468
2.6715e-007,0.000544717
2.672e-007,0.000608096
2.6725e-007,0.000649207
2.673e-007,0.000674901
2.6735e-007,0.000685179
2.674e-007,0.000678327
2.6745e-007,0.000705734
2.675e-007,0.00068004
2.6755e-007,0.000656059
2.676e-007,0.00065092
2.6765e-007,0.000618374
2.677e-007,0.000590967
2.6775e-007,0.000556708
2.678e-007,0.000513884
2.6785e-007,0.000464209
2.679e-007,0.000426524
2.6795e-007,0.000381987
2.68e-007,0.000363145
2.6805e-007,0.000323747
2.681e-007,0.000334025
2.6815e-007,0.000363145
2.682e-007,0.000419672
2.6825e-007,0.000443653
2.683e-007,0.000483051
2.6835e-007,0.000503606
2.684e-007,0.000529301
2.6845e-007,0.000537865
2.685e-007,0.000481338
2.6855e-007,0.000436801
2.686e-007,0.000339163
2.6865e-007,0.000236387
2.687e-007,0.000140462
2.6875e-007,4.45366e-005
2.688e-007,-4.62496e-005
2.6885e-007,-0.000131897
2.689e-007,-0.000171295
2.6895e-007,-0.000166156
2.69e-007,-0.000152452
2.6905e-007,-8.39344e-005
2.691e-007,3.42589e-006
2.6915e-007,8.39344e-005
2.692e-007,0.000142175
2.6925e-007,0.000236387
2.693e-007,0.000286062
2.6935e-007,0.000310043
2.694e-007,0.00035458
2.6945e-007,0.000335738
2.695e-007,0.000304905
2.6955e-007,0.000231248
2.696e-007,0.000152452
2.6965e-007,7.36567e-005
2.697e-007,-2.22683e-005
2.6975e-007,-9.93509e-005
2.698e-007,-0.000186711
2.6985e-007,-0.000282636
2.699e-007,-0.000337451
2.6995e-007,-0.0003837
2.7e-007,-0.000411107
2.7005e-007,-0.000424811
2.701e-007,-0.000416246
2.7015e-007,-0.000392265
2.702e-007,-0.000320321
2.7025e-007,-0.000251803
2.703e-007,-0.000169582
2.7035e-007,-7.36567e-005
2.704e-007,6.85179e-006
2.7045e-007,9.42121e-005
2.705e-007,0.00013361
2.7055e-007,0.000169582
2.706e-007,0.000227822
2.7065e-007,0.000243238
2.707e-007,0.000207267
2.7075e-007,0.000190137
2.708e-007,0.000159304
2.7085e-007,0.000126758
2.709e-007,9.93509e-005
2.7095e-007,0.00010449
2.71e-007,9.24991e-005
2.7105e-007,0.000113054
2.711e-007,0.000142175
2.7115e-007,0.000178146
2.712e-007,0.000200415
2.7125e-007,0.000219257
2.713e-007,0.00025009
2.7135e-007,0.000255229
2.714e-007,0.000260368
2.7145e-007,0.000265507
2.715e-007,0.000243238
2.7155e-007,0.000231248
2.716e-007,0.000203841
2.7165e-007,0.000190137
2.717e-007,0.000161017
2.7175e-007,0.000161017
2.718e-007,0.000184998
2.7185e-007,0.000178146
2.719e-007,0.000178146
2.7195e-007,0.000224396
2.72e-007,0.000222683
2.7205e-007,0.000231248
2.721e-007,0.00022097
2.7215e-007,0.000215831
2.722e-007,0.000202128
2.7225e-007,0.000200415
2.723e-007,0.000186711
2.7235e-007,0.000188424
2.724e-007,0.000193563
2.7245e-007,0.000202128
2.725e-007,0.000214118
2.7255e-007,0.000217544
2.726e-007,0.000236387
2.7265e-007,0.000277497
2.727e-007,0.000289488
2.7275e-007,0.000298053
2.728e-007,0.000304905
2.7285e-007,0.000298053
2.729e-007,0.000265507
2.7295e-007,0.000253516
2.73e-007,0.00025009
2.7305e-007,0.000222683
2.731e-007,0.000207267
2.7315e-007,0.000196989
2.732e-007,0.000190137
2.7325e-007,0.00019185
2.733e-007,0.000196989
2.7335e-007,0.000214118
2.734e-007,0.000229535
2.7345e-007,0.000246664
2.735e-007,0.000272359
2.7355e-007,0.000282636
2.736e-007,0.000284349
2.7365e-007,0.000282636
2.737e-007,0.000258655
2.7375e-007,0.000227822
2.738e-007,0.000193563
2.7385e-007,0.000159304
2.739e-007,0.000125045
2.7395e-007,0.000106203
2.74e-007,9.42121e-005
2.7405e-007,0.000106203
2.741e-007,0.000114767
2.7415e-007,0.000159304
2.742e-007,0.00019185
2.7425e-007,0.00022097
2.743e-007,0.000274071
2.7435e-007,0.000337451
2.744e-007,0.000363145
2.7445e-007,0.000390552
2.745e-007,0.000409394
2.7455e-007,0.000392265
2.746e-007,0.000342589
2.7465e-007,0.000318608
2.747e-007,0.000291201
2.7475e-007,0.000270646
2.748e-007,0.000244951
2.7485e-007,0.000234674
2.749e-007,0.000265507
2.7495e-007,0.000291201
2.75e-007,0.000328886
2.7505e-007,0.000381987
2.751e-007,0.00040083
2.7515e-007,0.000411107
2.752e-007,0.000424811
2.7525e-007,0.000407681
2.753e-007,0.000359719
2.7535e-007,0.00029634
2.754e-007,0.000207267
2.7545e-007,8.90732e-005
2.755e-007,-8.56473e-006
2.7555e-007,-9.42121e-005
2.756e-007,-0.000167869
2.7565e-007,-0.00019185
2.757e-007,-0.000205554
2.7575e-007,-0.000154165
2.758e-007,-7.87956e-005
2.7585e-007,3.42589e-005
2.759e-007,0.0001456
2.7595e-007,0.000272359
2.76e-007,0.000407681
2.7605e-007,0.000507032
2.761e-007,0.00059268
2.7615e-007,0.000644068
2.762e-007,0.000645781
2.7625e-007,0.000620087
2.763e-007,0.000561847
2.7635e-007,0.00045907
2.764e-007,0.000368284
2.7645e-007,0.00026722
2.765e-007,0.000155878
2.7655e-007,7.02308e-005
2.766e-007,-3.42589e-006
2.7665e-007,-4.96755e-005
2.767e-007,-7.87956e-005
2.7675e-007,-6.3379e-005
2.768e-007,-4.11107e-005
2.7685e-007,-1.02777e-005
2.769e-007,1.88424e-005
2.7695e-007,9.24991e-005
2.77e-007,0.000135323
2.7705e-007,0.000167869
2.771e-007,0.000205554
2.7715e-007,0.000219257
2.772e-007,0.000246664
2.7725e-007,0.000260368
2.773e-007,0.000258655
2.7735e-007,0.000291201
2.774e-007,0.000280923
2.7745e-007,0.00026722
2.775e-007,0.000255229
2.7755e-007,0.000260368
2.776e-007,0.00026722
2.7765e-007,0.000260368
2.777e-007,0.000251803
2.7775e-007,0.000236387
2.778e-007,0.000232961
2.7785e-007,0.000239813
2.779e-007,0.000229535
2.7795e-007,0.000200415
2.78e-007,0.000174721
2.7805e-007,0.000178146
2.781e-007,0.000118193
2.7815e-007,0.000123332
2.782e-007,6.3379e-005
2.7825e-007,1.54165e-005
2.783e-007,-4.11107e-005
2.7835e-007,-7.19438e-005
2.784e-007,-9.07862e-005
2.7845e-007,-0.000123332
2.785e-007,-0.000131897
2.7855e-007,-0.000135323
2.786e-007,-0.000119906
2.7865e-007,-9.7638e-005
2.787e-007,-6.85179e-005
2.7875e-007,-1.71295e-005
2.788e-007,1.02777e-005
2.7885e-007,4.45366e-005
2.789e-007,7.36567e-005
2.7895e-007,0.000102777
2.79e-007,0.000106203
2.7905e-007,0.000106203
2.791e-007,9.93509e-005
2.7915e-007,7.53697e-005
2.792e-007,4.79625e-005
2.7925e-007,2.74071e-005
2.793e-007,2.22683e-005
2.7935e-007,2.39813e-005
2.794e-007,1.54165e-005
2.7945e-007,4.62496e-005
2.795e-007,8.05085e-005
2.7955e-007,9.24991e-005
2.796e-007,0.000121619
2.7965e-007,0.000171295
2.797e-007,0.000155878
2.7975e-007,0.000149026
2.798e-007,0.000130184
2.7985e-007,0.000119906
2.799e-007,9.07862e-005
2.7995e-007,9.07862e-005
2.8e-007,7.53697e-005
2.8005e-007,8.56473e-005
2.801e-007,9.42121e-005
2.8015e-007,0.000119906
2.802e-007,0.000167869
2.8025e-007,0.000227822
2.803e-007,0.000299766
2.8035e-007,0.000375135
2.804e-007,0.000435089
2.8045e-007,0.000510458
2.805e-007,0.000524162
2.8055e-007,0.000527588
2.806e-007,0.000495042
2.8065e-007,0.000447079
2.807e-007,0.000392265
2.8075e-007,0.000334025
2.808e-007,0.000265507
2.8085e-007,0.000186711
2.809e-007,0.000142175
2.8095e-007,0.000119906
2.81e-007,0.000123332
2.8105e-007,0.000125045
2.811e-007,0.000183285
2.8115e-007,0.000227822
2.812e-007,0.000287775
2.8125e-007,0.000334025
2.813e-007,0.000359719
2.8135e-007,0.000359719
2.814e-007,0.000349441
2.8145e-007,0.000323747
2.815e-007,0.000243238
2.8155e-007,0.000173008
2.816e-007,9.07862e-005
2.8165e-007,-1.37036e-005
2.817e-007,-7.02308e-005
2.8175e-007,-0.000114767
2.818e-007,-0.000138749
2.8185e-007,-0.000143888
2.819e-007,-0.000119906
2.8195e-007,-8.39344e-005
2.82e-007,-4.62496e-005
2.8205e-007,-1.02777e-005
2.821e-007,2.05554e-005
2.8215e-007,4.28237e-005
2.822e-007,3.59719e-005
2.8225e-007,3.76848e-005
2.823e-007,5.48143e-005
2.8235e-007,5.31014e-005
2.824e-007,2.22683e-005
2.8245e-007,3.0833e-005
2.825e-007,3.2546e-005
2.8255e-007,1.71295e-006
2.826e-007,1.19906e-005
2.8265e-007,1.54165e-005
2.827e-007,3.93978e-005
2.8275e-007,3.0833e-005
2.828e-007,1.71295e-006
2.8285e-007,1.71295e-006
2.829e-007,-3.2546e-005
2.8295e-007,-8.05085e-005
2.83e-007,-0.000169582
2.8305e-007,-0.000217544
2.831e-007,-0.000272359
2.8315e-007,-0.00032546
2.832e-007,-0.000356293
2.8325e-007,-0.000335738
2.833e-007,-0.000339163
2.8335e-007,-0.000344302
2.834e-007,-0.000330599
2.8345e-007,-0.000303192
2.835e-007,-0.000282636
2.8355e-007,-0.000277497
2.836e-007,-0.000272359
2.8365e-007,-0.00025009
2.837e-007,-0.000229535
2.8375e-007,-0.000224396
2.838e-007,-0.000205554
2.8385e-007,-0.000171295
2.839e-007,-0.000128471
2.8395e-007,-0.000101064
2.84e-007,-4.45366e-005
2.8405e-007,4.62496e-005
2.841e-007,0.00010449
2.8415e-007,0.000173008
2.842e-007,0.000226109
2.8425e-007,0.000270646
2.843e-007,0.000265507
2.8435e-007,0.000272359
2.844e-007,0.000253516
2.8445e-007,0.000231248
2.845e-007,0.000186711
2.8455e-007,0.00016273
2.846e-007,0.000123332
2.8465e-007,0.00011648
2.847e-007,8.05085e-005
2.8475e-007,5.65272e-005
2.848e-007,4.96755e-005
2.8485e-007,4.96755e-005
2.849e-007,5.48143e-005
2.8495e-007,6.5092e-005
2.85e-007,4.28237e-005
2.8505e-007,2.22683e-005
2.851e-007,-1.19906e-005
2.8515e-007,-6.68049e-005
2.852e-007,-0.000107916
2.8525e-007,-0.0001456
2.853e-007,-0.000166156
2.8535e-007,-0.000214118
2.854e-007,-0.000214118
2.8545e-007,-0.000193563
2.855e-007,-0.000161017
2.8555e-007,-9.93509e-005
2.856e-007,-3.2546e-005
2.8565e-007,3.76848e-005
2.857e-007,0.000140462
2.8575e-007,0.000241526
2.858e-007,0.000316895
2.8585e-007,0.000388839
2.859e-007,0.000447079
2.8595e-007,0.000496755
2.86e-007,0.00048819
2.8605e-007,0.000469347
2.861e-007,0.000464209
2.8615e-007,0.00042995
2.862e-007,0.000380274
2.8625e-007,0.000328886
2.863e-007,0.000303192
2.8635e-007,0.000231248
2.864e-007,0.000176434
2.8645e-007,0.000150739
2.865e-007,0.000154165
2.8655e-007,0.000171295
2.866e-007,0.000183285
2.8665e-007,0.000186711
2.867e-007,0.000219257
2.8675e-007,0.000255229
2.868e-007,0.000289488
2.8685e-007,0.000310043
2.869e-007,0.000320321
2.8695e-007,0.000306617
2.87e-007,0.000292914
2.8705e-007,0.000280923
2.871e-007,0.000251803
2.8715e-007,0.000214118
2.872e-007,0.000181572
2.8725e-007,0.0001456
2.873e-007,8.56473e-005
2.8735e-007,6.16661e-005
2.874e-007,4.79625e-005
2.8745e-007,6.16661e-005
2.875e-007,9.7638e-005
2.8755e-007,0.000164443
2.876e-007,0.000236387
2.8765e-007,0.000268933
2.877e-007,0.000339163
2.8775e-007,0.000393978
2.878e-007,0.000433376
2.8785e-007,0.000452218
2.879e-007,0.000469347
2.8795e-007,0.000483051
2.88e-007,0.000481338
2.8805e-007,0.000448792
2.881e-007,0.000404255
2.8815e-007,0.000364858
2.882e-007,0.000340876
2.8825e-007,0.000313469
2.883e-007,0.000299766
2.8835e-007,0.00029634
2.884e-007,0.000289488
2.8845e-007,0.000311756
2.885e-007,0.000340876
2.8855e-007,0.000347728
2.886e-007,0.000342589
2.8865e-007,0.000371709
2.887e-007,0.00035458
2.8875e-007,0.000337451
2.888e-007,0.000322034
2.8885e-007,0.000306617
2.889e-007,0.000316895
2.8895e-007,0.000323747
2.89e-007,0.000303192
2.8905e-007,0.000318608
2.891e-007,0.000334025
2.8915e-007,0.00032546
2.892e-007,0.000349441
2.8925e-007,0.000361432
2.893e-007,0.000376848
2.8935e-007,0.000385413
2.894e-007,0.000395691
2.8945e-007,0.000397404
2.895e-007,0.000381987
2.8955e-007,0.000392265
2.896e-007,0.000393978
2.8965e-007,0.000361432
2.897e-007,0.000347728
2.8975e-007,0.000328886
2.898e-007,0.000304905
2.8985e-007,0.000289488
2.899e-007,0.00029634
2.8995e-007,0.000251803
2.9e-007,0.000212405
2.9005e-007,0.000169582
2.901e-007,0.000109629
2.9015e-007,6.5092e-005
2.902e-007,-2.05554e-005
2.9025e-007,-6.16661e-005
2.903e-007,-0.000106203
2.9035e-007,-0.00016273
2.904e-007,-0.000181572
2.9045e-007,-0.000152452
2.905e-007,-0.000123332
2.9055e-007,-6.85179e-005
2.906e-007,-2.05554e-005
2.9065e-007,9.93509e-005
2.907e-007,0.000184998
2.9075e-007,0.000263794
2.908e-007,0.000334025
2.9085e-007,0.000378561
2.909e-007,0.000399117
2.9095e-007,0.000421385
2.91e-007,0.000424811
2.9105e-007,0.000407681
2.911e-007,0.000393978
2.9115e-007,0.000364858
2.912e-007,0.000363145
2.9125e-007,0.000376848
2.913e-007,0.000361432
2.9135e-007,0.000381987
2.914e-007,0.000380274
2.9145e-007,0.000397404
2.915e-007,0.000390552
2.9155e-007,0.000407681
2.916e-007,0.000388839
2.9165e-007,0.000352867
2.917e-007,0.000294627
2.9175e-007,0.00025009
2.918e-007,0.000176434
2.9185e-007,0.000135323
2.919e-007,7.53697e-005
2.9195e-007,1.02777e-005
2.92e-007,-4.11107e-005
2.9205e-007,-7.70826e-005
2.921e-007,-7.02308e-005
2.9215e-007,-9.07862e-005
2.922e-007,-0.000111342
2.9225e-007,-0.000114767
2.923e-007,-9.93509e-005
2.9235e-007,-9.24991e-005
2.924e-007,-7.36567e-005
2.9245e-007,-3.76848e-005
2.925e-007,4.45366e-005
2.9255e-007,8.73603e-005
2.926e-007,0.000142175
2.9265e-007,0.000226109
2.927e-007,0.000286062
2.9275e-007,0.000339163
2.928e-007,0.000390552
2.9285e-007,0.00044194
2.929e-007,0.000464209
2.9295e-007,0.000467634
2.93e-007,0.000424811
2.9305e-007,0.000397404
2.931e-007,0.000351154
2.9315e-007,0.000265507
2.932e-007,0.000203841
2.9325e-007,0.000152452
2.933e-007,0.000119906
2.9335e-007,0.000123332
2.934e-007,0.000135323
2.9345e-007,0.000142175
2.935e-007,0.000179859
2.9355e-007,0.000207267
2.936e-007,0.000244951
2.9365e-007,0.000292914
2.937e-007,0.000280923
2.9375e-007,0.000284349
2.938e-007,0.000260368
2.9385e-007,0.000219257
2.939e-007,0.000130184
2.9395e-007,8.39344e-005
2.94e-007,2.74071e-005
2.9405e-007,0
2.941e-007,-2.56942e-005
2.9415e-007,1.71295e-006
2.942e-007,-8.56473e-006
2.9425e-007,5.31014e-005
2.943e-007,9.93509e-005
2.9435e-007,0.000154165
2.944e-007,0.000174721
2.9445e-007,0.000236387
2.945e-007,0.000277497
2.9455e-007,0.000313469
2.946e-007,0.000327173
2.9465e-007,0.000315182
2.947e-007,0.000310043
2.9475e-007,0.000291201
2.948e-007,0.000303192
2.9485e-007,0.000294627
2.949e-007,0.000282636
2.9495e-007,0.00027921
2.95e-007,0.000286062
2.9505e-007,0.000255229
2.951e-007,0.000203841
2.9515e-007,0.000164443
2.952e-007,0.000135323
2.9525e-007,5.99531e-005
2.953e-007,-8.56473e-006
2.9535e-007,-8.22214e-005
2.954e-007,-0.000121619
2.9545e-007,-0.000152452
2.955e-007,-0.000166156
2.9555e-007,-0.000157591
2.956e-007,-0.000142175
2.9565e-007,-0.000101064
2.957e-007,-5.13884e-005
2.9575e-007,8.56473e-006
2.958e-007,7.87956e-005
2.9585e-007,0.000123332
2.959e-007,0.000143888
2.9595e-007,0.000155878
2.96e-007,0.000135323
2.9605e-007,7.87956e-005
2.961e-007,2.39813e-005
2.9615e-007,-6.16661e-005
2.962e-007,-0.000138749
2.9625e-007,-0.000246664
2.963e-007,-0.000289488
2.9635e-007,-0.000332312
2.964e-007,-0.000334025
2.9645e-007,-0.000316895
2.965e-007,-0.000260368
2.9655e-007,-0.000190137
2.966e-007,-9.93509e-005
2.9665e-007,5.13884e-006
2.967e-007,0.000106203
2.9675e-007,0.000176434
2.968e-007,0.00025009
2.9685e-007,0.000310043
2.969e-007,0.000364858
2.9695e-007,0.000381987
2.97e-007,0.0003837
2.9705e-007,0.000378561
2.971e-007,0.000385413
2.9715e-007,0.000363145
2.972e-007,0.000368284
2.9725e-007,0.000358006
2.973e-007,0.000351154
2.9735e-007,0.000323747
2.974e-007,0.000315182
2.9745e-007,0.000255229
2.975e-007,0.000186711
2.9755e-007,9.5925e-005
2.976e-007,-1.54165e-005
2.9765e-007,-8.90732e-005
2.977e-007,-0.000195276
2.9775e-007,-0.000294627
2.978e-007,-0.000347728
2.9785e-007,-0.000361432
2.979e-007,-0.000364858
2.9795e-007,-0.000277497
2.98e-007,-0.000188424
2.9805e-007,-8.56473e-005
2.981e-007,4.45366e-005
2.9815e-007,0.000198702
2.982e-007,0.000322034
2.9825e-007,0.000411107
2.983e-007,0.000469347
2.9835e-007,0.000483051
2.984e-007,0.00047106
2.9845e-007,0.000445366
2.985e-007,0.000399117
2.9855e-007,0.000359719
2.986e-007,0.000301479
2.9865e-007,0.000253516
2.987e-007,0.000251803
2.9875e-007,0.000253516
2.988e-007,0.000241526
2.9885e-007,0.000277497
2.989e-007,0.000284349
2.9895e-007,0.000303192
2.99e-007,0.000316895
2.9905e-007,0.000322034
2.991e-007,0.000339163
2.9915e-007,0.000310043
2.992e-007,0.000263794
2.9925e-007,0.000229535
2.993e-007,0.000143888
2.9935e-007,0.00010449
2.994e-007,6.85179e-005
2.9945e-007,3.59719e-005
2.995e-007,4.28237e-005
2.9955e-007,1.71295e-005
2.996e-007,2.56942e-005
2.9965e-007,4.79625e-005
2.997e-007,8.05085e-005
2.9975e-007,0.000121619
2.998e-007,0.000147313
2.9985e-007,0.000207267
2.999e-007,0.000258655
2.9995e-007,0.000286062
3e-007,0.00032546
3.0005e-007,0.00035458
3.001e-007,0.000369997
3.0015e-007,0.000364858
3.002e-007,0.000368284
3.0025e-007,0.00032546
3.003e-007,0.000311756
3.0035e-007,0.000272359
3.004e-007,0.000202128
3.0045e-007,0.000143888
3.005e-007,8.73603e-005
3.0055e-007,5.48143e-005
3.006e-007,2.22683e-005
3.0065e-007,4.96755e-005
3.007e-007,4.79625e-005
3.0075e-007,8.05085e-005
3.008e-007,0.000123332
3.0085e-007,0.000150739
3.009e-007,0.000169582
3.0095e-007,0.000184998
3.01e-007,0.000212405
3.0105e-007,0.000196989
3.011e-007,0.000150739
3.0115e-007,0.000123332
3.012e-007,6.85179e-005
3.0125e-007,-1.02777e-005
3.013e-007,-0.000101064
3.0135e-007,-0.000171295
3.014e-007,-0.000241526
3.0145e-007,-0.000294627
3.015e-007,-0.000322034
3.0155e-007,-0.000286062
3.016e-007,-0.000231248
3.0165e-007,-0.000178146
3.017e-007,-0.00011648
3.0175e-007,-2.22683e-005
3.018e-007,5.82402e-005
3.0185e-007,0.000102777
3.019e-007,0.000149026
3.0195e-007,0.000215831
3.02e-007,0.000200415
3.0205e-007,0.000173008
3.021e-007,0.00013361
3.0215e-007,6.85179e-005
3.022e-007,-1.02777e-005
3.0225e-007,-7.87956e-005
3.023e-007,-0.000126758
3.0235e-007,-0.000157591
3.024e-007,-0.000190137
3.0245e-007,-0.000205554
3.025e-007,-0.000205554
3.0255e-007,-0.000190137
3.026e-007,-0.000190137
3.0265e-007,-0.00011648
3.027e-007,-6.3379e-005
3.0275e-007,-2.39813e-005
3.028e-007,3.2546e-005
3.0285e-007,7.19438e-005
3.029e-007,0.000140462
3.0295e-007,0.000195276
3.03e-007,0.000226109
3.0305e-007,0.000231248
3.031e-007,0.000260368
3.0315e-007,0.000280923
3.032e-007,0.000260368
3.0325e-007,0.000255229
3.033e-007,0.000231248
3.0335e-007,0.000179859
3.034e-007,0.000137036
3.0345e-007,0.000106203
3.035e-007,0.000119906
3.0355e-007,0.000130184
3.036e-007,0.000181572
3.0365e-007,0.000253516
3.037e-007,0.00030833
3.0375e-007,0.000414533
3.038e-007,0.000501893
3.0385e-007,0.000584115
3.039e-007,0.000630364
3.0395e-007,0.000649207
3.04e-007,0.000645781
3.0405e-007,0.000635503
3.041e-007,0.000553282
3.0415e-007,0.000448792
3.042e-007,0.000306617
3.0425e-007,0.000190137
3.043e-007,5.99531e-005
3.0435e-007,-4.45366e-005
3.044e-007,-0.000118193
3.0445e-007,-0.000169582
3.045e-007,-0.000171295
3.0455e-007,-0.000171295
3.046e-007,-0.000164443
3.0465e-007,-0.000121619
3.047e-007,-8.56473e-005
3.0475e-007,-2.56942e-005
3.048e-007,2.39813e-005
3.0485e-007,7.19438e-005
3.049e-007,0.000107916
3.0495e-007,0.000138749
3.05e-007,0.000186711
3.0505e-007,0.000217544
3.051e-007,0.000232961
3.0515e-007,0.000291201
3.052e-007,0.000337451
3.0525e-007,0.000388839
3.053e-007,0.000462496
3.0535e-007,0.000524162
3.054e-007,0.000568698
3.0545e-007,0.000616661
3.055e-007,0.000618374
3.0555e-007,0.000630364
3.056e-007,0.000613235
3.0565e-007,0.000597818
3.057e-007,0.00057555
3.0575e-007,0.000553282
3.058e-007,0.000537865
3.0585e-007,0.000519023
3.059e-007,0.000508745
3.0595e-007,0.000507032
3.06e-007,0.000496755
3.0605e-007,0.000474486
3.061e-007,0.000465922
3.0615e-007,0.000455644
3.062e-007,0.000417959
3.0625e-007,0.000380274
3.063e-007,0.000310043
3.0635e-007,0.00026722
3.064e-007,0.00020898
3.0645e-007,0.000126758
3.065e-007,7.53697e-005
3.0655e-007,2.56942e-005
3.066e-007,-6.85179e-006
3.0665e-007,-3.2546e-005
3.067e-007,-9.5925e-005
3.0675e-007,-0.000128471
3.068e-007,-0.000131897
3.0685e-007,-0.00011648
3.069e-007,-0.000109629
3.0695e-007,-0.000113054
3.07e-007,-0.000106203
3.0705e-007,-0.00010449
3.071e-007,-0.000111342
3.0715e-007,-0.000106203
3.072e-007,-8.22214e-005
3.0725e-007,-6.3379e-005
3.073e-007,-2.39813e-005
3.0735e-007,3.93978e-005
3.074e-007,9.5925e-005
3.0745e-007,0.000159304
3.075e-007,0.00020898
3.0755e-007,0.000298053
3.076e-007,0.000352867
3.0765e-007,0.000368284
3.077e-007,0.00040083
3.0775e-007,0.000417959
3.078e-007,0.000385413
3.0785e-007,0.000347728
3.079e-007,0.000299766
3.0795e-007,0.000234674
3.08e-007,0.000161017
3.0805e-007,0.000113054
3.081e-007,5.48143e-005
3.0815e-007,-1.54165e-005
3.082e-007,-3.2546e-005
3.0825e-007,-5.99531e-005
3.083e-007,-8.56473e-005
3.0835e-007,-7.36567e-005
3.084e-007,-6.3379e-005
3.0845e-007,3.42589e-006
3.085e-007,2.56942e-005
3.0855e-007,6.3379e-005
3.086e-007,9.07862e-005
3.0865e-007,0.000101064
3.087e-007,0.000102777
3.0875e-007,0.000121619
3.088e-007,0.000118193
3.0885e-007,0.000138749
3.089e-007,0.0001456
3.0895e-007,0.000150739
3.09e-007,0.000159304
3.0905e-007,0.000176434
3.091e-007,0.00019185
3.0915e-007,0.000210692
3.092e-007,0.000214118
3.0925e-007,0.000253516
3.093e-007,0.00027921
3.0935e-007,0.000301479
3.094e-007,0.000315182
3.0945e-007,0.000316895
3.095e-007,0.000301479
3.0955e-007,0.000298053
3.096e-007,0.000294627
3.0965e-007,0.000282636
3.097e-007,0.000272359
3.0975e-007,0.000318608
3.098e-007,0.000371709
3.0985e-007,0.000399117
3.099e-007,0.00042995
3.0995e-007,0.000465922
3.1e-007,0.000467634
3.1005e-007,0.000457357
3.101e-007,0.000438514
3.1015e-007,0.000393978
3.102e-007,0.000358006
3.1025e-007,0.000294627
3.103e-007,0.00022097
3.1035e-007,0.000169582
3.104e-007,0.000111342
3.1045e-007,2.39813e-005
3.105e-007,-4.79625e-005
3.1055e-007,-8.90732e-005
3.106e-007,-0.000126758
3.1065e-007,-0.000113054
3.107e-007,-0.000102777
3.1075e-007,-6.3379e-005
3.108e-007,-3.42589e-005
3.1085e-007,5.13884e-006
3.109e-007,2.74071e-005
3.1095e-007,4.28237e-005
3.11e-007,5.65272e-005
3.1105e-007,7.02308e-005
3.111e-007,4.11107e-005
3.1115e-007,4.79625e-005
3.112e-007,-1.19906e-005
3.1125e-007,-6.85179e-005
3.113e-007,-0.000113054
3.1135e-007,-0.000126758
3.114e-007,-0.000179859
3.1145e-007,-0.000217544
3.115e-007,-0.000224396
3.1155e-007,-0.000231248
3.116e-007,-0.00022097
3.1165e-007,-0.000181572
3.117e-007,-0.000155878
3.1175e-007,-0.000121619
3.118e-007,-8.05085e-005
3.1185e-007,-5.82402e-005
3.119e-007,-5.13884e-006
3.1195e-007,-1.37036e-005
3.12e-007,8.56473e-006
3.1205e-007,-1.54165e-005
3.121e-007,-3.76848e-005
3.1215e-007,-6.68049e-005
3.122e-007,-8.22214e-005
3.1225e-007,-8.73603e-005
3.123e-007,-7.36567e-005
3.1235e-007,-3.76848e-005
3.124e-007,-3.42589e-006
3.1245e-007,5.13884e-005
3.125e-007,0.000114767
3.1255e-007,0.000226109
3.126e-007,0.000320321
3.1265e-007,0.000433376
3.127e-007,0.000531014
3.1275e-007,0.000584115
3.128e-007,0.000599531
3.1285e-007,0.000616661
3.129e-007,0.000587541
3.1295e-007,0.000548143
3.13e-007,0.00045907
3.1305e-007,0.000387126
3.131e-007,0.00030833
3.1315e-007,0.000224396
3.132e-007,0.000157591
3.1325e-007,0.000126758
3.133e-007,5.31014e-005
3.1335e-007,2.56942e-005
3.134e-007,2.39813e-005
3.1345e-007,3.93978e-005
3.135e-007,6.16661e-005
3.1355e-007,9.24991e-005
3.136e-007,0.000128471
3.1365e-007,0.00016273
3.137e-007,0.000183285
3.1375e-007,0.000215831
3.138e-007,0.000243238
3.1385e-007,0.000255229
3.139e-007,0.00027921
3.1395e-007,0.000289488
3.14e-007,0.000303192
3.1405e-007,0.000303192
3.141e-007,0.000306617
3.1415e-007,0.000251803
3.142e-007,0.00022097
3.1425e-007,0.000205554
3.143e-007,0.000179859
3.1435e-007,0.000181572
3.144e-007,0.000186711
3.1445e-007,0.000178146
3.145e-007,0.000190137
3.1455e-007,0.000243238
3.146e-007,0.00026722
3.1465e-007,0.000330599
3.147e-007,0.000363145
3.1475e-007,0.000416246
3.148e-007,0.000414533
3.1485e-007,0.000368284
3.149e-007,0.000306617
3.1495e-007,0.000222683
3.15e-007,0.000159304
3.1505e-007,0.000102777
3.151e-007,3.42589e-005
3.1515e-007,1.71295e-005
3.152e-007,2.22683e-005
3.1525e-007,6.3379e-005
3.153e-007,0.000119906
3.1535e-007,0.000227822
3.154e-007,0.000328886
3.1545e-007,0.00045907
3.155e-007,0.000529301
3.1555e-007,0.000589254
3.156e-007,0.000632077
3.1565e-007,0.000599531
3.157e-007,0.000554995
3.1575e-007,0.000498468
3.158e-007,0.000390552
3.1585e-007,0.000301479
3.159e-007,0.000188424
3.1595e-007,0.000113054
3.16e-007,3.93978e-005
3.1605e-007,2.74071e-005
3.161e-007,2.74071e-005
3.1615e-007,5.13884e-005
3.162e-007,9.93509e-005
3.1625e-007,0.000143888
3.163e-007,0.000198702
3.1635e-007,0.000270646
3.164e-007,0.000301479
3.1645e-007,0.000318608
3.165e-007,0.000344302
3.1655e-007,0.000351154
3.166e-007,0.000378561
3.1665e-007,0.000349441
3.167e-007,0.000351154
3.1675e-007,0.000346015
3.168e-007,0.000316895
3.1685e-007,0.000344302
3.169e-007,0.000335738
3.1695e-007,0.000340876
3.17e-007,0.000340876
3.1705e-007,0.000356293
3.171e-007,0.000335738
3.1715e-007,0.000351154
3.172e-007,0.000339163
3.1725e-007,0.000316895
3.173e-007,0.000274071
3.1735e-007,0.000255229
3.174e-007,0.000243238
3.1745e-007,0.000232961
3.175e-007,0.000258655
3.1755e-007,0.000275784
3.176e-007,0.000318608
3.1765e-007,0.000356293
3.177e-007,0.000402543
3.1775e-007,0.00042995
3.178e-007,0.000467634
3.1785e-007,0.000457357
3.179e-007,0.000472773
3.1795e-007,0.000476199
3.18e-007,0.000465922
3.1805e-007,0.000436801
3.181e-007,0.000395691
3.1815e-007,0.000388839
3.182e-007,0.000349441
3.1825e-007,0.000337451
3.183e-007,0.000313469
3.1835e-007,0.000280923
3.184e-007,0.000251803
3.1845e-007,0.000200415
3.185e-007,0.000140462
3.1855e-007,7.02308e-005
3.186e-007,-6.85179e-006
3.1865e-007,-7.02308e-005
3.187e-007,-0.000135323
3.1875e-007,-0.000183285
3.188e-007,-0.000178146
3.1885e-007,-0.000150739
3.189e-007,-0.000113054
3.1895e-007,-5.13884e-005
3.19e-007,4.79625e-005
3.1905e-007,0.000147313
3.191e-007,0.000224396
3.1915e-007,0.000332312
3.192e-007,0.000368284
3.1925e-007,0.000397404
3.193e-007,0.000402543
3.1935e-007,0.000366571
3.194e-007,0.000306617
3.1945e-007,0.000241526
3.195e-007,0.000157591
3.1955e-007,7.02308e-005
3.196e-007,-3.42589e-006
3.1965e-007,-3.2546e-005
3.197e-007,-4.96755e-005
3.1975e-007,-2.91201e-005
3.198e-007,0
3.1985e-007,1.71295e-005
3.199e-007,5.48143e-005
3.1995e-007,5.48143e-005
3.2e-007,9.7638e-005
3.2005e-007,0.000111342
3.201e-007,0.000113054
3.2015e-007,0.000114767
3.202e-007,8.73603e-005
3.2025e-007,5.65272e-005
3.203e-007,1.02777e-005
3.2035e-007,-5.13884e-006
3.204e-007,-3.42589e-006
3.2045e-007,-2.05554e-005
3.205e-007,-1.02777e-005
3.2055e-007,3.2546e-005
3.206e-007,8.56473e-005
3.2065e-007,0.000150739
3.207e-007,0.000217544
3.2075e-007,0.00026722
3.208e-007,0.000334025
3.2085e-007,0.000369997
3.209e-007,0.000409394
3.2095e-007,0.000445366
3.21e-007,0.000481338
3.2105e-007,0.000486477
3.211e-007,0.00051731
3.2115e-007,0.000472773
3.212e-007,0.00047106
3.2125e-007,0.000508745
3.213e-007,0.000508745
3.2135e-007,0.000503606
3.214e-007,0.000520736
3.2145e-007,0.000549856
3.215e-007,0.000551569
3.2155e-007,0.00057555
3.216e-007,0.00059268
3.2165e-007,0.000584115
3.217e-007,0.000577263
3.2175e-007,0.000570411
3.218e-007,0.000524162
3.2185e-007,0.000493329
3.219e-007,0.000465922
3.2195e-007,0.000378561
3.22e-007,0.000330599
3.2205e-007,0.000248377
3.221e-007,0.000198702
3.2215e-007,0.000155878
3.222e-007,0.000107916
3.2225e-007,7.02308e-005
3.223e-007,5.31014e-005
3.2235e-007,6.68049e-005
3.224e-007,6.5092e-005
3.2245e-007,0.000118193
3.225e-007,0.000164443
3.2255e-007,0.000234674
3.226e-007,0.000299766
3.2265e-007,0.000364858
3.227e-007,0.000438514
3.2275e-007,0.000508745
3.228e-007,0.000553282
3.2285e-007,0.000572124
3.229e-007,0.000556708
3.2295e-007,0.000534439
3.23e-007,0.000543004
3.2305e-007,0.000496755
3.231e-007,0.000450505
3.2315e-007,0.000424811
3.232e-007,0.000405968
3.2325e-007,0.000409394
3.233e-007,0.000416246
3.2335e-007,0.00045907
3.234e-007,0.000513884
3.2345e-007,0.000577263
3.235e-007,0.000625226
3.2355e-007,0.000659485
3.236e-007,0.000683466
3.2365e-007,0.000676614
3.237e-007,0.000656059
3.2375e-007,0.00063379
3.238e-007,0.000594393
3.2385e-007,0.000549856
3.239e-007,0.000527588
3.2395e-007,0.000534439
3.24e-007,0.000548143
3.2405e-007,0.000578976
3.241e-007,0.000630364
3.2415e-007,0.000728002
3.242e-007,0.000758835
3.2425e-007,0.000839344
3.243e-007,0.000899297
3.2435e-007,0.000945547
3.244e-007,0.00098837
3.2445e-007,0.00102777
3.245e-007,0.00103805
3.2455e-007,0.00104318
3.246e-007,0.00102777
3.2465e-007,0.00104147
3.247e-007,0.00103119
3.2475e-007,0.00103291
3.248e-007,0.00104318
3.2485e-007,0.00105346
3.249e-007,0.00107402
3.2495e-007,0.00112541
3.25e-007,0.00116138
3.2505e-007,0.00122133
3.251e-007,0.00125045
3.2515e-007,0.00132068
3.252e-007,0.00134295
3.2525e-007,0.00137207
3.253e-007,0.00138064
3.2535e-007,0.00138235
3.254e-007,0.00136179
3.2545e-007,0.00133952
3.255e-007,0.00131726
3.2555e-007,0.00130527
3.256e-007,0.00129156
3.2565e-007,0.00130013
3.257e-007,0.00134295
3.2575e-007,0.00141318
3.258e-007,0.00150911
3.2585e-007,0.00161188
3.259e-007,0.00173522
3.2595e-007,0.00184484
3.26e-007,0.00199387
3.2605e-007,0.00212063
3.261e-007,0.00224225
3.2615e-007,0.00232447
3.262e-007,0.00241526
3.2625e-007,0.00253002
3.263e-007,0.0025934
3.2635e-007,0.00267391
3.264e-007,0.00275784
3.2645e-007,0.00282808
3.265e-007,0.00290173
3.2655e-007,0.00297025
3.266e-007,0.00304219
3.2665e-007,0.00312784
3.267e-007,0.00317409
3.2675e-007,0.00322377
3.268e-007,0.00328201
3.2685e-007,0.00335738
3.269e-007,0.00340876
3.2695e-007,0.00348413
3.27e-007,0.00359034
3.2705e-007,0.00369483
3.271e-007,0.00381645
3.2715e-007,0.00395691
3.272e-007,0.00413677
3.2725e-007,0.00433204
3.273e-007,0.00454102
3.2735e-007,0.00477912
3.274e-007,0.0049744
3.2745e-007,0.00517824
3.275e-007,0.00539236
3.2755e-007,0.00558249
3.276e-007,0.00572124
3.2765e-007,0.00589939
3.277e-007,0.00599018
3.2775e-007,0.00610494
3.278e-007,0.00619744
3.2785e-007,0.00625054
3.279e-007,0.00631564
3.2795e-007,0.00632763
3.28e-007,0.00636531
3.2805e-007,0.00639443
3.281e-007,0.00642526
3.2815e-007,0.00646295
3.282e-007,0.0064835
3.2825e-007,0.00651776
3.283e-007,0.00652119
3.2835e-007,0.00652975
3.284e-007,0.00651948
3.2845e-007,0.00655031
3.285e-007,0.0065623
3.2855e-007,0.00656401
3.286e-007,0.00657772
3.2865e-007,0.00660855
3.287e-007,0.00664452
3.2875e-007,0.00670619
3.288e-007,0.00679012
3.2885e-007,0.00686549
3.289e-007,0.00692202
3.2895e-007,0.00701966
3.29e-007,0.00710702
3.2905e-007,0.00717896
3.291e-007,0.00725947
3.2915e-007,0.00734683
3.292e-007,0.0074222
3.2925e-007,0.00754553
3.293e-007,0.00766715
3.2935e-007,0.00782988
3.294e-007,0.0079909
3.2945e-007,0.00819302
3.295e-007,0.00840372
3.2955e-007,0.00862811
3.296e-007,0.00881482
3.2965e-007,0.00901353
3.297e-007,0.00916598
3.2975e-007,0.00929616
3.298e-007,0.00941436
3.2985e-007,0.00946574
3.299e-007,0.00952056
3.2995e-007,0.0095651
3.3e-007,0.00962334
3.3005e-007,0.009685
3.301e-007,0.00978093
3.3015e-007,0.00992139
3.302e-007,0.0100893
3.3025e-007,0.0102948
3.303e-007,0.0105124
3.3035e-007,0.0107505
3.304e-007,0.0109731
3.3045e-007,0.011213
3.305e-007,0.0114185
3.3055e-007,0.0116018
3.306e-007,0.0117782
3.3065e-007,0.011929
3.307e-007,0.0120352
3.3075e-007,0.0121088
3.308e-007,0.012191
3.3085e-007,0.0122373
3.309e-007,0.0122904
3.3095e-007,0.0123178
3.31e-007,0.0123641
3.3105e-007,0.012436
3.311e-007,0.0124942
3.3115e-007,0.0125765
3.312e-007,0.0126792
3.3125e-007,0.0127478
3.313e-007,0.0128334
3.3135e-007,0.0129173
3.314e-007,0.0129721
3.3145e-007,0.0130167
3.315e-007,0.0130475
3.3155e-007,0.0130955
3.316e-007,0.0131195
3.3165e-007,0.0131366
3.317e-007,0.0131195
3.3175e-007,0.0131229
3.318e-007,0.0131006
3.3185e-007,0.013104
3.319e-007,0.0130561
3.3195e-007,0.0130338
3.32e-007,0.0129773
3.3205e-007,0.0129036
3.321e-007,0.0127769
3.3215e-007,0.0126381
3.322e-007,0.0124548
3.3225e-007,0.0122356
3.323e-007,0.0119855
3.3235e-007,0.0117131
3.324e-007,0.0114356
3.3245e-007,0.0111873
3.325e-007,0.0109389
3.3255e-007,0.0107213
3.326e-007,0.0105363
3.3265e-007,0.010413
3.327e-007,0.0103531
3.3275e-007,0.0102845
3.328e-007,0.0102468
3.3285e-007,0.0102246
3.329e-007,0.0101903
3.3295e-007,0.0101595
3.33e-007,0.0100687
3.3305e-007,0.00999162
3.331e-007,0.00986144
3.3315e-007,0.00968329
3.332e-007,0.00948116
3.3325e-007,0.00925676
3.333e-007,0.00900667
3.3335e-007,0.00872918
3.334e-007,0.00848251
3.3345e-007,0.00823585
3.335e-007,0.00797034
3.3355e-007,0.00774766
3.336e-007,0.00750613
3.3365e-007,0.00730401
3.337e-007,0.00713271
3.3375e-007,0.00695799
3.338e-007,0.00683808
3.3385e-007,0.00670619
3.339e-007,0.00659313
3.3395e-007,0.00648522
3.34e-007,0.00639443
3.3405e-007,0.00630536
3.341e-007,0.00619573
3.3415e-007,0.00610152
3.342e-007,0.00598504
3.3425e-007,0.00586513
3.343e-007,0.00572124
3.3435e-007,0.00560648
3.344e-007,0.00546601
3.3445e-007,0.00533412
3.345e-007,0.00517139
3.3455e-007,0.0050669
3.346e-007,0.00494185
3.3465e-007,0.00483736
3.347e-007,0.00472431
3.3475e-007,0.00464551
3.348e-007,0.00455986
3.3485e-007,0.0044982
3.349e-007,0.00446737
3.3495e-007,0.00445366
3.35e-007,0.00444852
3.3505e-007,0.00446223
3.351e-007,0.00449306
3.3515e-007,0.00453246
3.352e-007,0.00455473
3.3525e-007,0.00457528
3.353e-007,0.00460269
3.3535e-007,0.00461297
3.354e-007,0.00461125
3.3545e-007,0.00461125
3.355e-007,0.00455644
3.3555e-007,0.00453246
3.356e-007,0.00449135
3.3565e-007,0.00446223
3.357e-007,0.00446565
3.3575e-007,0.00447764
3.358e-007,0.00452732
3.3585e-007,0.00460269
3.359e-007,0.00471574
3.3595e-007,0.00487676
3.36e-007,0.00502579
3.3605e-007,0.00522106
3.361e-007,0.00542833
3.3615e-007,0.00562703
3.362e-007,0.00583772
3.3625e-007,0.00600388
3.363e-007,0.00613064
3.3635e-007,0.00627624
3.364e-007,0.00641156
3.3645e-007,0.00651605
3.365e-007,0.00662739
3.3655e-007,0.00673873
3.366e-007,0.00682438
3.3665e-007,0.00694086
3.367e-007,0.00706248
3.3675e-007,0.00719438
3.368e-007,0.00733313
3.3685e-007,0.00750613
3.369e-007,0.00770312
3.3695e-007,0.00792067
3.37e-007,0.00814678
3.3705e-007,0.00835575
3.371e-007,0.00859043
3.3715e-007,0.00879598
3.372e-007,0.00892959
3.3725e-007,0.00909575
3.373e-007,0.00923621
3.3735e-007,0.00932357
3.374e-007,0.00939723
3.3745e-007,0.00947088
3.375e-007,0.00953769
3.3755e-007,0.00958908
3.376e-007,0.00970042
3.3765e-007,0.00979806
3.377e-007,0.00991796
3.3775e-007,0.0100893
3.378e-007,0.010288
3.3785e-007,0.0104867
3.379e-007,0.0106802
3.3795e-007,0.0108909
3.38e-007,0.0111067
3.3805e-007,0.011278
3.381e-007,0.0114391
3.3815e-007,0.0115898
3.382e-007,0.011696
3.3825e-007,0.0117697
3.383e-007,0.0118262
3.3835e-007,0.0118673
3.384e-007,0.0119067
3.3845e-007,0.0119666
3.385e-007,0.0119752
3.3855e-007,0.0119872
3.386e-007,0.0120266
3.3865e-007,0.0120763
3.387e-007,0.0120797
3.3875e-007,0.0121294
3.388e-007,0.0121482
3.3885e-007,0.0121653
3.389e-007,0.0121859
3.3895e-007,0.0121996
3.39e-007,0.0122322
3.3905e-007,0.012203
3.391e-007,0.0121791
3.3915e-007,0.0121465
3.392e-007,0.0120763
3.3925e-007,0.0119872
3.393e-007,0.0118947
3.3935e-007,0.0117936
3.394e-007,0.0116669
3.3945e-007,0.0115247
3.395e-007,0.0113842
3.3955e-007,0.0112575
3.396e-007,0.0111444
3.3965e-007,0.0110382
3.397e-007,0.0109714
3.3975e-007,0.0109063
3.398e-007,0.0108789
3.3985e-007,0.010783
3.399e-007,0.0107179
3.3995e-007,0.0106391
3.4e-007,0.0105432
3.4005e-007,0.0104456
3.401e-007,0.0103188
3.4015e-007,0.0101698
3.402e-007,0.00999847
3.4025e-007,0.00981347
3.403e-007,0.00960963
3.4035e-007,0.00940922
3.404e-007,0.00920195
3.4045e-007,0.0090101
3.405e-007,0.00876515
3.4055e-007,0.00858015
3.406e-007,0.00838145
3.4065e-007,0.00816733
3.407e-007,0.00795835
3.4075e-007,0.00775794
3.408e-007,0.00755581
3.4085e-007,0.00739479
3.409e-007,0.00724577
3.4095e-007,0.007131
3.41e-007,0.00703165
3.4105e-007,0.00693401
3.411e-007,0.00685007
3.4115e-007,0.00676443
3.412e-007,0.00667535
3.4125e-007,0.00657772
3.413e-007,0.00647837
3.4135e-007,0.00634818
3.414e-007,0.00618888
3.4145e-007,0.00600388
3.415e-007,0.00581032
3.4155e-007,0.00561161
3.416e-007,0.00539921
3.4165e-007,0.00520736
3.417e-007,0.00504463
3.4175e-007,0.00490245
3.418e-007,0.00475514
3.4185e-007,0.00464894
3.419e-007,0.00457357
3.4195e-007,0.00451704
3.42e-007,0.00448449
3.4205e-007,0.0044588
3.421e-007,0.00442283
3.4215e-007,0.00438686
3.422e-007,0.00434575
3.4225e-007,0.00432005
3.423e-007,0.00426695
3.4235e-007,0.00419329
3.424e-007,0.00411621
3.4245e-007,0.0040357
3.425e-007,0.00391922
3.4255e-007,0.00384385
3.426e-007,0.00373422
3.4265e-007,0.003652
3.427e-007,0.00357149
3.4275e-007,0.00350983
3.428e-007,0.00347214
3.4285e-007,0.0034927
3.429e-007,0.00349099
3.4295e-007,0.00352696
3.43e-007,0.00357835
3.4305e-007,0.00366057
3.431e-007,0.00371709
3.4315e-007,0.00381302
3.432e-007,0.0038901
3.4325e-007,0.00397232
3.433e-007,0.00406311
3.4335e-007,0.00417616
3.434e-007,0.00427723
3.4345e-007,0.00439542
3.435e-007,0.00452561
3.4355e-007,0.00462496
3.436e-007,0.00475
3.4365e-007,0.00489218
3.437e-007,0.00501037
3.4375e-007,0.00512685
3.438e-007,0.00524676
3.4385e-007,0.00534439
3.439e-007,0.00545574
3.4395e-007,0.00554652
3.44e-007,0.00562703
3.4405e-007,0.00574522
3.441e-007,0.00587541
3.4415e-007,0.00600559
3.442e-007,0.00616318
3.4425e-007,0.00634133
3.443e-007,0.0065229
3.4435e-007,0.00671475
3.444e-007,0.00691003
3.4445e-007,0.0070916
3.445e-007,0.00727489
3.4455e-007,0.00745988
3.446e-007,0.00767743
3.4465e-007,0.00786243
3.447e-007,0.00805085
3.4475e-007,0.00826839
3.448e-007,0.00846538
3.4485e-007,0.00868121
3.449e-007,0.00886621
3.4495e-007,0.00904779
3.45e-007,0.00922079
3.4505e-007,0.00937667
3.451e-007,0.0095257
3.4515e-007,0.00965931
3.452e-007,0.0097912
3.4525e-007,0.00992995
3.453e-007,0.0100533
3.4535e-007,0.0101989
3.454e-007,0.0103205
3.4545e-007,0.0104644
3.455e-007,0.0106014
3.4555e-007,0.0107299
3.456e-007,0.0108806
3.4565e-007,0.0110074
3.457e-007,0.0111153
3.4575e-007,0.0112215
3.458e-007,0.0112763
3.4585e-007,0.0113397
3.459e-007,0.011386
3.4595e-007,0.0114065
3.46e-007,0.0114476
3.4605e-007,0.0114922
3.461e-007,0.0115384
3.4615e-007,0.0115984
3.462e-007,0.011648
3.4625e-007,0.0116909
3.463e-007,0.0117234
3.4635e-007,0.0117148
3.464e-007,0.01172
3.4645e-007,0.0117046
3.465e-007,0.011648
3.4655e-007,0.0115812
3.466e-007,0.0114853
3.4665e-007,0.0113877
3.467e-007,0.0112626
3.4675e-007,0.0111033
3.468e-007,0.0109731
3.4685e-007,0.010843
3.469e-007,0.0107316
3.4695e-007,0.0106288
3.47e-007,0.0105346
3.4705e-007,0.0104712
3.471e-007,0.0103822
3.4715e-007,0.0102845
3.472e-007,0.0102006
3.4725e-007,0.0100961
3.473e-007,0.00999162
3.4735e-007,0.00988542
3.474e-007,0.00979463
3.4745e-007,0.00969185
3.475e-007,0.00953769
3.4755e-007,0.00939551
3.476e-007,0.00924991
3.4765e-007,0.00908204
3.477e-007,0.00890732
3.4775e-007,0.00873432
3.478e-007,0.00854932
3.4785e-007,0.00836603
3.479e-007,0.00816904
3.4795e-007,0.00797719
3.48e-007,0.00778877
3.4805e-007,0.00761062
3.481e-007,0.00742562
3.4815e-007,0.00723206
3.482e-007,0.00701452
3.4825e-007,0.00681068
3.483e-007,0.00661197
3.4835e-007,0.006391
3.484e-007,0.00618374
3.4845e-007,0.00598332
3.485e-007,0.00580346
3.4855e-007,0.00564073
3.486e-007,0.00551226
3.4865e-007,0.00539236
3.487e-007,0.00527759
3.4875e-007,0.00519537
3.488e-007,0.00512514
3.4885e-007,0.00505319
3.489e-007,0.00500352
3.4895e-007,0.00495213
3.49e-007,0.00487505
3.4905e-007,0.00474658
3.491e-007,0.00468491
3.4915e-007,0.00456843
3.492e-007,0.00445024
3.4925e-007,0.0043269
3.493e-007,0.0042207
3.4935e-007,0.00410079
3.494e-007,0.00396718
3.4945e-007,0.0038507
3.495e-007,0.00375135
3.4955e-007,0.00366913
3.496e-007,0.00354751
3.4965e-007,0.00347214
3.497e-007,0.00337622
3.4975e-007,0.00331113
3.498e-007,0.00326488
3.4985e-007,0.00321691
3.499e-007,0.00318608
3.4995e-007,0.00317066
3.5e-007,0.00315867
3.5005e-007,0.00317066
3.501e-007,0.00318779
3.5015e-007,0.00320492
3.502e-007,0.00322548
3.5025e-007,0.00324432
3.503e-007,0.00326659
3.5035e-007,0.00331113
3.504e-007,0.0033608
3.5045e-007,0.00339849
3.505e-007,0.00347214
3.5055e-007,0.00355436
3.506e-007,0.00364686
3.5065e-007,0.00373765
3.507e-007,0.00383186
3.5075e-007,0.0039295
3.508e-007,0.00402714
3.5085e-007,0.0041282
3.509e-007,0.00425153
3.5095e-007,0.00435431
3.51e-007,0.00444338
3.5105e-007,0.00452389
3.511e-007,0.00458727
3.5115e-007,0.00466778
3.512e-007,0.00474829
3.5125e-007,0.00483222
3.513e-007,0.00493843
3.5135e-007,0.00504805
3.514e-007,0.00516453
3.5145e-007,0.00531185
3.515e-007,0.00546087
3.5155e-007,0.00563388
3.516e-007,0.00580346
3.5165e-007,0.00597476
3.517e-007,0.00614948
3.5175e-007,0.00634476
3.518e-007,0.00656401
3.5185e-007,0.00675929
3.519e-007,0.00696313
3.5195e-007,0.00716526
3.52e-007,0.00736225
3.5205e-007,0.00753525
3.521e-007,0.00771169
3.5215e-007,0.00788298
3.522e-007,0.00803372
3.5225e-007,0.00817932
3.523e-007,0.00830779
3.5235e-007,0.00845682
3.524e-007,0.00858358
3.5245e-007,0.00869492
3.525e-007,0.00880626
3.5255e-007,0.00894843
3.526e-007,0.00906834
3.5265e-007,0.00922764
3.527e-007,0.00938866
3.5275e-007,0.00952398
3.528e-007,0.00970042
3.5285e-007,0.00987685
3.529e-007,0.010007
3.5295e-007,0.0101287
3.53e-007,0.0102417
3.5305e-007,0.0103633
3.531e-007,0.0104473
3.5315e-007,0.0105415
3.532e-007,0.0106648
3.5325e-007,0.0107539
3.533e-007,0.0108464
3.5335e-007,0.010956
3.534e-007,0.0110588
3.5345e-007,0.0111307
3.535e-007,0.0112249
3.5355e-007,0.0113003
3.536e-007,0.0113757
3.5365e-007,0.0114305
3.537e-007,0.0114648
3.5375e-007,0.011499
3.538e-007,0.0115059
3.5385e-007,0.011523
3.539e-007,0.011511
3.5395e-007,0.0115093
3.54e-007,0.0115196
3.5405e-007,0.0115024
3.541e-007,0.0114682
3.5415e-007,0.0114271
3.542e-007,0.0113808
3.5425e-007,0.0113192
3.543e-007,0.0112215
3.5435e-007,0.0111033
3.544e-007,0.010968
3.5445e-007,0.0108104
3.545e-007,0.010622
3.5455e-007,0.0104593
3.546e-007,0.0102948
3.5465e-007,0.0101509
3.547e-007,0.0100242
3.5475e-007,0.00992653
3.548e-007,0.00984088
3.5485e-007,0.00977065
3.549e-007,0.00972269
3.5495e-007,0.00965417
3.55e-007,0.00957709
3.5505e-007,0.00948287
3.551e-007,0.00940065
3.5515e-007,0.00926019
3.552e-007,0.0090889
3.5525e-007,0.00891589
3.553e-007,0.00873432
3.5535e-007,0.00853048
3.554e-007,0.00833863
3.5545e-007,0.00812622
3.555e-007,0.00792581
3.5555e-007,0.00775622
3.556e-007,0.00754039
3.5565e-007,0.00739479
3.557e-007,0.00723377
3.5575e-007,0.00707961
3.558e-007,0.00692887
3.5585e-007,0.00678156
3.559e-007,0.00662397
3.5595e-007,0.00647151
3.56e-007,0.00628994
3.5605e-007,0.00611351
3.561e-007,0.00591481
3.5615e-007,0.00573495
3.562e-007,0.00551911
3.5625e-007,0.0053187
3.563e-007,0.00513199
3.5635e-007,0.00496755
3.564e-007,0.00480824
3.5645e-007,0.00468148
3.565e-007,0.00456672
3.5655e-007,0.00448449
3.566e-007,0.00440227
3.5665e-007,0.00433547
3.567e-007,0.00425667
3.5675e-007,0.00417959
3.568e-007,0.00410936
3.5685e-007,0.00401515
3.569e-007,0.00391922
3.5695e-007,0.00378219
3.57e-007,0.003652
3.5705e-007,0.00354409
3.571e-007,0.00341733
3.5715e-007,0.00331627
3.572e-007,0.0032152
3.5725e-007,0.00314326
3.573e-007,0.00309187
3.5735e-007,0.00306789
3.574e-007,0.00306617
3.5745e-007,0.00307131
3.575e-007,0.00308673
3.5755e-007,0.00312099
3.576e-007,0.00314154
3.5765e-007,0.00314497
3.577e-007,0.00314326
3.5775e-007,0.00314154
3.578e-007,0.0031484
3.5785e-007,0.00315696
3.579e-007,0.0031484
3.5795e-007,0.00316381
3.58e-007,0.00319122
3.5805e-007,0.00322377
3.581e-007,0.0032683
3.5815e-007,0.00334539
3.582e-007,0.00342761
3.5825e-007,0.00352011
3.583e-007,0.00363487
3.5835e-007,0.00375992
3.584e-007,0.00386441
3.5845e-007,0.00399288
3.585e-007,0.00414019
3.5855e-007,0.00427038
3.586e-007,0.00440741
3.5865e-007,0.00453931
3.587e-007,0.00467634
3.5875e-007,0.00480653
3.588e-007,0.00495727
3.5885e-007,0.00508574
3.589e-007,0.00522791
3.5895e-007,0.00536152
3.59e-007,0.00551569
3.5905e-007,0.00568356
3.591e-007,0.0058617
3.5915e-007,0.00602615
3.592e-007,0.00617003
3.5925e-007,0.0063379
3.593e-007,0.00650406
3.5935e-007,0.00665309
3.594e-007,0.00681239
3.5945e-007,0.00696484
3.595e-007,0.00709331
3.5955e-007,0.00724405
3.596e-007,0.00739822
3.5965e-007,0.00754211
3.597e-007,0.00769456
3.5975e-007,0.00788127
3.598e-007,0.00802516
3.5985e-007,0.00821358
3.599e-007,0.00837802
3.5995e-007,0.00859214
3.6e-007,0.00876858
3.6005e-007,0.00896043
3.601e-007,0.00917454
3.6015e-007,0.00933899
3.602e-007,0.00952056
3.6025e-007,0.00968671
3.603e-007,0.00985287
3.6035e-007,0.0100105
3.604e-007,0.0101287
3.6045e-007,0.010264
3.605e-007,0.0104044
3.6055e-007,0.0105363
3.606e-007,0.0106562
3.6065e-007,0.010771
3.607e-007,0.0108464
3.6075e-007,0.0109731
3.608e-007,0.0110691
3.6085e-007,0.0111633
3.609e-007,0.0112438
3.6095e-007,0.0113243
3.61e-007,0.0113603
3.6105e-007,0.0113894
3.611e-007,0.0114048
3.6115e-007,0.0113911
3.612e-007,0.0113534
3.6125e-007,0.011302
3.613e-007,0.0112643
3.6135e-007,0.0111941
3.614e-007,0.0111342
3.6145e-007,0.0110536
3.615e-007,0.0110091
3.6155e-007,0.0109457
3.616e-007,0.0108824
3.6165e-007,0.0108207
3.617e-007,0.0107436
3.6175e-007,0.0106734
3.618e-007,0.0106066
3.6185e-007,0.0105363
3.619e-007,0.0104644
3.6195e-007,0.0103633
3.62e-007,0.0103085
3.6205e-007,0.0102212
3.621e-007,0.0101561
3.6215e-007,0.0100756
3.622e-007,0.00997278
3.6225e-007,0.00991796
3.623e-007,0.00982032
3.6235e-007,0.00969871
3.624e-007,0.0095925
3.6245e-007,0.00947088
3.625e-007,0.00935954
3.6255e-007,0.00923278
3.626e-007,0.00907691
3.6265e-007,0.00891589
3.627e-007,0.00876858
3.6275e-007,0.00859728
3.628e-007,0.00844654
3.6285e-007,0.00828039
3.629e-007,0.00812108
3.6295e-007,0.00793951
3.63e-007,0.00779391
3.6305e-007,0.00763289
3.631e-007,0.00746845
3.6315e-007,0.00728174
3.632e-007,0.00710702
3.6325e-007,0.00689804
3.633e-007,0.0067079
3.6335e-007,0.0064835
3.634e-007,0.00627281
3.6345e-007,0.00606897
3.635e-007,0.00589768
3.6355e-007,0.00571096
3.636e-007,0.00555509
3.6365e-007,0.00540435
3.637e-007,0.00524676
3.6375e-007,0.00512342
3.638e-007,0.00499838
3.6385e-007,0.00491273
3.639e-007,0.00478769
3.6395e-007,0.00467121
3.64e-007,0.00456329
3.6405e-007,0.00445366
3.641e-007,0.00433547
3.6415e-007,0.00423612
3.642e-007,0.00412478
3.6425e-007,0.00404427
3.643e-007,0.00394663
3.6435e-007,0.00387126
3.644e-007,0.00380617
3.6445e-007,0.00373422
3.645e-007,0.00367085
3.6455e-007,0.0035989
3.646e-007,0.00351839
3.6465e-007,0.00344302
3.647e-007,0.00335909
3.6475e-007,0.00327687
3.648e-007,0.00319636
3.6485e-007,0.00307645
3.649e-007,0.00301821
3.6495e-007,0.00296854
3.65e-007,0.00290344
3.6505e-007,0.00285206
3.651e-007,0.00284007
3.6515e-007,0.00281951
3.652e-007,0.00281266
3.6525e-007,0.00282465
3.653e-007,0.00284349
3.6535e-007,0.00288974
3.654e-007,0.00293257
3.6545e-007,0.00299594
3.655e-007,0.00305418
3.6555e-007,0.00315867
3.656e-007,0.00325802
3.6565e-007,0.00336594
3.657e-007,0.00346872
3.6575e-007,0.00357835
3.658e-007,0.00369311
3.6585e-007,0.00380274
3.659e-007,0.00393978
3.6595e-007,0.00405455
3.66e-007,0.00417616
3.6605e-007,0.00430806
3.661e-007,0.00446051
3.6615e-007,0.00459412
3.662e-007,0.00476542
3.6625e-007,0.00495727
3.663e-007,0.0051337
3.6635e-007,0.00534268
3.664e-007,0.00553111
3.6645e-007,0.00572296
3.665e-007,0.00587712
3.6655e-007,0.00605355
3.666e-007,0.00617003
3.6665e-007,0.00629337
3.667e-007,0.0063636
3.6675e-007,0.00643383
3.668e-007,0.00649549
3.6685e-007,0.00659485
3.669e-007,0.00667193
3.6695e-007,0.00677128
3.67e-007,0.00691174
3.6705e-007,0.00707276
3.671e-007,0.00726632
3.6715e-007,0.00747701
3.672e-007,0.00773567
3.6725e-007,0.00797891
3.673e-007,0.00826326
3.6735e-007,0.00854932
3.674e-007,0.0087857
3.6745e-007,0.00902723
3.675e-007,0.0092088
3.6755e-007,0.00935612
3.676e-007,0.00951885
3.6765e-007,0.00961648
3.677e-007,0.00972783
3.6775e-007,0.0098306
3.678e-007,0.00990768
3.6785e-007,0.0100242
3.679e-007,0.010103
3.6795e-007,0.0102331
3.68e-007,0.0103736
3.6805e-007,0.0104987
3.681e-007,0.0106425
3.6815e-007,0.0107693
3.682e-007,0.0108738
3.6825e-007,0.010956
3.683e-007,0.011004
3.6835e-007,0.0110297
3.684e-007,0.0110108
3.6845e-007,0.0109868
3.685e-007,0.0109697
3.6855e-007,0.010944
3.686e-007,0.0109183
3.6865e-007,0.0108841
3.687e-007,0.0108738
3.6875e-007,0.0108618
3.688e-007,0.0108926
3.6885e-007,0.0109063
3.689e-007,0.010968
3.6895e-007,0.0109783
3.69e-007,0.0109783
3.6905e-007,0.0109714
3.691e-007,0.0109714
3.6915e-007,0.0109389
3.692e-007,0.0108995
3.6925e-007,0.0108755
3.693e-007,0.0108549
3.6935e-007,0.010819
3.694e-007,0.0107761
3.6945e-007,0.0107402
3.695e-007,0.0106785
3.6955e-007,0.0106203
3.696e-007,0.0105089
3.6965e-007,0.0104473
3.697e-007,0.0103411
3.6975e-007,0.0102229
3.698e-007,0.0100875
3.6985e-007,0.00992653
3.699e-007,0.00974838
3.6995e-007,0.00956681
3.7e-007,0.00940922
3.7005e-007,0.00922079
3.701e-007,0.00905635
3.7015e-007,0.00889876
3.702e-007,0.00876001
3.7025e-007,0.00862126
3.703e-007,0.00849279
3.7035e-007,0.00838145
3.704e-007,0.00828381
3.7045e-007,0.00816733
3.705e-007,0.00805256
3.7055e-007,0.00794807
3.706e-007,0.00780932
3.7065e-007,0.00767571
3.707e-007,0.00749586
3.7075e-007,0.00730401
3.708e-007,0.00709503
3.7085e-007,0.00687063
3.709e-007,0.00661197
3.7095e-007,0.00636531
3.71e-007,0.00611693
3.7105e-007,0.00586342
3.711e-007,0.00565615
3.7115e-007,0.0054506
3.712e-007,0.00528958
3.7125e-007,0.00518338
3.713e-007,0.00506176
3.7135e-007,0.00496069
3.714e-007,0.00488361
3.7145e-007,0.00482366
3.715e-007,0.00476371
3.7155e-007,0.0046969
3.716e-007,0.00464037
3.7165e-007,0.0045513
3.717e-007,0.0044725
3.7175e-007,0.00438514
3.718e-007,0.00430292
3.7185e-007,0.0042207
3.719e-007,0.0041145
3.7195e-007,0.00403913
3.72e-007,0.00396033
3.7205e-007,0.00386955
3.721e-007,0.00378219
3.7215e-007,0.00371709
3.722e-007,0.00360233
3.7225e-007,0.00349612
3.723e-007,0.00337793
3.7235e-007,0.00329228
3.724e-007,0.00318437
3.7245e-007,0.00310729
3.725e-007,0.00304391
3.7255e-007,0.00300965
3.726e-007,0.00299766
3.7265e-007,0.00301993
3.727e-007,0.00305076
3.7275e-007,0.00313469
3.728e-007,0.0032409
3.7285e-007,0.0033471
3.729e-007,0.00347728
3.7295e-007,0.00355608
3.73e-007,0.00363659
3.7305e-007,0.00367085
3.731e-007,0.00374279
3.7315e-007,0.00379246
3.732e-007,0.00379418
3.7325e-007,0.00384214
3.733e-007,0.00386955
3.7335e-007,0.00392265
3.734e-007,0.00398431
3.7345e-007,0.00409052
3.735e-007,0.00418302
3.7355e-007,0.00431834
3.736e-007,0.00442797
3.7365e-007,0.00459584
3.737e-007,0.00473801
3.7375e-007,0.00491444
3.738e-007,0.00508745
3.7385e-007,0.00523648
3.739e-007,0.00540777
3.7395e-007,0.00553624
3.74e-007,0.00569041
3.7405e-007,0.0058343
3.741e-007,0.00598846
3.7415e-007,0.00611179
3.742e-007,0.00624198
3.7425e-007,0.00637216
3.743e-007,0.00649378
3.7435e-007,0.00663767
3.744e-007,0.00677984
3.7445e-007,0.00693572
3.745e-007,0.00707447
3.7455e-007,0.00721493
3.746e-007,0.00735026
3.7465e-007,0.00744789
3.747e-007,0.00758493
3.7475e-007,0.00772882
3.748e-007,0.00787099
3.7485e-007,0.00801488
3.749e-007,0.0081759
3.7495e-007,0.00834034
3.75e-007,0.00853733
3.7505e-007,0.00875487
3.751e-007,0.00895015
3.7515e-007,0.00916427
3.752e-007,0.00940065
3.7525e-007,0.00962847
3.753e-007,0.00983403
3.7535e-007,0.0100584
3.754e-007,0.0102023
3.7545e-007,0.0103274
3.755e-007,0.0104062
3.7555e-007,0.0104987
3.756e-007,0.0105449
3.7565e-007,0.0105774
3.757e-007,0.0105774
3.7575e-007,0.0105569
3.758e-007,0.0105637
3.7585e-007,0.0105792
3.759e-007,0.0105757
3.7595e-007,0.010586
3.76e-007,0.0106066
3.7605e-007,0.010598
3.761e-007,0.0105792
3.7615e-007,0.0105912
3.762e-007,0.0105706
3.7625e-007,0.0105706
3.763e-007,0.0105655
3.7635e-007,0.0105689
3.764e-007,0.010574
3.7645e-007,0.0105826
3.765e-007,0.0106134
3.7655e-007,0.0106614
3.766e-007,0.0106905
3.7665e-007,0.0107539
3.767e-007,0.0107881
3.7675e-007,0.0108258
3.768e-007,0.0108549
3.7685e-007,0.0108824
3.769e-007,0.0108567
3.7695e-007,0.0108635
3.77e-007,0.0108258
3.7705e-007,0.0107624
3.771e-007,0.0107042
3.7715e-007,0.0106254
3.772e-007,0.0105363
3.7725e-007,0.0104318
3.773e-007,0.0102931
3.7735e-007,0.0101715
3.774e-007,0.0100087
3.7745e-007,0.00984431
3.775e-007,0.00964903
3.7755e-007,0.00945204
3.776e-007,0.00926019
3.7765e-007,0.00909232
3.777e-007,0.00890904
3.7775e-007,0.00874631
3.778e-007,0.00859899
3.7785e-007,0.00847909
3.779e-007,0.00839173
3.7795e-007,0.00828381
3.78e-007,0.00822214
3.7805e-007,0.00813478
3.781e-007,0.00801659
3.7815e-007,0.00790182
3.782e-007,0.00778192
3.7825e-007,0.0075815
3.783e-007,0.00740336
3.7835e-007,0.00721151
3.784e-007,0.00698197
3.7845e-007,0.00673702
3.785e-007,0.00653489
3.7855e-007,0.00632249
3.786e-007,0.00614605
3.7865e-007,0.00596619
3.787e-007,0.00582402
3.7875e-007,0.00571953
3.788e-007,0.00562703
3.7885e-007,0.0055174
3.789e-007,0.00544546
3.7895e-007,0.00536495
3.79e-007,0.00531699
3.7905e-007,0.00523305
3.791e-007,0.00515597
3.7915e-007,0.00507204
3.792e-007,0.00497782
3.7925e-007,0.0048682
3.793e-007,0.00475343
3.7935e-007,0.00465922
3.794e-007,0.00456158
3.7945e-007,0.00449135
3.795e-007,0.00440913
3.7955e-007,0.00432176
3.796e-007,0.00427209
3.7965e-007,0.00421728
3.797e-007,0.00414191
3.7975e-007,0.00409566
3.798e-007,0.00404427
3.7985e-007,0.00398774
3.799e-007,0.00394663
3.7995e-007,0.00390381
3.8e-007,0.00386441
3.8005e-007,0.00384385
3.801e-007,0.00382158
3.8015e-007,0.00387297
3.802e-007,0.00389695
3.8025e-007,0.00396718
3.803e-007,0.00407339
3.8035e-007,0.00419329
3.804e-007,0.0042995
3.8045e-007,0.00441084
3.805e-007,0.00451361
3.8055e-007,0.00459412
3.806e-007,0.0046438
3.8065e-007,0.00470033
3.807e-007,0.00470204
3.8075e-007,0.00472945
3.808e-007,0.00469861
3.8085e-007,0.00472773
3.809e-007,0.00471574
3.8095e-007,0.00475857
3.81e-007,0.00479454
3.8105e-007,0.00485107
3.811e-007,0.00491102
3.8115e-007,0.00501208
3.812e-007,0.00511486
3.8125e-007,0.00521421
3.813e-007,0.00531699
3.8135e-007,0.00543175
3.814e-007,0.00556023
3.8145e-007,0.00567328
3.815e-007,0.00581545
3.8155e-007,0.00594735
3.816e-007,0.00610837
3.8165e-007,0.00625568
3.817e-007,0.00642869
3.8175e-007,0.0066291
3.818e-007,0.00683637
3.8185e-007,0.00703336
3.819e-007,0.00724405
3.8195e-007,0.00745646
3.82e-007,0.00766372
3.8205e-007,0.00785557
3.821e-007,0.00803372
3.8215e-007,0.00817932
3.822e-007,0.00833349
3.8225e-007,0.0084414
3.823e-007,0.00854932
3.8235e-007,0.00864696
3.824e-007,0.0087052
3.8245e-007,0.00876686
3.825e-007,0.00882168
3.8255e-007,0.00886107
3.826e-007,0.00892959
3.8265e-007,0.00901181
3.827e-007,0.00911459
3.8275e-007,0.00922079
3.828e-007,0.00934755
3.8285e-007,0.00946232
3.829e-007,0.00957709
3.8295e-007,0.00969014
3.83e-007,0.0097912
3.8305e-007,0.00989227
3.831e-007,0.00998305
3.8315e-007,0.0100944
3.832e-007,0.0101766
3.8325e-007,0.0102366
3.833e-007,0.0102314
3.8335e-007,0.0102914
3.834e-007,0.0103171
3.8345e-007,0.010377
3.835e-007,0.0103907
3.8355e-007,0.010449
3.836e-007,0.0105141
3.8365e-007,0.0105877
3.837e-007,0.0106443
3.8375e-007,0.0107025
3.838e-007,0.0107248
3.8385e-007,0.0107299
3.839e-007,0.0107145
3.8395e-007,0.0106785
3.84e-007,0.0106134
3.8405e-007,0.0105209
3.841e-007,0.0104233
3.8415e-007,0.0103017
3.842e-007,0.0101783
3.8425e-007,0.0100533
3.843e-007,0.00995051
3.8435e-007,0.00987343
3.844e-007,0.00980662
3.8445e-007,0.00978093
3.845e-007,0.00975352
3.8455e-007,0.00973296
3.846e-007,0.00974495
3.8465e-007,0.00973296
3.847e-007,0.00970213
3.8475e-007,0.00962676
3.848e-007,0.00955482
3.8485e-007,0.00949486
3.849e-007,0.00938695
3.8495e-007,0.0092619
3.85e-007,0.00913172
3.8505e-007,0.00899297
3.851e-007,0.00887992
3.8515e-007,0.00874631
3.852e-007,0.00861612
3.8525e-007,0.00851677
3.853e-007,0.00840029
3.8535e-007,0.0082564
3.854e-007,0.00816219
3.8545e-007,0.00802687
3.855e-007,0.00789669
3.8555e-007,0.00775794
3.856e-007,0.00761919
3.8565e-007,0.00748044
3.857e-007,0.00734683
3.8575e-007,0.00717382
3.858e-007,0.00703165
3.8585e-007,0.00686207
3.859e-007,0.00667364
3.8595e-007,0.00652975
3.86e-007,0.00635332
3.8605e-007,0.00619402
3.861e-007,0.00601758
3.8615e-007,0.00585657
3.862e-007,0.00573323
3.8625e-007,0.00562189
3.863e-007,0.00551569
3.8635e-007,0.00541976
3.864e-007,0.00532213
3.8645e-007,0.00525532
3.865e-007,0.00517995
3.8655e-007,0.00510629
3.866e-007,0.00505319
3.8665e-007,0.0050018
3.867e-007,0.00494185
3.8675e-007,0.00491958
3.868e-007,0.0048682
3.8685e-007,0.00486306
3.869e-007,0.00486477
3.8695e-007,0.00484764
3.87e-007,0.00483907
3.8705e-007,0.00486306
3.871e-007,0.00485278
3.8715e-007,0.00482537
3.872e-007,0.00479968
3.8725e-007,0.00475514
3.873e-007,0.00469005
3.8735e-007,0.0045907
3.874e-007,0.00447936
3.8745e-007,0.00432176
3.875e-007,0.00418644
3.8755e-007,0.00406311
3.876e-007,0.00396376
3.8765e-007,0.00392094
3.877e-007,0.00387982
3.8775e-007,0.0038901
3.878e-007,0.00393293
3.8785e-007,0.00402371
3.879e-007,0.00415561
3.8795e-007,0.00427209
3.88e-007,0.00437658
3.8805e-007,0.00451704
3.881e-007,0.00459584
3.8815e-007,0.00465579
3.882e-007,0.00471232
3.8825e-007,0.00472945
3.883e-007,0.00473459
3.8835e-007,0.00472945
3.884e-007,0.0046969
3.8845e-007,0.00473116
3.885e-007,0.00475171
3.8855e-007,0.00481509
3.886e-007,0.0048956
3.8865e-007,0.00500523
3.887e-007,0.00516625
3.8875e-007,0.00532041
3.888e-007,0.00548143
3.8885e-007,0.00565958
3.889e-007,0.00583601
3.8895e-007,0.006033
3.89e-007,0.00622999
3.8905e-007,0.00640813
3.891e-007,0.00656573
3.8915e-007,0.00670619
3.892e-007,0.0068141
3.8925e-007,0.00692202
3.893e-007,0.00700938
3.8935e-007,0.00711387
3.894e-007,0.00721836
3.8945e-007,0.00735026
3.895e-007,0.00746845
3.8955e-007,0.00763118
3.896e-007,0.00779048
3.8965e-007,0.00799261
3.897e-007,0.00820502
3.8975e-007,0.00842599
3.898e-007,0.00864524
3.8985e-007,0.00885422
3.899e-007,0.00906491
3.8995e-007,0.00921223
3.9e-007,0.00933385
3.9005e-007,0.00942121
3.901e-007,0.00945718
3.9015e-007,0.0094863
3.902e-007,0.00949144
3.9025e-007,0.00950514
3.903e-007,0.00949658
3.9035e-007,0.00950686
3.904e-007,0.00957537
3.9045e-007,0.00965417
3.905e-007,0.00975009
3.9055e-007,0.00988028
3.906e-007,0.0100139
3.9065e-007,0.0101406
3.907e-007,0.0102948
3.9075e-007,0.0104284
3.908e-007,0.0105432
3.9085e-007,0.0106323
3.909e-007,0.0106905
3.9095e-007,0.0106734
3.91e-007,0.0106443
3.9105e-007,0.0106134
3.911e-007,0.0105466
3.9115e-007,0.0104987
3.912e-007,0.0104301
3.9125e-007,0.0103668
3.913e-007,0.0103445
3.9135e-007,0.0103582
3.914e-007,0.0103924
3.9145e-007,0.010449
3.915e-007,0.0104798
3.9155e-007,0.0105569
3.916e-007,0.0106134
3.9165e-007,0.0106631
3.917e-007,0.0106614
3.9175e-007,0.0106425
3.918e-007,0.0106134
3.9185e-007,0.0105415
3.919e-007,0.0104456
3.9195e-007,0.0103154
3.92e-007,0.0101663
3.9205e-007,0.00999676
3.921e-007,0.00984431
3.9215e-007,0.00971926
3.922e-007,0.00958565
3.9225e-007,0.00947088
3.923e-007,0.0093801
3.9235e-007,0.00930987
3.924e-007,0.00924306
3.9245e-007,0.00915913
3.925e-007,0.00906834
3.9255e-007,0.00897584
3.926e-007,0.00884908
3.9265e-007,0.00871376
3.927e-007,0.00859385
3.9275e-007,0.00844654
3.928e-007,0.00827182
3.9285e-007,0.00811937
3.929e-007,0.0079515
3.9295e-007,0.00777507
3.93e-007,0.00761747
3.9305e-007,0.00747701
3.931e-007,0.00733313
3.9315e-007,0.00721493
3.932e-007,0.00707961
3.9325e-007,0.00698197
3.933e-007,0.00686892
3.9335e-007,0.00672846
3.934e-007,0.00660341
3.9345e-007,0.00648864
3.935e-007,0.00633619
3.9355e-007,0.00621115
3.936e-007,0.00609124
3.9365e-007,0.00595078
3.937e-007,0.00580004
3.9375e-007,0.00565272
3.938e-007,0.00553453
3.9385e-007,0.00543175
3.939e-007,0.00533583
3.9395e-007,0.00526046
3.94e-007,0.00518852
3.9405e-007,0.00512685
3.941e-007,0.00505833
3.9415e-007,0.00498468
3.942e-007,0.00493843
3.9425e-007,0.00487505
3.943e-007,0.00479283
3.9435e-007,0.00472088
3.944e-007,0.00465236
3.9445e-007,0.00458727
3.945e-007,0.00454274
3.9455e-007,0.00448963
3.946e-007,0.00445709
3.9465e-007,0.00443825
3.947e-007,0.00442625
3.9475e-007,0.0044588
3.948e-007,0.00449477
3.9485e-007,0.00455986
3.949e-007,0.00461639
3.9495e-007,0.00466607
3.95e-007,0.0047106
3.9505e-007,0.00476713
3.951e-007,0.00482195
3.9515e-007,0.00486477
3.952e-007,0.00489218
3.9525e-007,0.00490759
3.953e-007,0.00490588
3.9535e-007,0.00491102
3.954e-007,0.00491958
3.9545e-007,0.00491444
3.955e-007,0.00490759
3.9555e-007,0.00494185
3.956e-007,0.00493671
3.9565e-007,0.0049744
3.957e-007,0.00499153
3.9575e-007,0.00501208
3.958e-007,0.00506005
3.9585e-007,0.00512514
3.959e-007,0.00520222
3.9595e-007,0.00528615
3.96e-007,0.00540435
3.9605e-007,0.00554995
3.961e-007,0.00569897
3.9615e-007,0.00585657
3.962e-007,0.0060193
3.9625e-007,0.00620772
3.963e-007,0.00639272
3.9635e-007,0.00657086
3.964e-007,0.00674216
3.9645e-007,0.00689804
3.965e-007,0.00703165
3.9655e-007,0.00712928
3.966e-007,0.00720465
3.9665e-007,0.00726461
3.967e-007,0.00733484
3.9675e-007,0.00738623
3.968e-007,0.00746331
3.9685e-007,0.00753525
3.969e-007,0.00763289
3.9695e-007,0.00776136
3.97e-007,0.00787613
3.9705e-007,0.00802516
3.971e-007,0.00818617
3.9715e-007,0.00835062
3.972e-007,0.00851335
3.9725e-007,0.00866751
3.973e-007,0.00880112
3.9735e-007,0.00891589
3.974e-007,0.00899982
3.9745e-007,0.00907691
3.975e-007,0.009142
3.9755e-007,0.00921908
3.976e-007,0.0092876
3.9765e-007,0.00935783
3.977e-007,0.00946232
3.9775e-007,0.00955482
3.978e-007,0.00965759
3.9785e-007,0.00978949
3.979e-007,0.00991454
3.9795e-007,0.0100242
3.98e-007,0.0101681
3.9805e-007,0.0102725
3.981e-007,0.0103445
3.9815e-007,0.010425
3.982e-007,0.0104747
3.9825e-007,0.0104764
3.983e-007,0.010461
3.9835e-007,0.0104267
3.984e-007,0.0103805
3.9845e-007,0.0103496
3.985e-007,0.0103222
3.9855e-007,0.0103171
3.986e-007,0.0103393
3.9865e-007,0.0103445
3.987e-007,0.0104027
3.9875e-007,0.0104901
3.988e-007,0.0105569
3.9885e-007,0.0106631
3.989e-007,0.0107487
3.9895e-007,0.0108207
3.99e-007,0.0108293
3.9905e-007,0.0108207
3.991e-007,0.0107642
3.9915e-007,0.0106699
3.992e-007,0.0105603
3.9925e-007,0.0104113
3.993e-007,0.0102537
3.9935e-007,0.010091
3.994e-007,0.00993509
3.9945e-007,0.0097638
3.995e-007,0.00960107
3.9955e-007,0.00945718
3.996e-007,0.00928417
3.9965e-007,0.00914885
3.997e-007,0.0090238
3.9975e-007,0.00885422
3.998e-007,0.00873774
3.9985e-007,0.00860756
3.999e-007,0.00847395
3.9995e-007,0.00834205
4e-007,0.00823242
4.0005e-007,0.00811423
4.001e-007,0.00800289
4.0015e-007,0.00792067
4.002e-007,0.00784358
4.0025e-007,0.0077802
4.003e-007,0.00772882
4.0035e-007,0.00766715
4.004e-007,0.0076072
4.0045e-007,0.00750785
4.005e-007,0.00742562
4.0055e-007,0.007316
4.006e-007,0.0072372
4.0065e-007,0.00708817
4.007e-007,0.00697169
4.0075e-007,0.00685864
4.008e-007,0.00671818
4.0085e-007,0.00661197
4.009e-007,0.00647837
4.0095e-007,0.00637559
4.01e-007,0.00629851
4.0105e-007,0.00620087
4.011e-007,0.0060998
4.0115e-007,0.00598846
4.012e-007,0.00587541
4.0125e-007,0.00575036
4.013e-007,0.00564759
4.0135e-007,0.00554823
4.014e-007,0.00546773
4.0145e-007,0.00540606
4.015e-007,0.00536495
4.0155e-007,0.00534611
4.016e-007,0.00533926
4.0165e-007,0.00534953
4.017e-007,0.00539236
4.0175e-007,0.0054249
4.018e-007,0.0054112
4.0185e-007,0.00538893
4.019e-007,0.0053324
4.0195e-007,0.00522791
4.02e-007,0.00508745
4.0205e-007,0.0049213
4.021e-007,0.00477227
4.0215e-007,0.00458213
4.022e-007,0.00440741
4.0225e-007,0.00426181
4.023e-007,0.00417616
4.0235e-007,0.00410593
4.024e-007,0.00407681
4.0245e-007,0.00409394
4.025e-007,0.00414362
4.0255e-007,0.00427723
4.026e-007,0.00438343
4.0265e-007,0.00451019
4.027e-007,0.00462838
4.0275e-007,0.00475343
4.028e-007,0.0048819
4.0285e-007,0.00496755
4.029e-007,0.00503778
4.0295e-007,0.00511657
4.03e-007,0.00517824
4.0305e-007,0.00523648
4.031e-007,0.00528102
4.0315e-007,0.00531014
4.032e-007,0.00540092
4.0325e-007,0.00548486
4.033e-007,0.00557393
4.0335e-007,0.00567499
4.034e-007,0.00582573
4.0345e-007,0.00595763
4.035e-007,0.00611008
4.0355e-007,0.00625568
4.036e-007,0.00638929
4.0365e-007,0.0065229
4.037e-007,0.0066291
4.0375e-007,0.00671304
4.038e-007,0.00677984
4.0385e-007,0.00685693
4.039e-007,0.00692202
4.0395e-007,0.00698711
4.04e-007,0.00704021
4.0405e-007,0.00711901
4.041e-007,0.00719266
4.0415e-007,0.00728859
4.042e-007,0.00740678
4.0425e-007,0.00754211
4.043e-007,0.00769798
4.0435e-007,0.00783331
4.044e-007,0.0080046
4.0445e-007,0.00817761
4.045e-007,0.00831978
4.0455e-007,0.00849622
4.046e-007,0.00861955
4.0465e-007,0.00877885
4.047e-007,0.00890561
4.0475e-007,0.00903066
4.048e-007,0.009142
4.0485e-007,0.00923964
4.049e-007,0.00933556
4.0495e-007,0.00942806
4.05e-007,0.00950172
4.0505e-007,0.00957195
4.051e-007,0.00961648
4.0515e-007,0.00966445
4.052e-007,0.00971583
4.0525e-007,0.00978264
4.053e-007,0.00982889
4.0535e-007,0.00991625
4.054e-007,0.0100242
4.0545e-007,0.0101115
4.055e-007,0.0102212
4.0555e-007,0.0103342
4.056e-007,0.0104387
4.0565e-007,0.0105175
4.057e-007,0.0105946
4.0575e-007,0.0106374
4.058e-007,0.0107059
4.0585e-007,0.0107145
4.059e-007,0.0107093
4.0595e-007,0.0107128
4.06e-007,0.0106871
4.0605e-007,0.0106425
4.061e-007,0.01061
4.0615e-007,0.010562
4.062e-007,0.0105552
4.0625e-007,0.0105483
4.063e-007,0.010562
4.0635e-007,0.0105757
4.064e-007,0.01061
4.0645e-007,0.0106494
4.065e-007,0.0106699
4.0655e-007,0.0106751
4.066e-007,0.0106854
4.0665e-007,0.0106751
4.067e-007,0.0106271
4.0675e-007,0.0105826
4.068e-007,0.0105004
4.0685e-007,0.0103805
4.069e-007,0.0102314
4.0695e-007,0.010079
4.07e-007,0.00987856
4.0705e-007,0.00967986
4.071e-007,0.00945375
4.0715e-007,0.00925676
4.072e-007,0.00907862
4.0725e-007,0.0089176
4.073e-007,0.00876515
4.0735e-007,0.00865209
4.074e-007,0.0085733
4.0745e-007,0.00851163
4.075e-007,0.00842427
4.0755e-007,0.0083746
4.076e-007,0.00834548
4.0765e-007,0.00830265
4.077e-007,0.00823756
4.0775e-007,0.0081639
4.078e-007,0.00805428
4.0785e-007,0.00793951
4.079e-007,0.00777678
4.0795e-007,0.00760548
4.08e-007,0.00741192
4.0805e-007,0.00720465
4.081e-007,0.00700081
4.0815e-007,0.00677813
4.082e-007,0.00660341
4.0825e-007,0.00642698
4.083e-007,0.00624369
4.0835e-007,0.00610666
4.084e-007,0.00594393
4.0845e-007,0.00581717
4.085e-007,0.00570583
4.0855e-007,0.00560305
4.086e-007,0.00553453
4.0865e-007,0.00545574
4.087e-007,0.00536838
4.0875e-007,0.00534611
4.088e-007,0.00528787
4.0885e-007,0.00526046
4.089e-007,0.00524162
4.0895e-007,0.00521078
4.09e-007,0.00517653
4.0905e-007,0.00514741
4.091e-007,0.00507032
4.0915e-007,0.0050412
4.092e-007,0.00499153
4.0925e-007,0.00489389
4.093e-007,0.00477912
4.0935e-007,0.00468662
4.094e-007,0.00457014
4.0945e-007,0.00449306
4.095e-007,0.00442112
4.0955e-007,0.00435431
4.096e-007,0.00428579
4.0965e-007,0.00425325
4.097e-007,0.00422755
4.0975e-007,0.00418987
4.098e-007,0.00418302
4.0985e-007,0.00413505
4.099e-007,0.00410936
4.0995e-007,0.00407853
4.1e-007,0.0040614
4.1005e-007,0.00408709
4.101e-007,0.0041145
4.1015e-007,0.00415903
4.102e-007,0.00421556
4.1025e-007,0.00428751
4.103e-007,0.0043663
4.1035e-007,0.00449649
4.104e-007,0.00459412
4.1045e-007,0.0047363
4.105e-007,0.00486648
4.1055e-007,0.00499838
4.106e-007,0.00510801
4.1065e-007,0.00523648
4.107e-007,0.00531356
4.1075e-007,0.00541805
4.108e-007,0.00550884
4.1085e-007,0.00561161
4.109e-007,0.00572467
4.1095e-007,0.00580175
4.11e-007,0.00591138
4.1105e-007,0.00602101
4.111e-007,0.00612379
4.1115e-007,0.00625054
4.112e-007,0.00635332
4.1125e-007,0.00646124
4.113e-007,0.00658971
4.1135e-007,0.00670447
4.114e-007,0.00683123
4.1145e-007,0.00691517
4.115e-007,0.00701109
4.1155e-007,0.00713956
4.116e-007,0.00726289
4.1165e-007,0.0073691
4.117e-007,0.00747187
4.1175e-007,0.00759863
4.118e-007,0.00773224
4.1185e-007,0.0078453
4.119e-007,0.00796178
4.1195e-007,0.00807483
4.12e-007,0.00818617
4.1205e-007,0.00827182
4.121e-007,0.00839344
4.1215e-007,0.0084808
4.122e-007,0.00859557
4.1225e-007,0.00867265
4.123e-007,0.00875487
4.1235e-007,0.00882853
4.124e-007,0.00891075
4.1245e-007,0.00899468
4.125e-007,0.00909403
4.1255e-007,0.00920709
4.126e-007,0.00931329
4.1265e-007,0.0094469
4.127e-007,0.00955653
4.1275e-007,0.00969185
4.128e-007,0.00979977
4.1285e-007,0.00990597
4.129e-007,0.00999162
4.1295e-007,0.0100841
4.13e-007,0.0101441
4.1305e-007,0.010204
4.131e-007,0.0102434
4.1315e-007,0.0102588
4.132e-007,0.0102691
4.1325e-007,0.010288
4.133e-007,0.0102897
4.1335e-007,0.0102948
4.134e-007,0.0103034
4.1345e-007,0.0103291
4.135e-007,0.0103428
4.1355e-007,0.0103736
4.136e-007,0.0103856
4.1365e-007,0.0103856
4.137e-007,0.0103839
4.1375e-007,0.0103565
4.138e-007,0.0103342
4.1385e-007,0.0102914
4.139e-007,0.0102212
4.1395e-007,0.0101561
4.14e-007,0.0100653
4.1405e-007,0.00995907
4.141e-007,0.00985458
4.1415e-007,0.00976208
4.142e-007,0.00967472
4.1425e-007,0.00960278
4.143e-007,0.00953255
4.1435e-007,0.00946574
4.144e-007,0.0093938
4.1445e-007,0.00932871
4.145e-007,0.00925505
4.1455e-007,0.00921052
4.146e-007,0.00915056
4.1465e-007,0.00907519
4.147e-007,0.0089707
4.1475e-007,0.00888163
4.148e-007,0.00876172
4.1485e-007,0.00864353
4.149e-007,0.00850821
4.1495e-007,0.00837631
4.15e-007,0.00824784
4.1505e-007,0.00810909
4.151e-007,0.00797548
4.1515e-007,0.00786243
4.152e-007,0.00774423
4.1525e-007,0.00761062
4.153e-007,0.00748729
4.1535e-007,0.00738109
4.154e-007,0.00726803
4.1545e-007,0.00719095
4.155e-007,0.00712072
4.1555e-007,0.0070128
4.156e-007,0.00691003
4.1565e-007,0.00684836
4.157e-007,0.00673873
4.1575e-007,0.00665994
4.158e-007,0.00658285
4.1585e-007,0.00647837
4.159e-007,0.00637045
4.1595e-007,0.00628652
4.16e-007,0.00618888
4.1605e-007,0.00609295
4.161e-007,0.00596277
4.1615e-007,0.00587541
4.162e-007,0.00574694
4.1625e-007,0.00560648
4.163e-007,0.00548143
4.1635e-007,0.00533926
4.164e-007,0.00521592
4.1645e-007,0.00510458
4.165e-007,0.00497782
4.1655e-007,0.0048682
4.166e-007,0.00476884
4.1665e-007,0.00468491
4.167e-007,0.00460098
4.1675e-007,0.00455473
4.168e-007,0.00450505
4.1685e-007,0.00448792
4.169e-007,0.00450162
4.1695e-007,0.00452218
4.17e-007,0.00454616
4.1705e-007,0.00459755
4.171e-007,0.00462667
4.1715e-007,0.0046301
4.172e-007,0.0046301
4.1725e-007,0.00461468
4.173e-007,0.004565
4.1735e-007,0.00450162
4.174e-007,0.0044057
4.1745e-007,0.00433204
4.175e-007,0.00422584
4.1755e-007,0.00415732
4.176e-007,0.00410593
4.1765e-007,0.00409737
4.177e-007,0.00410936
4.1775e-007,0.00418644
4.178e-007,0.00428237
4.1785e-007,0.00442454
4.179e-007,0.0045907
4.1795e-007,0.00475
4.18e-007,0.00490245
4.1805e-007,0.00504805
4.181e-007,0.00516625
4.1815e-007,0.0052519
4.182e-007,0.00528958
4.1825e-007,0.0053187
4.183e-007,0.00534439
4.1835e-007,0.00529986
4.184e-007,0.00530157
4.1845e-007,0.00533583
4.185e-007,0.00535981
4.1855e-007,0.00543175
4.186e-007,0.00554138
4.1865e-007,0.00566814
4.187e-007,0.00581374
4.1875e-007,0.00597476
4.188e-007,0.00614091
4.1885e-007,0.00629851
4.189e-007,0.00646637
4.1895e-007,0.00663424
4.19e-007,0.00677128
4.1905e-007,0.00689119
4.191e-007,0.00702993
4.1915e-007,0.00714813
4.192e-007,0.00727831
4.1925e-007,0.00741535
4.193e-007,0.00754724
4.1935e-007,0.00769284
4.194e-007,0.00784701
4.1945e-007,0.00799432
4.195e-007,0.00812965
4.1955e-007,0.00827011
4.196e-007,0.00837631
4.1965e-007,0.00848936
4.197e-007,0.00856302
4.1975e-007,0.00862126
4.198e-007,0.00866409
4.1985e-007,0.00873774
4.199e-007,0.00876001
4.1995e-007,0.00881654
4.2e-007,0.00885936
4.2005e-007,0.00892788
4.201e-007,0.00899811
4.2015e-007,0.00907519
4.202e-007,0.00916427
4.2025e-007,0.00926362
4.203e-007,0.00933556
4.2035e-007,0.00941607
4.204e-007,0.00949144
4.2045e-007,0.00955482
4.205e-007,0.00957366
4.2055e-007,0.00960449
4.206e-007,0.00964218
4.2065e-007,0.00965246
4.207e-007,0.00968158
4.2075e-007,0.00972783
4.208e-007,0.00978949
4.2085e-007,0.00983917
4.209e-007,0.00991454
4.2095e-007,0.00998305
4.21e-007,0.0100362
4.2105e-007,0.0100447
4.211e-007,0.0100447
4.2115e-007,0.0100327
4.212e-007,0.00999504
4.2125e-007,0.00990426
4.213e-007,0.00982375
4.2135e-007,0.00973982
4.214e-007,0.00965417
4.2145e-007,0.00954454
4.215e-007,0.00945033
4.2155e-007,0.00935954
4.216e-007,0.0092876
4.2165e-007,0.00923964
4.217e-007,0.00922593
4.2175e-007,0.00919167
4.218e-007,0.00917968
4.2185e-007,0.00916769
4.219e-007,0.00916598
4.2195e-007,0.00916084
4.22e-007,0.00913172
4.2205e-007,0.00907348
4.221e-007,0.00897927
4.2215e-007,0.00889019
4.222e-007,0.00872918
4.2225e-007,0.00848594
4.223e-007,0.00823927
4.2235e-007,0.00796178
4.224e-007,0.00766715
4.2245e-007,0.00737766
4.225e-007,0.00711387
4.2255e-007,0.00688947
4.226e-007,0.00670105
4.2265e-007,0.00654688
4.227e-007,0.00649892
4.2275e-007,0.00645438
4.228e-007,0.00644582
4.2285e-007,0.00651091
4.229e-007,0.00656059
4.2295e-007,0.00661026
4.23e-007,0.00665137
4.2305e-007,0.00665822
4.231e-007,0.00658799
4.2315e-007,0.00647837
4.232e-007,0.00635332
4.2325e-007,0.00617175
4.233e-007,0.00599018
4.2335e-007,0.00577092
4.234e-007,0.00556194
4.2345e-007,0.00537523
4.235e-007,0.00519537
4.2355e-007,0.00503264
4.236e-007,0.00489389
4.2365e-007,0.00482366
4.237e-007,0.00478597
4.2375e-007,0.00476371
4.238e-007,0.00476199
4.2385e-007,0.00478083
4.239e-007,0.00479796
4.2395e-007,0.00482366
4.24e-007,0.00482366
4.2405e-007,0.00479968
4.241e-007,0.00474315
4.2415e-007,0.00468662
4.242e-007,0.00462838
4.2425e-007,0.00454616
4.243e-007,0.00444681
4.2435e-007,0.00435431
4.244e-007,0.00426524
4.2445e-007,0.00417103
4.245e-007,0.00409566
4.2455e-007,0.00404255
4.246e-007,0.00399802
4.2465e-007,0.00395177
4.247e-007,0.00392436
4.2475e-007,0.0039158
4.248e-007,0.00390381
4.2485e-007,0.00390552
4.249e-007,0.00390552
4.2495e-007,0.0039158
4.25e-007,0.00394834
4.2505e-007,0.0040083
4.251e-007,0.00408024
4.2515e-007,0.00417445
4.252e-007,0.0042738
4.2525e-007,0.00440741
4.253e-007,0.00451875
4.2535e-007,0.00464894
4.254e-007,0.00478255
4.2545e-007,0.00488361
4.255e-007,0.00496069
4.2555e-007,0.00500694
4.256e-007,0.00505148
4.2565e-007,0.00509259
4.257e-007,0.00511486
4.2575e-007,0.00516453
4.258e-007,0.0052125
4.2585e-007,0.00526217
4.259e-007,0.0053581
4.2595e-007,0.00548486
4.26e-007,0.00562018
4.2605e-007,0.00577263
4.261e-007,0.00597305
4.2615e-007,0.00620087
4.262e-007,0.006391
4.2625e-007,0.00661026
4.263e-007,0.00680211
4.2635e-007,0.00699054
4.264e-007,0.00714641
4.2645e-007,0.00728859
4.265e-007,0.00741535
4.2655e-007,0.00749414
4.266e-007,0.00759349
4.2665e-007,0.00764317
4.267e-007,0.00768257
4.2675e-007,0.00770826
4.268e-007,0.00773224
4.2685e-007,0.00777164
4.269e-007,0.00779391
4.2695e-007,0.00785215
4.27e-007,0.00794293
4.2705e-007,0.00802002
4.271e-007,0.00811766
4.2715e-007,0.00823585
4.272e-007,0.0083489
4.2725e-007,0.00846538
4.273e-007,0.00862126
4.2735e-007,0.00874973
4.274e-007,0.00887992
4.2745e-007,0.00902552
4.275e-007,0.00917797
4.2755e-007,0.009327
4.276e-007,0.00945204
4.2765e-007,0.00957537
4.277e-007,0.00967301
4.2775e-007,0.00975181
4.278e-007,0.00981861
4.2785e-007,0.00983917
4.279e-007,0.00984259
4.2795e-007,0.00982204
4.28e-007,0.00978093
4.2805e-007,0.00971583
4.281e-007,0.00964218
4.2815e-007,0.0095531
4.282e-007,0.00948287
4.2825e-007,0.00941607
4.283e-007,0.00935612
4.2835e-007,0.00930644
4.284e-007,0.0092619
4.2845e-007,0.00924306
4.285e-007,0.00924649
4.2855e-007,0.00923792
4.286e-007,0.00920709
4.2865e-007,0.00920024
4.287e-007,0.00914028
4.2875e-007,0.0091163
4.288e-007,0.00908204
4.2885e-007,0.00902209
4.289e-007,0.00898441
4.2895e-007,0.00896556
4.29e-007,0.0089176
4.2905e-007,0.00891418
4.291e-007,0.00888677
4.2915e-007,0.0088645
4.292e-007,0.00883538
4.2925e-007,0.00880797
4.293e-007,0.0087583
4.2935e-007,0.0087052
4.294e-007,0.00863154
4.2945e-007,0.00852876
4.295e-007,0.00843626
4.2955e-007,0.00831636
4.296e-007,0.00820844
4.2965e-007,0.00809539
4.297e-007,0.00796863
4.2975e-007,0.00788469
4.298e-007,0.00776479
4.2985e-007,0.00770826
4.299e-007,0.00764317
4.2995e-007,0.00758493
4.3e-007,0.00750956
4.3005e-007,0.00744961
4.301e-007,0.00737938
4.3015e-007,0.00729201
4.302e-007,0.0071841
4.3025e-007,0.00707104
4.303e-007,0.00694771
4.3035e-007,0.00680725
4.304e-007,0.00662054
4.3045e-007,0.00646124
4.305e-007,0.00629165
4.3055e-007,0.00614091
4.306e-007,0.00599018
4.3065e-007,0.00588569
4.307e-007,0.00578976
4.3075e-007,0.00575721
4.308e-007,0.00570583
4.3085e-007,0.00566129
4.309e-007,0.00564416
4.3095e-007,0.00560305
4.31e-007,0.00555851
4.3105e-007,0.00548999
4.311e-007,0.00540606
4.3115e-007,0.00529643
4.312e-007,0.00513199
4.3125e-007,0.00498981
4.313e-007,0.0048562
4.3135e-007,0.00472088
4.314e-007,0.00456672
4.3145e-007,0.00447764
4.315e-007,0.00438514
4.3155e-007,0.00433547
4.316e-007,0.00429093
4.3165e-007,0.00428922
4.317e-007,0.00431149
4.3175e-007,0.00432005
4.318e-007,0.00435089
4.3185e-007,0.00435089
4.319e-007,0.00436973
4.3195e-007,0.00434403
4.32e-007,0.00433889
4.3205e-007,0.00432005
4.321e-007,0.0042995
4.3215e-007,0.00428065
4.322e-007,0.00429436
4.3225e-007,0.00428751
4.323e-007,0.00430121
4.3235e-007,0.0043132
4.324e-007,0.00433376
4.3245e-007,0.00438343
4.325e-007,0.00444167
4.3255e-007,0.00450505
4.326e-007,0.00455644
4.3265e-007,0.00461297
4.327e-007,0.00463866
4.3275e-007,0.00467806
4.328e-007,0.0046832
4.3285e-007,0.0046969
4.329e-007,0.00470718
4.3295e-007,0.00475343
4.33e-007,0.00478426
4.3305e-007,0.00484764
4.331e-007,0.00494356
4.3315e-007,0.0050412
4.332e-007,0.00513884
4.3325e-007,0.00527588
4.333e-007,0.00540777
4.3335e-007,0.00555509
4.334e-007,0.00570925
4.3345e-007,0.00586513
4.335e-007,0.00600045
4.3355e-007,0.00610494
4.336e-007,0.00624027
4.3365e-007,0.00631221
4.337e-007,0.00638415
4.3375e-007,0.00647151
4.338e-007,0.00654003
4.3385e-007,0.00658971
4.339e-007,0.0066685
4.3395e-007,0.00673017
4.34e-007,0.00677813
4.3405e-007,0.00685521
4.341e-007,0.00692544
4.3415e-007,0.00700253
4.342e-007,0.00707447
4.3425e-007,0.00715498
4.343e-007,0.00727317
4.3435e-007,0.00737252
4.344e-007,0.00749586
4.3445e-007,0.00759863
4.345e-007,0.00774423
4.3455e-007,0.00787956
4.346e-007,0.00800974
4.3465e-007,0.00813307
4.347e-007,0.00826154
4.3475e-007,0.00839687
4.348e-007,0.00847909
4.3485e-007,0.00857672
4.349e-007,0.00870691
4.3495e-007,0.00884908
4.35e-007,0.00893644
4.3505e-007,0.00901353
4.351e-007,0.00908033
4.3515e-007,0.00916084
4.352e-007,0.00923278
4.3525e-007,0.0092876
4.353e-007,0.00931329
4.3535e-007,0.00934413
4.354e-007,0.00936639
4.3545e-007,0.00935954
4.355e-007,0.00935954
4.3555e-007,0.00934584
4.356e-007,0.00931501
4.3565e-007,0.00926704
4.357e-007,0.00922079
4.3575e-007,0.00916598
4.358e-007,0.00909917
4.3585e-007,0.00903751
4.359e-007,0.00898098
4.3595e-007,0.00892274
4.36e-007,0.00888848
4.3605e-007,0.00883367
4.361e-007,0.00877371
4.3615e-007,0.00876172
4.362e-007,0.00876001
4.3625e-007,0.00876001
4.363e-007,0.00876172
4.3635e-007,0.00878913
4.364e-007,0.00881482
4.3645e-007,0.00883881
4.365e-007,0.00885765
4.3655e-007,0.00885936
4.366e-007,0.00883367
4.3665e-007,0.00879256
4.367e-007,0.00870006
4.3675e-007,0.00859557
4.368e-007,0.00846367
4.3685e-007,0.00828724
4.369e-007,0.00809881
4.3695e-007,0.00787613
4.37e-007,0.007674
4.3705e-007,0.0074616
4.371e-007,0.00729373
4.3715e-007,0.00713271
4.372e-007,0.00701109
4.3725e-007,0.00693572
4.373e-007,0.00688947
4.3735e-007,0.00689119
4.374e-007,0.00691859
4.3745e-007,0.00696998
4.375e-007,0.00700424
4.3755e-007,0.00704192
4.376e-007,0.00703336
4.3765e-007,0.0070128
4.377e-007,0.00695799
4.3775e-007,0.00687063
4.378e-007,0.00678498
4.3785e-007,0.00662225
4.379e-007,0.00644068
4.3795e-007,0.00623684
4.38e-007,0.00606212
4.3805e-007,0.00590795
4.381e-007,0.00571953
4.3815e-007,0.00553967
4.382e-007,0.00544546
4.3825e-007,0.00536152
4.383e-007,0.00527588
4.3835e-007,0.0052262
4.384e-007,0.00514912
4.3845e-007,0.00507546
4.385e-007,0.0050138
4.3855e-007,0.00494014
4.386e-007,0.00486306
4.3865e-007,0.00477912
4.387e-007,0.00468834
4.3875e-007,0.00457699
4.388e-007,0.00449649
4.3885e-007,0.00441598
4.389e-007,0.00434232
4.3895e-007,0.00430635
4.39e-007,0.00425325
4.3905e-007,0.00425153
4.391e-007,0.00423269
4.3915e-007,0.00422241
4.392e-007,0.00423783
4.3925e-007,0.00421214
4.393e-007,0.00419843
4.3935e-007,0.00417274
4.394e-007,0.00415047
4.3945e-007,0.00415218
4.395e-007,0.00411107
4.3955e-007,0.00409566
4.396e-007,0.00406825
4.3965e-007,0.0040614
4.397e-007,0.0040614
4.3975e-007,0.00408195
4.398e-007,0.00410936
4.3985e-007,0.00413163
4.399e-007,0.00417103
4.3995e-007,0.00421899
4.4e-007,0.0042344
4.4005e-007,0.0042995
4.401e-007,0.00433033
4.4015e-007,0.00438686
4.402e-007,0.00441598
4.4025e-007,0.00448107
4.403e-007,0.00452389
4.4035e-007,0.00458213
4.404e-007,0.00465408
4.4045e-007,0.00472431
4.405e-007,0.00477056
4.4055e-007,0.0048288
4.406e-007,0.0049213
4.4065e-007,0.00503264
4.407e-007,0.00514227
4.4075e-007,0.00526731
4.408e-007,0.00541463
4.4085e-007,0.00557564
4.409e-007,0.00573152
4.4095e-007,0.00589082
4.41e-007,0.00603985
4.4105e-007,0.00621286
4.411e-007,0.00632763
4.4115e-007,0.00644068
4.412e-007,0.00652633
4.4125e-007,0.00659142
4.413e-007,0.00662568
4.4135e-007,0.00668049
4.414e-007,0.00669248
4.4145e-007,0.0067216
4.415e-007,0.0067747
4.4155e-007,0.00682781
4.416e-007,0.00690146
4.4165e-007,0.00699739
4.417e-007,0.00711901
4.4175e-007,0.0072372
4.418e-007,0.00736567
4.4185e-007,0.007489
4.419e-007,0.00760891
4.4195e-007,0.00771169
4.42e-007,0.00777164
4.4205e-007,0.00786585
4.421e-007,0.00791553
4.4215e-007,0.00798062
4.422e-007,0.00804742
4.4225e-007,0.00813478
4.423e-007,0.00823585
4.4235e-007,0.00834034
4.424e-007,0.00844825
4.4245e-007,0.00860585
4.425e-007,0.00873089
4.4255e-007,0.00888334
4.426e-007,0.00897755
4.4265e-007,0.00904779
4.427e-007,0.00908547
4.4275e-007,0.00910431
4.428e-007,0.00910089
4.4285e-007,0.00905806
4.429e-007,0.00897755
4.4295e-007,0.00892274
4.43e-007,0.00885936
4.4305e-007,0.00881825
4.431e-007,0.00880797
4.4315e-007,0.00882682
4.432e-007,0.00888506
4.4325e-007,0.0089433
4.433e-007,0.00903408
4.4335e-007,0.00914542
4.434e-007,0.00921223
4.4345e-007,0.00928246
4.435e-007,0.00933727
4.4355e-007,0.00939037
4.436e-007,0.0094075
4.4365e-007,0.00941436
4.437e-007,0.00936982
4.4375e-007,0.00933556
4.438e-007,0.00927732
4.4385e-007,0.00921565
4.439e-007,0.00914542
4.4395e-007,0.00904779
4.44e-007,0.008957
4.4405e-007,0.00885765
4.441e-007,0.00874459
4.4415e-007,0.0086264
4.442e-007,0.00851677
4.4425e-007,0.00840029
4.443e-007,0.00830437
4.4435e-007,0.0082033
4.444e-007,0.00810224
4.4445e-007,0.00801317
4.445e-007,0.00793951
4.4455e-007,0.00786243
4.446e-007,0.00779048
4.4465e-007,0.00769627
4.447e-007,0.00757808
4.4475e-007,0.00745988
4.448e-007,0.00731771
4.4485e-007,0.00716354
4.449e-007,0.00699225
4.4495e-007,0.00681753
4.45e-007,0.0066411
4.4505e-007,0.00648179
4.451e-007,0.00633105
4.4515e-007,0.00621115
4.452e-007,0.00613064
4.4525e-007,0.0060724
4.453e-007,0.00602786
4.4535e-007,0.00599189
4.454e-007,0.00597476
4.4545e-007,0.00595078
4.455e-007,0.00590967
4.4555e-007,0.00588226
4.456e-007,0.00579661
4.4565e-007,0.00569897
4.457e-007,0.00556708
4.4575e-007,0.00543347
4.458e-007,0.00529472
4.4585e-007,0.00516625
4.459e-007,0.00501893
4.4595e-007,0.00490931
4.46e-007,0.00480824
4.4605e-007,0.00474144
4.461e-007,0.00464894
4.4615e-007,0.00459926
4.462e-007,0.0045513
4.4625e-007,0.00452218
4.463e-007,0.00448621
4.4635e-007,0.00446394
4.464e-007,0.00442797
4.4645e-007,0.00437829
4.465e-007,0.00433033
4.4655e-007,0.00430977
4.466e-007,0.00427038
4.4665e-007,0.00427038
4.467e-007,0.00426352
4.4675e-007,0.00427209
4.468e-007,0.00423269
4.4685e-007,0.00422584
4.469e-007,0.00419843
4.4695e-007,0.00418302
4.47e-007,0.00416417
4.4705e-007,0.00411279
4.471e-007,0.00409394
4.4715e-007,0.00403228
4.472e-007,0.00398089
4.4725e-007,0.00393806
4.473e-007,0.00393293
4.4735e-007,0.00392265
4.474e-007,0.00394663
4.4745e-007,0.00397575
4.475e-007,0.00401172
4.4755e-007,0.00406654
4.476e-007,0.00411964
4.4765e-007,0.00421042
4.477e-007,0.00431834
4.4775e-007,0.0044451
4.478e-007,0.00454274
4.4785e-007,0.00470204
4.479e-007,0.00484764
4.4795e-007,0.00499667
4.48e-007,0.00515768
4.4805e-007,0.00528615
4.481e-007,0.00543175
4.4815e-007,0.00556023
4.482e-007,0.00569384
4.4825e-007,0.00577092
4.483e-007,0.0059011
4.4835e-007,0.00602786
4.484e-007,0.00610837
4.4845e-007,0.00621971
4.485e-007,0.00630022
4.4855e-007,0.00638929
4.486e-007,0.00644239
4.4865e-007,0.00651262
4.487e-007,0.0065623
4.4875e-007,0.0066017
4.488e-007,0.00659827
4.4885e-007,0.00659998
4.489e-007,0.00659656
4.4895e-007,0.00658285
4.49e-007,0.00656915
4.4905e-007,0.00658799
4.491e-007,0.00662739
4.4915e-007,0.00668734
4.492e-007,0.00675586
4.4925e-007,0.00687748
4.493e-007,0.00702137
4.4935e-007,0.00717725
4.494e-007,0.00732456
4.4945e-007,0.00749414
4.495e-007,0.00762947
4.4955e-007,0.00775108
4.496e-007,0.00785386
4.4965e-007,0.00797891
4.497e-007,0.00803372
4.4975e-007,0.00810738
4.498e-007,0.00814164
4.4985e-007,0.00818789
4.499e-007,0.00820673
4.4995e-007,0.00823242
4.5e-007,0.00823927
4.5005e-007,0.00827011
4.501e-007,0.00832492
4.5015e-007,0.00836089
4.502e-007,0.00842256
4.5025e-007,0.00850992
4.503e-007,0.00861612
4.5035e-007,0.00868635
4.504e-007,0.00877371
4.5045e-007,0.00882168
4.505e-007,0.00887992
4.5055e-007,0.00891589
4.506e-007,0.00892274
4.5065e-007,0.00896556
4.507e-007,0.00898098
4.5075e-007,0.00897755
4.508e-007,0.00895529
4.5085e-007,0.00898269
4.509e-007,0.00896043
4.5095e-007,0.00897413
4.51e-007,0.00898612
4.5105e-007,0.00898098
4.511e-007,0.00899126
4.5115e-007,0.00898441
4.512e-007,0.00896385
4.5125e-007,0.00892445
4.513e-007,0.00886621
4.5135e-007,0.0087857
4.514e-007,0.00874117
4.5145e-007,0.00867779
4.515e-007,0.00860071
4.5155e-007,0.00853561
4.516e-007,0.00847052
4.5165e-007,0.00840886
4.517e-007,0.00836089
4.5175e-007,0.00830265
4.518e-007,0.00825812
4.5185e-007,0.00819816
4.519e-007,0.0081502
4.5195e-007,0.00810738
4.52e-007,0.00804571
4.5205e-007,0.00798747
4.521e-007,0.00788641
4.5215e-007,0.00781275
4.522e-007,0.00770997
4.5225e-007,0.00760206
4.523e-007,0.00749414
4.5235e-007,0.00737424
4.524e-007,0.00724919
4.5245e-007,0.00713271
4.525e-007,0.0069991
4.5255e-007,0.00690318
4.526e-007,0.00678156
4.5265e-007,0.00665994
4.527e-007,0.00654688
4.5275e-007,0.00646124
4.528e-007,0.00635846
4.5285e-007,0.00623855
4.529e-007,0.00615976
4.5295e-007,0.0060861
4.53e-007,0.0059936
4.5305e-007,0.00593536
4.531e-007,0.00584115
4.5315e-007,0.00577777
4.532e-007,0.00568356
4.5325e-007,0.00562703
4.533e-007,0.00556365
4.5335e-007,0.00548314
4.534e-007,0.00543518
4.5345e-007,0.00536838
4.535e-007,0.00530157
4.5355e-007,0.00524504
4.536e-007,0.00514569
4.5365e-007,0.00507204
4.537e-007,0.00499838
4.5375e-007,0.004935
4.538e-007,0.00489732
4.5385e-007,0.00486477
4.539e-007,0.00482366
4.5395e-007,0.0047894
4.54e-007,0.00478083
4.5405e-007,0.00476713
4.541e-007,0.00475857
4.5415e-007,0.00473972
4.542e-007,0.00475857
4.5425e-007,0.00476371
4.543e-007,0.00475514
4.5435e-007,0.00478083
4.544e-007,0.0047757
4.5445e-007,0.00478426
4.545e-007,0.00480824
4.5455e-007,0.0048031
4.546e-007,0.00481167
4.5465e-007,0.00482537
4.547e-007,0.00481167
4.5475e-007,0.00482537
4.548e-007,0.00481681
4.5485e-007,0.00478255
4.549e-007,0.00473972
4.5495e-007,0.0047106
4.55e-007,0.00469519
4.5505e-007,0.00469005
4.551e-007,0.0046969
4.5515e-007,0.00472602
4.552e-007,0.00479111
4.5525e-007,0.00488019
4.553e-007,0.00495213
4.5535e-007,0.00507204
4.554e-007,0.00520051
4.5545e-007,0.00532555
4.555e-007,0.00544032
4.5555e-007,0.00552425
4.556e-007,0.00560305
4.5565e-007,0.00565444
4.557e-007,0.00567328
4.5575e-007,0.0056887
4.558e-007,0.00566814
4.5585e-007,0.00565101
4.559e-007,0.005663
4.5595e-007,0.00571096
4.56e-007,0.00575208
4.5605e-007,0.00583601
4.561e-007,0.00598332
4.5615e-007,0.00614434
4.562e-007,0.00634818
4.5625e-007,0.00657086
4.563e-007,0.00680725
4.5635e-007,0.00704535
4.564e-007,0.00729715
4.5645e-007,0.00752326
4.565e-007,0.00767058
4.5655e-007,0.00782817
4.566e-007,0.00791381
4.5665e-007,0.00797377
4.567e-007,0.00795664
4.5675e-007,0.00797719
4.568e-007,0.00794636
4.5685e-007,0.00790182
4.569e-007,0.00788469
4.5695e-007,0.00788983
4.57e-007,0.00792067
4.5705e-007,0.00794122
4.571e-007,0.00801145
4.5715e-007,0.00812108
4.572e-007,0.00822386
4.5725e-007,0.00832663
4.573e-007,0.00841742
4.5735e-007,0.00853219
4.574e-007,0.00862983
4.5745e-007,0.00868978
4.575e-007,0.0087326
4.5755e-007,0.00877714
4.576e-007,0.00877371
4.5765e-007,0.00877714
4.577e-007,0.00877714
4.5775e-007,0.00873774
4.578e-007,0.00870006
4.5785e-007,0.00868293
4.579e-007,0.0086658
4.5795e-007,0.00864524
4.58e-007,0.00861441
4.5805e-007,0.00858529
4.581e-007,0.00858186
4.5815e-007,0.00853219
4.582e-007,0.00853219
4.5825e-007,0.00849964
4.583e-007,0.00848936
4.5835e-007,0.00846881
4.584e-007,0.00848936
4.5845e-007,0.00849622
4.585e-007,0.00850478
4.5855e-007,0.0085339
4.586e-007,0.00855446
4.5865e-007,0.00856987
4.587e-007,0.00859557
4.5875e-007,0.00859043
4.588e-007,0.0085596
4.5885e-007,0.0085476
4.589e-007,0.00850307
4.5895e-007,0.00844483
4.59e-007,0.00834205
4.5905e-007,0.0082427
4.591e-007,0.0080971
4.5915e-007,0.00796692
4.592e-007,0.00784872
4.5925e-007,0.00770484
4.593e-007,0.00756951
4.5935e-007,0.00745988
4.594e-007,0.00734683
4.5945e-007,0.0072372
4.595e-007,0.007131
4.5955e-007,0.00708817
4.596e-007,0.00700595
4.5965e-007,0.00694771
4.597e-007,0.00690146
4.5975e-007,0.00684322
4.598e-007,0.00680554
4.5985e-007,0.00677642
4.599e-007,0.0067216
4.5995e-007,0.00664966
4.6e-007,0.00659656
4.6005e-007,0.00654003
4.601e-007,0.00644924
4.6015e-007,0.00637559
4.602e-007,0.00628823
4.6025e-007,0.00619915
4.603e-007,0.00610666
4.6035e-007,0.00600045
4.604e-007,0.00590624
4.6045e-007,0.00580518
4.605e-007,0.00572124
4.6055e-007,0.00562532
4.606e-007,0.00549856
4.6065e-007,0.00541976
4.607e-007,0.00536152
4.6075e-007,0.00527245
4.608e-007,0.00521935
4.6085e-007,0.00515083
4.609e-007,0.00509259
4.6095e-007,0.00508231
4.61e-007,0.00504463
4.6105e-007,0.00501208
4.611e-007,0.00501037
4.6115e-007,0.00499838
4.612e-007,0.00500523
4.6125e-007,0.00499153
4.613e-007,0.00498468
4.6135e-007,0.00498468
4.614e-007,0.0049744
4.6145e-007,0.00492301
4.615e-007,0.00489046
4.6155e-007,0.00485278
4.616e-007,0.00482023
4.6165e-007,0.00478597
4.617e-007,0.00475171
4.6175e-007,0.00473801
4.618e-007,0.0047106
4.6185e-007,0.00469861
4.619e-007,0.00470718
4.6195e-007,0.0047106
4.62e-007,0.0047363
4.6205e-007,0.00474486
4.621e-007,0.00476542
4.6215e-007,0.00478597
4.622e-007,0.00482366
4.6225e-007,0.00487676
4.623e-007,0.00492472
4.6235e-007,0.00499324
4.624e-007,0.00505833
4.6245e-007,0.00516967
4.625e-007,0.00525018
4.6255e-007,0.00533754
4.626e-007,0.00540263
4.6265e-007,0.00546259
4.627e-007,0.00551055
4.6275e-007,0.00554652
4.628e-007,0.00556879
4.6285e-007,0.00556365
4.629e-007,0.0055568
4.6295e-007,0.00552768
4.63e-007,0.00554995
4.6305e-007,0.00560134
4.631e-007,0.00566472
4.6315e-007,0.00572981
4.632e-007,0.00579661
4.6325e-007,0.00591481
4.633e-007,0.00603985
4.6335e-007,0.00614263
4.634e-007,0.00625054
4.6345e-007,0.00632763
4.635e-007,0.00637901
4.6355e-007,0.00643212
4.636e-007,0.00649892
4.6365e-007,0.00658457
4.637e-007,0.00665822
4.6375e-007,0.00674387
4.638e-007,0.00685521
4.6385e-007,0.00698026
4.639e-007,0.00711558
4.6395e-007,0.00727489
4.64e-007,0.00745303
4.6405e-007,0.00759692
4.641e-007,0.00773396
4.6415e-007,0.00783844
4.642e-007,0.00792067
4.6425e-007,0.00795493
4.643e-007,0.00797205
4.6435e-007,0.0079652
4.644e-007,0.00792923
4.6445e-007,0.00788641
4.645e-007,0.00784358
4.6455e-007,0.00781275
4.646e-007,0.00781104
4.6465e-007,0.00784016
4.647e-007,0.00790696
4.6475e-007,0.00799775
4.648e-007,0.00812108
4.6485e-007,0.00825127
4.649e-007,0.00841571
4.6495e-007,0.0085733
4.65e-007,0.0087326
4.6505e-007,0.00883024
4.651e-007,0.00892959
4.6515e-007,0.00900325
4.652e-007,0.00899468
4.6525e-007,0.00900839
4.653e-007,0.00896385
4.6535e-007,0.00889705
4.654e-007,0.00879941
4.6545e-007,0.00871376
4.655e-007,0.0086264
4.6555e-007,0.00855274
4.656e-007,0.00850478
4.6565e-007,0.00850649
4.657e-007,0.00852191
4.6575e-007,0.00854075
4.658e-007,0.00858186
4.6585e-007,0.00865209
4.659e-007,0.00869492
4.6595e-007,0.00872746
4.66e-007,0.00873945
4.6605e-007,0.00873432
4.661e-007,0.00870862
4.6615e-007,0.00865209
4.662e-007,0.00856302
4.6625e-007,0.00846196
4.663e-007,0.00835233
4.6635e-007,0.00825983
4.664e-007,0.00815877
4.6645e-007,0.00807997
4.665e-007,0.00802858
4.6655e-007,0.00800117
4.666e-007,0.00796349
4.6665e-007,0.00794122
4.667e-007,0.0079121
4.6675e-007,0.0078727
4.668e-007,0.00782817
4.6685e-007,0.00776136
4.669e-007,0.00767571
4.6695e-007,0.00757294
4.67e-007,0.0074753
4.6705e-007,0.00738794
4.671e-007,0.00727831
4.6715e-007,0.007131
4.672e-007,0.00703336
4.6725e-007,0.00692887
4.673e-007,0.00685007
4.6735e-007,0.00676957
4.674e-007,0.00670105
4.6745e-007,0.00663082
4.675e-007,0.00655031
4.6755e-007,0.00649892
4.676e-007,0.0064304
4.6765e-007,0.00634304
4.677e-007,0.00622485
4.6775e-007,0.00612036
4.678e-007,0.00604156
4.6785e-007,0.00595249
4.679e-007,0.00585828
4.6795e-007,0.00581717
4.68e-007,0.00576921
4.6805e-007,0.00571782
4.681e-007,0.0056887
4.6815e-007,0.00566985
4.682e-007,0.00565615
4.6825e-007,0.00563902
4.683e-007,0.0056099
4.6835e-007,0.00558249
4.684e-007,0.00553111
4.6845e-007,0.00547972
4.685e-007,0.00541463
4.6855e-007,0.00533754
4.686e-007,0.00526389
4.6865e-007,0.00522791
4.687e-007,0.00516625
4.6875e-007,0.00514912
4.688e-007,0.00514741
4.6885e-007,0.00515254
4.689e-007,0.00517653
4.6895e-007,0.00519023
4.69e-007,0.00522449
4.6905e-007,0.00521764
4.691e-007,0.00523477
4.6915e-007,0.00522449
4.692e-007,0.00515768
4.6925e-007,0.00508574
4.693e-007,0.00500866
4.6935e-007,0.00493671
4.694e-007,0.00486306
4.6945e-007,0.00478597
4.695e-007,0.0047363
4.6955e-007,0.00471917
4.696e-007,0.0046969
4.6965e-007,0.00474315
4.697e-007,0.00480482
4.6975e-007,0.0048819
4.698e-007,0.00496069
4.6985e-007,0.00503778
4.699e-007,0.00510801
4.6995e-007,0.00517653
4.7e-007,0.00524676
4.7005e-007,0.00530842
4.701e-007,0.00538893
4.7015e-007,0.00546087
4.702e-007,0.00558078
4.7025e-007,0.00569555
4.703e-007,0.00579147
4.7035e-007,0.00587712
4.704e-007,0.0059542
4.7045e-007,0.00601416
4.705e-007,0.00607925
4.7055e-007,0.00611865
4.706e-007,0.0061392
4.7065e-007,0.00616147
4.707e-007,0.00618203
4.7075e-007,0.00620087
4.708e-007,0.00622827
4.7085e-007,0.00626425
4.709e-007,0.00633962
4.7095e-007,0.0064167
4.71e-007,0.0065092
4.7105e-007,0.00661026
4.711e-007,0.00673873
4.7115e-007,0.00688091
4.712e-007,0.00699739
4.7125e-007,0.00710359
4.713e-007,0.00721151
4.7135e-007,0.00731257
4.714e-007,0.00740507
4.7145e-007,0.0074753
4.715e-007,0.0075284
4.7155e-007,0.0076209
4.716e-007,0.00768599
4.7165e-007,0.00775451
4.717e-007,0.00779733
4.7175e-007,0.00786585
4.718e-007,0.00794465
4.7185e-007,0.00802516
4.719e-007,0.00809539
4.7195e-007,0.00819131
4.72e-007,0.00826154
4.7205e-007,0.00833863
4.721e-007,0.00837974
4.7215e-007,0.008414
4.722e-007,0.00842427
4.7225e-007,0.0084277
4.723e-007,0.00839344
4.7235e-007,0.00833349
4.724e-007,0.00827867
4.7245e-007,0.00823585
4.725e-007,0.00820159
4.7255e-007,0.00815877
4.726e-007,0.00816733
4.7265e-007,0.00817761
4.727e-007,0.00819131
4.7275e-007,0.00821872
4.728e-007,0.00825812
4.7285e-007,0.00830779
4.729e-007,0.0083352
4.7295e-007,0.0083746
4.73e-007,0.00843112
4.7305e-007,0.00846024
4.731e-007,0.00849108
4.7315e-007,0.00850478
4.732e-007,0.00849793
4.7325e-007,0.00849108
4.733e-007,0.00847737
4.7335e-007,0.00844825
4.734e-007,0.00840543
4.7345e-007,0.00835062
4.735e-007,0.00828895
4.7355e-007,0.00823242
4.736e-007,0.00816904
4.7365e-007,0.0080971
4.737e-007,0.00805085
4.7375e-007,0.00797891
4.738e-007,0.00793437
4.7385e-007,0.00787956
4.739e-007,0.00785386
4.7395e-007,0.00782474
4.74e-007,0.0077665
4.7405e-007,0.00773738
4.741e-007,0.00767914
4.7415e-007,0.0075815
4.742e-007,0.00749072
4.7425e-007,0.00737252
4.743e-007,0.00724405
4.7435e-007,0.00712415
4.744e-007,0.00700253
4.7445e-007,0.00688605
4.745e-007,0.00678498
4.7455e-007,0.00670619
4.746e-007,0.00663596
4.7465e-007,0.00658971
4.747e-007,0.00654003
4.7475e-007,0.00649892
4.748e-007,0.0064698
4.7485e-007,0.00642869
4.749e-007,0.006403
4.7495e-007,0.00635161
4.75e-007,0.00629165
4.7505e-007,0.00621286
4.751e-007,0.00612379
4.7515e-007,0.00602615
4.752e-007,0.0059542
4.7525e-007,0.00585999
4.753e-007,0.00578805
4.7535e-007,0.00571953
4.754e-007,0.00566643
4.7545e-007,0.0056099
4.755e-007,0.00553111
4.7555e-007,0.0055037
4.756e-007,0.00547287
4.7565e-007,0.00547458
4.757e-007,0.00543347
4.7575e-007,0.00539921
4.758e-007,0.0053581
4.7585e-007,0.00534439
4.759e-007,0.00528444
4.7595e-007,0.0052262
4.76e-007,0.0051594
4.7605e-007,0.00508917
4.761e-007,0.00499153
4.7615e-007,0.00490417
4.762e-007,0.00480824
4.7625e-007,0.00473459
4.763e-007,0.00466949
4.7635e-007,0.00461468
4.764e-007,0.00458898
4.7645e-007,0.00460098
4.765e-007,0.00461982
4.7655e-007,0.00465922
4.766e-007,0.00471746
4.7665e-007,0.00480824
4.767e-007,0.00490245
4.7675e-007,0.00497782
4.768e-007,0.00503949
4.7685e-007,0.00507717
4.769e-007,0.00513199
4.7695e-007,0.0051731
4.77e-007,0.00514741
4.7705e-007,0.00513884
4.771e-007,0.00512342
4.7715e-007,0.0051337
4.772e-007,0.00510629
4.7725e-007,0.00510458
4.773e-007,0.0050943
4.7735e-007,0.00512514
4.774e-007,0.00513028
4.7745e-007,0.00513199
4.775e-007,0.00515426
4.7755e-007,0.00519194
4.776e-007,0.00521421
4.7765e-007,0.00524847
4.777e-007,0.0052793
4.7775e-007,0.00529129
4.778e-007,0.005305
4.7785e-007,0.0053581
4.779e-007,0.00540777
4.7795e-007,0.00549171
4.78e-007,0.00557393
4.7805e-007,0.00567671
4.781e-007,0.00579319
4.7815e-007,0.00591652
4.782e-007,0.00603471
4.7825e-007,0.00614434
4.783e-007,0.00624883
4.7835e-007,0.0063242
4.784e-007,0.00640471
4.7845e-007,0.00650235
4.785e-007,0.00654174
4.7855e-007,0.00659827
4.786e-007,0.00664281
4.7865e-007,0.00669934
4.787e-007,0.0067473
4.7875e-007,0.00682609
4.788e-007,0.0069323
4.7885e-007,0.0070128
4.789e-007,0.00708989
4.7895e-007,0.00720123
4.79e-007,0.0072766
4.7905e-007,0.00736225
4.791e-007,0.00739993
4.7915e-007,0.00744961
4.792e-007,0.00749757
4.7925e-007,0.00755238
4.793e-007,0.00757465
4.7935e-007,0.00761747
4.794e-007,0.00765173
4.7945e-007,0.00772025
4.795e-007,0.00777678
4.7955e-007,0.00787099
4.796e-007,0.00796863
4.7965e-007,0.00810909
4.797e-007,0.00818446
4.7975e-007,0.00829238
4.798e-007,0.00837802
4.7985e-007,0.00845168
4.799e-007,0.00847737
4.7995e-007,0.00847566
4.8e-007,0.00847052
4.8005e-007,0.00844997
4.801e-007,0.00840029
4.8015e-007,0.00834205
4.802e-007,0.00827867
4.8025e-007,0.00824441
4.803e-007,0.00821872
4.8035e-007,0.00822214
4.804e-007,0.00822728
4.8045e-007,0.00824784
4.805e-007,0.00827011
4.8055e-007,0.00832492
4.806e-007,0.00834205
4.8065e-007,0.00838487
4.807e-007,0.00841571
4.8075e-007,0.00840543
4.808e-007,0.0083883
4.8085e-007,0.00835404
4.809e-007,0.00830437
4.8095e-007,0.00824613
4.81e-007,0.00815191
4.8105e-007,0.00807483
4.811e-007,0.00798405
4.8115e-007,0.00788298
4.812e-007,0.00777678
4.8125e-007,0.00769456
4.813e-007,0.0076072
4.8135e-007,0.00755581
4.814e-007,0.00752669
4.8145e-007,0.0075147
4.815e-007,0.00751127
4.8155e-007,0.00751641
4.816e-007,0.00752669
4.8165e-007,0.00752326
4.817e-007,0.00752669
4.8175e-007,0.00751641
4.818e-007,0.00749243
4.8185e-007,0.0074222
4.819e-007,0.00732456
4.8195e-007,0.00719438
4.82e-007,0.00704706
4.8205e-007,0.00690318
4.821e-007,0.00674216
4.8215e-007,0.00655373
4.822e-007,0.00639614
4.8225e-007,0.0062848
4.823e-007,0.00616832
4.8235e-007,0.00608096
4.824e-007,0.00602957
4.8245e-007,0.0059799
4.825e-007,0.00596277
4.8255e-007,0.00596448
4.826e-007,0.00594906
4.8265e-007,0.00593879
4.827e-007,0.00592337
4.8275e-007,0.00585828
4.828e-007,0.00578976
4.8285e-007,0.00570411
4.829e-007,0.00560476
4.8295e-007,0.00550884
4.83e-007,0.00543689
4.8305e-007,0.00531699
4.831e-007,0.00523648
4.8315e-007,0.00519023
4.832e-007,0.00514741
4.8325e-007,0.00513541
4.833e-007,0.00511486
4.8335e-007,0.00510116
4.834e-007,0.00505662
4.8345e-007,0.00503092
4.835e-007,0.00496241
4.8355e-007,0.00489732
4.836e-007,0.0048288
4.8365e-007,0.00476542
4.837e-007,0.00471917
4.8375e-007,0.00463866
4.838e-007,0.00458213
4.8385e-007,0.00457699
4.839e-007,0.00455301
4.8395e-007,0.00452732
4.84e-007,0.004565
4.8405e-007,0.00459584
4.841e-007,0.00462667
4.8415e-007,0.00466949
4.842e-007,0.00473116
4.8425e-007,0.00478083
4.843e-007,0.00480995
4.8435e-007,0.00481509
4.844e-007,0.00480995
4.8445e-007,0.00483565
4.845e-007,0.00483565
4.8455e-007,0.00483565
4.846e-007,0.00480139
4.8465e-007,0.00481167
4.847e-007,0.00479454
4.8475e-007,0.00479625
4.848e-007,0.00480824
4.8485e-007,0.00483394
4.849e-007,0.00487333
4.8495e-007,0.00495384
4.85e-007,0.0050412
4.8505e-007,0.00515597
4.851e-007,0.00525875
4.8515e-007,0.00538893
4.852e-007,0.00551055
4.8525e-007,0.00560134
4.853e-007,0.00567671
4.8535e-007,0.00573323
4.854e-007,0.00574865
4.8545e-007,0.00576407
4.855e-007,0.00575893
4.8555e-007,0.00576407
4.856e-007,0.00571096
4.8565e-007,0.00571096
4.857e-007,0.0057161
4.8575e-007,0.00577948
4.858e-007,0.00582916
4.8585e-007,0.00594221
4.859e-007,0.00606041
4.8595e-007,0.00620087
4.86e-007,0.00634989
4.8605e-007,0.00649207
4.861e-007,0.00662397
4.8615e-007,0.00674558
4.862e-007,0.00686549
4.8625e-007,0.00692716
4.863e-007,0.00697855
4.8635e-007,0.0069991
4.864e-007,0.00701794
4.8645e-007,0.0070385
4.865e-007,0.00704878
4.8655e-007,0.00706762
4.866e-007,0.00711901
4.8665e-007,0.00717553
4.867e-007,0.00723891
4.8675e-007,0.00732799
4.868e-007,0.00739822
4.8685e-007,0.00746674
4.869e-007,0.00752498
4.8695e-007,0.00755923
4.87e-007,0.00757123
4.8705e-007,0.00760206
4.871e-007,0.0075815
4.8715e-007,0.00757636
4.872e-007,0.00754896
4.8725e-007,0.00752155
4.873e-007,0.00749586
4.8735e-007,0.00751984
4.874e-007,0.00759692
4.8745e-007,0.00768942
4.875e-007,0.0077802
4.8755e-007,0.00788983
4.876e-007,0.00798233
4.8765e-007,0.00809196
4.877e-007,0.00815705
4.8775e-007,0.0081896
4.878e-007,0.00821187
4.8785e-007,0.00817761
4.879e-007,0.00810053
4.8795e-007,0.00803372
4.88e-007,0.00793094
4.8805e-007,0.00783331
4.881e-007,0.00773567
4.8815e-007,0.00766372
4.882e-007,0.00759007
4.8825e-007,0.00757294
4.883e-007,0.0075678
4.8835e-007,0.00758322
4.884e-007,0.00760548
4.8845e-007,0.00766886
4.885e-007,0.00772368
4.8855e-007,0.00779733
4.886e-007,0.00783331
4.8865e-007,0.00790354
4.887e-007,0.0079121
4.8875e-007,0.0079121
4.888e-007,0.00786928
4.8885e-007,0.00782303
4.889e-007,0.00773224
4.8895e-007,0.00761405
4.89e-007,0.00744961
4.8905e-007,0.00730401
4.891e-007,0.00716526
4.8915e-007,0.00701623
4.892e-007,0.00689119
4.8925e-007,0.00681239
4.893e-007,0.00673188
4.8935e-007,0.00669077
4.894e-007,0.00668734
4.8945e-007,0.00667193
4.895e-007,0.00669762
4.8955e-007,0.00673017
4.896e-007,0.0067216
4.8965e-007,0.00670447
4.897e-007,0.00663253
4.8975e-007,0.00655373
4.898e-007,0.00643212
4.8985e-007,0.00630364
4.899e-007,0.00615633
4.8995e-007,0.00601416
4.9e-007,0.00587027
4.9005e-007,0.00575721
4.901e-007,0.00566472
4.9015e-007,0.0056236
4.902e-007,0.00558592
4.9025e-007,0.0055705
4.903e-007,0.00558421
4.9035e-007,0.00561847
4.904e-007,0.00563388
4.9045e-007,0.00563046
4.905e-007,0.00563388
4.9055e-007,0.00558249
4.906e-007,0.00552597
4.9065e-007,0.00544717
4.907e-007,0.00534439
4.9075e-007,0.00526217
4.908e-007,0.00516282
4.9085e-007,0.00505662
4.909e-007,0.00498639
4.9095e-007,0.00492472
4.91e-007,0.0048562
4.9105e-007,0.00484764
4.911e-007,0.00483907
4.9115e-007,0.00486477
4.912e-007,0.00488704
4.9125e-007,0.00491444
4.913e-007,0.00494185
4.9135e-007,0.00497611
4.914e-007,0.00504292
4.9145e-007,0.00509259
4.915e-007,0.00514912
4.9155e-007,0.00518166
4.916e-007,0.00524162
4.9165e-007,0.00529643
4.917e-007,0.00531356
4.9175e-007,0.00532726
4.918e-007,0.00530842
4.9185e-007,0.00527074
4.919e-007,0.0052262
4.9195e-007,0.00520565
4.92e-007,0.00513199
4.9205e-007,0.00510287
4.921e-007,0.00507889
4.9215e-007,0.00507375
4.922e-007,0.00510458
4.9225e-007,0.00514741
4.923e-007,0.00520393
4.9235e-007,0.00527416
4.924e-007,0.00533754
4.9245e-007,0.00541463
4.925e-007,0.00548828
4.9255e-007,0.00553282
4.926e-007,0.00557564
4.9265e-007,0.00561333
4.927e-007,0.00563731
4.9275e-007,0.00565786
4.928e-007,0.0056887
4.9285e-007,0.00571953
4.929e-007,0.00576407
4.9295e-007,0.0058343
4.93e-007,0.00593022
4.9305e-007,0.00600902
4.931e-007,0.00609466
4.9315e-007,0.00617689
4.932e-007,0.00623684
4.9325e-007,0.00631564
4.933e-007,0.00634476
4.9335e-007,0.00638244
4.934e-007,0.00640985
4.9345e-007,0.00646295
4.935e-007,0.00649892
4.9355e-007,0.00657086
4.936e-007,0.00665137
4.9365e-007,0.00675586
4.937e-007,0.00687234
4.9375e-007,0.0070248
4.938e-007,0.0071584
4.9385e-007,0.00730058
4.939e-007,0.00741021
4.9395e-007,0.00748729
4.94e-007,0.00754896
4.9405e-007,0.0075678
4.941e-007,0.00755923
4.9415e-007,0.00750956
4.942e-007,0.00739993
4.9425e-007,0.00733655
4.943e-007,0.00724063
4.9435e-007,0.00716526
4.944e-007,0.00711044
4.9445e-007,0.00710188
4.945e-007,0.00709845
4.9455e-007,0.00708475
4.946e-007,0.00713785
4.9465e-007,0.00720123
4.947e-007,0.00726803
4.9475e-007,0.00736567
4.948e-007,0.00743076
4.9485e-007,0.00751298
4.949e-007,0.00757465
4.9495e-007,0.00765516
4.95e-007,0.00772539
4.9505e-007,0.00775965
4.951e-007,0.00776308
4.9515e-007,0.00776993
4.952e-007,0.00780247
4.9525e-007,0.00780076
4.953e-007,0.00778192
4.9535e-007,0.00776479
4.954e-007,0.00773909
4.9545e-007,0.00769456
4.955e-007,0.00763118
4.9555e-007,0.00753525
4.956e-007,0.00750099
4.9565e-007,0.00743248
4.957e-007,0.00739479
4.9575e-007,0.00734512
4.958e-007,0.00731428
4.9585e-007,0.00728345
4.959e-007,0.00726632
4.9595e-007,0.00726461
4.96e-007,0.00724577
4.9605e-007,0.00724405
4.961e-007,0.00725776
4.9615e-007,0.00727317
4.962e-007,0.00725433
4.9625e-007,0.00722692
4.963e-007,0.00719952
4.9635e-007,0.00716697
4.964e-007,0.00711044
4.9645e-007,0.00707104
4.965e-007,0.00702137
4.9655e-007,0.00697512
4.966e-007,0.00689804
4.9665e-007,0.00683808
4.967e-007,0.00673359
4.9675e-007,0.00664623
4.968e-007,0.00654174
4.9685e-007,0.00647323
4.969e-007,0.00637045
4.9695e-007,0.00630878
4.97e-007,0.00621286
4.9705e-007,0.00613578
4.971e-007,0.00605527
4.9715e-007,0.0059799
4.972e-007,0.00590624
4.9725e-007,0.00585999
4.973e-007,0.00579661
4.9735e-007,0.00576064
4.974e-007,0.00572467
4.9745e-007,0.00569726
4.975e-007,0.00566129
4.9755e-007,0.00564587
4.976e-007,0.00562532
4.9765e-007,0.00561333
4.977e-007,0.0055962
4.9775e-007,0.00558249
4.978e-007,0.00554652
4.9785e-007,0.00552939
4.979e-007,0.00546601
4.9795e-007,0.00544546
4.98e-007,0.00538037
4.9805e-007,0.00532213
4.981e-007,0.00528787
4.9815e-007,0.00524504
4.982e-007,0.00521764
4.9825e-007,0.00520222
4.983e-007,0.00518852
4.9835e-007,0.00518338
4.984e-007,0.0051337
4.9845e-007,0.00514227
4.985e-007,0.00511829
4.9855e-007,0.00509602
4.986e-007,0.00504805
4.9865e-007,0.00503092
4.987e-007,0.00499324
4.9875e-007,0.00495556
4.988e-007,0.00494014
4.9885e-007,0.00493671
4.989e-007,0.0049487
4.9895e-007,0.00498468
4.99e-007,0.00501551
4.9905e-007,0.00505491
4.991e-007,0.00510629
4.9915e-007,0.00515768
4.992e-007,0.00517653
4.9925e-007,0.00518338
4.993e-007,0.00520051
4.9935e-007,0.00518509
4.994e-007,0.00516625
4.9945e-007,0.00515768
4.995e-007,0.00514741
4.9955e-007,0.00513541
4.996e-007,0.00514741
4.9965e-007,0.00514227
4.997e-007,0.00518509
4.9975e-007,0.00523134
4.998e-007,0.00527416
4.9985e-007,0.00531527
4.999e-007,0.00538037
4.9995e-007,0.00544203
5e-007,0.00549513
5.0005e-007,0.00556023
5.001e-007,0.00561161
5.0015e-007,0.00563217
5.002e-007,0.005663
5.0025e-007,0.00566814
5.003e-007,0.00567671
5.0035e-007,0.0057024
5.004e-007,0.00570583
5.0045e-007,0.00572981
5.005e-007,0.00576407
5.0055e-007,0.00580175
5.006e-007,0.00585143
5.0065e-007,0.00595934
5.007e-007,0.00604842
5.0075e-007,0.00615976
5.008e-007,0.00628823
5.0085e-007,0.00640813
5.009e-007,0.00650406
5.0095e-007,0.00662739
5.01e-007,0.00671133
5.0105e-007,0.00675586
5.011e-007,0.00678841
5.0115e-007,0.0068004
5.012e-007,0.00681239
5.0125e-007,0.00679012
5.013e-007,0.00678498
5.0135e-007,0.00677299
5.014e-007,0.0067216
5.0145e-007,0.00674387
5.015e-007,0.00675415
5.0155e-007,0.00678498
5.016e-007,0.00679012
5.0165e-007,0.00682438
5.017e-007,0.00686207
5.0175e-007,0.00689119
5.018e-007,0.00693058
5.0185e-007,0.00696998
5.019e-007,0.0069991
5.0195e-007,0.00703336
5.02e-007,0.00710359
5.0205e-007,0.00718239
5.021e-007,0.00725776
5.0215e-007,0.0073434
5.022e-007,0.0074222
5.0225e-007,0.00749414
5.023e-007,0.00757636
5.0235e-007,0.00766201
5.024e-007,0.00768942
5.0245e-007,0.00768599
5.025e-007,0.00768771
5.0255e-007,0.00764146
5.026e-007,0.00757808
5.0265e-007,0.00748729
5.027e-007,0.00735026
5.0275e-007,0.00724577
5.028e-007,0.00711901
5.0285e-007,0.00699739
5.029e-007,0.00688433
5.0295e-007,0.00682781
5.03e-007,0.00679869
5.0305e-007,0.0067747
5.031e-007,0.00679183
5.0315e-007,0.00682609
5.032e-007,0.0068929
5.0325e-007,0.00696484
5.033e-007,0.00706591
5.0335e-007,0.00715498
5.034e-007,0.00724577
5.0345e-007,0.00729544
5.035e-007,0.0073297
5.0355e-007,0.00736567
5.036e-007,0.00736738
5.0365e-007,0.00735368
5.037e-007,0.00729373
5.0375e-007,0.00721665
5.038e-007,0.00713785
5.0385e-007,0.00699739
5.039e-007,0.00688262
5.0395e-007,0.00675415
5.04e-007,0.00661026
5.0405e-007,0.00648008
5.041e-007,0.00637216
5.0415e-007,0.0062848
5.042e-007,0.00621971
5.0425e-007,0.00620429
5.043e-007,0.00619402
5.0435e-007,0.00618203
5.044e-007,0.00618031
5.0445e-007,0.00616832
5.045e-007,0.0061392
5.0455e-007,0.00611693
5.046e-007,0.00609295
5.0465e-007,0.00602786
5.047e-007,0.0059542
5.0475e-007,0.00586513
5.048e-007,0.00578633
5.0485e-007,0.00567157
5.049e-007,0.00557393
5.0495e-007,0.00546773
5.05e-007,0.00539064
5.0505e-007,0.00528615
5.051e-007,0.00519879
5.0515e-007,0.00515768
5.052e-007,0.00509088
5.0525e-007,0.00501893
5.053e-007,0.00495556
5.0535e-007,0.00487162
5.054e-007,0.00483907
5.0545e-007,0.00480139
5.055e-007,0.00477741
5.0555e-007,0.00479796
5.056e-007,0.00482366
5.0565e-007,0.00485449
5.057e-007,0.00489903
5.0575e-007,0.00495213
5.058e-007,0.00499667
5.0585e-007,0.00502065
5.059e-007,0.0050669
5.0595e-007,0.00507032
5.06e-007,0.00507546
5.0605e-007,0.00507717
5.061e-007,0.00503949
5.0615e-007,0.00503606
5.062e-007,0.00501722
5.0625e-007,0.00500009
5.063e-007,0.00503264
5.0635e-007,0.0050806
5.064e-007,0.00513199
5.0645e-007,0.0051868
5.065e-007,0.00528273
5.0655e-007,0.00537009
5.066e-007,0.00546087
5.0665e-007,0.00553796
5.067e-007,0.00561847
5.0675e-007,0.0056493
5.068e-007,0.00564416
5.0685e-007,0.00560305
5.069e-007,0.00553111
5.0695e-007,0.00545231
5.07e-007,0.00536838
5.0705e-007,0.00530328
5.071e-007,0.00523477
5.0715e-007,0.00516967
5.072e-007,0.00516625
5.0725e-007,0.0051868
5.073e-007,0.00522791
5.0735e-007,0.00529814
5.074e-007,0.00538379
5.0745e-007,0.0054643
5.075e-007,0.00557564
5.0755e-007,0.00565958
5.076e-007,0.00570069
5.0765e-007,0.00571096
5.077e-007,0.00570925
5.0775e-007,0.00569384
5.078e-007,0.00569384
5.0785e-007,0.00568013
5.079e-007,0.00566814
5.0795e-007,0.00569041
5.08e-007,0.00573323
5.0805e-007,0.00577948
5.081e-007,0.00587541
5.0815e-007,0.00595592
5.082e-007,0.00606726
5.0825e-007,0.00618545
5.083e-007,0.00630364
5.0835e-007,0.00641327
5.084e-007,0.00648693
5.0845e-007,0.00658114
5.085e-007,0.00665651
5.0855e-007,0.00670276
5.086e-007,0.00676957
5.0865e-007,0.00680211
5.087e-007,0.00684665
5.0875e-007,0.00690831
5.088e-007,0.00696998
5.0885e-007,0.0070385
5.089e-007,0.007131
5.0895e-007,0.00723549
5.09e-007,0.00730572
5.0905e-007,0.00740678
5.091e-007,0.00747187
5.0915e-007,0.00753183
5.092e-007,0.00757979
5.0925e-007,0.00757123
5.093e-007,0.00755238
5.0935e-007,0.00753697
5.094e-007,0.00749586
5.0945e-007,0.00744961
5.095e-007,0.0073965
5.0955e-007,0.00735026
5.096e-007,0.00732113
5.0965e-007,0.00725947
5.097e-007,0.00722007
5.0975e-007,0.00721836
5.098e-007,0.00723035
5.0985e-007,0.00724748
5.099e-007,0.00726118
5.0995e-007,0.00730058
5.1e-007,0.00729715
5.1005e-007,0.00732113
5.101e-007,0.00732456
5.1015e-007,0.00731771
5.102e-007,0.00731086
5.1025e-007,0.00728345
5.103e-007,0.00725262
5.1035e-007,0.0071978
5.104e-007,0.00712586
5.1045e-007,0.00704535
5.105e-007,0.00697512
5.1055e-007,0.00689119
5.106e-007,0.00679012
5.1065e-007,0.00671818
5.107e-007,0.00662054
5.1075e-007,0.00657258
5.108e-007,0.00653489
5.1085e-007,0.00652975
5.109e-007,0.00652461
5.1095e-007,0.00652461
5.11e-007,0.00651605
5.1105e-007,0.00650577
5.111e-007,0.00646466
5.1115e-007,0.00645952
5.112e-007,0.00640813
5.1125e-007,0.0063379
5.113e-007,0.0062711
5.1135e-007,0.00620087
5.114e-007,0.00612379
5.1145e-007,0.00606212
5.115e-007,0.00599189
5.1155e-007,0.0059799
5.116e-007,0.00597305
5.1165e-007,0.00598846
5.117e-007,0.00600559
5.1175e-007,0.00601587
5.118e-007,0.00601073
5.1185e-007,0.00599189
5.119e-007,0.00595592
5.1195e-007,0.00589768
5.12e-007,0.00577777
5.1205e-007,0.00567842
5.121e-007,0.00553796
5.1215e-007,0.00540435
5.122e-007,0.00526731
5.1225e-007,0.00518852
5.123e-007,0.00512342
5.1235e-007,0.00507204
5.124e-007,0.00505319
5.1245e-007,0.00508403
5.125e-007,0.00514569
5.1255e-007,0.00521592
5.126e-007,0.005305
5.1265e-007,0.00535981
5.127e-007,0.00542319
5.1275e-007,0.0054506
5.128e-007,0.00545745
5.1285e-007,0.00541976
5.129e-007,0.00540263
5.1295e-007,0.00537009
5.13e-007,0.00533412
5.1305e-007,0.00529129
5.131e-007,0.0052399
5.1315e-007,0.00520051
5.132e-007,0.00516453
5.1325e-007,0.00509773
5.133e-007,0.00505319
5.1335e-007,0.00501551
5.134e-007,0.00497782
5.1345e-007,0.00493671
5.135e-007,0.00491273
5.1355e-007,0.00487333
5.136e-007,0.00486306
5.1365e-007,0.00484079
5.137e-007,0.00483051
5.1375e-007,0.00486477
5.138e-007,0.00489046
5.1385e-007,0.004935
5.139e-007,0.00502407
5.1395e-007,0.0050669
5.14e-007,0.00513028
5.1405e-007,0.0051868
5.141e-007,0.00520222
5.1415e-007,0.00523477
5.142e-007,0.00525703
5.1425e-007,0.00526046
5.143e-007,0.00522449
5.1435e-007,0.00519879
5.144e-007,0.00517653
5.1445e-007,0.00516111
5.145e-007,0.00514055
5.1455e-007,0.00514912
5.146e-007,0.00519023
5.1465e-007,0.00523819
5.147e-007,0.00533583
5.1475e-007,0.00546601
5.148e-007,0.00556365
5.1485e-007,0.00568356
5.149e-007,0.00580689
5.1495e-007,0.00591481
5.15e-007,0.0060193
5.1505e-007,0.00612036
5.151e-007,0.00618716
5.1515e-007,0.00625397
5.152e-007,0.00631735
5.1525e-007,0.00633619
5.153e-007,0.00636017
5.1535e-007,0.00638073
5.154e-007,0.00639786
5.1545e-007,0.00644239
5.155e-007,0.00648179
5.1555e-007,0.00656401
5.156e-007,0.00661369
5.1565e-007,0.00665137
5.157e-007,0.00669934
5.1575e-007,0.00675244
5.158e-007,0.00677128
5.1585e-007,0.0068004
5.159e-007,0.00677813
5.1595e-007,0.00675586
5.16e-007,0.00672503
5.1605e-007,0.00665651
5.161e-007,0.0066154
5.1615e-007,0.0065623
5.162e-007,0.00653489
5.1625e-007,0.00654517
5.163e-007,0.00658285
5.1635e-007,0.00663938
5.164e-007,0.00672332
5.1645e-007,0.00684322
5.165e-007,0.00695456
5.1655e-007,0.00707276
5.166e-007,0.0071704
5.1665e-007,0.0072509
5.167e-007,0.00732113
5.1675e-007,0.00735711
5.168e-007,0.00737081
5.1685e-007,0.00733141
5.169e-007,0.00730743
5.1695e-007,0.00726803
5.17e-007,0.00724919
5.1705e-007,0.00724063
5.171e-007,0.00725604
5.1715e-007,0.00728688
5.172e-007,0.00734512
5.1725e-007,0.00742049
5.173e-007,0.00749243
5.1735e-007,0.00756437
5.174e-007,0.00763632
5.1745e-007,0.00768428
5.175e-007,0.00773738
5.1755e-007,0.00777335
5.176e-007,0.00774937
5.1765e-007,0.00773396
5.177e-007,0.00769284
5.1775e-007,0.00763632
5.178e-007,0.00753697
5.1785e-007,0.00747016
5.179e-007,0.0073965
5.1795e-007,0.00730914
5.18e-007,0.00721665
5.1805e-007,0.00712586
5.181e-007,0.00703679
5.1815e-007,0.00694771
5.182e-007,0.00683808
5.1825e-007,0.00674901
5.183e-007,0.00665822
5.1835e-007,0.00656744
5.184e-007,0.00648864
5.1845e-007,0.0064304
5.185e-007,0.00635332
5.1855e-007,0.00629851
5.186e-007,0.00628138
5.1865e-007,0.00623855
5.187e-007,0.00622827
5.1875e-007,0.00620943
5.188e-007,0.00622142
5.1885e-007,0.00619402
5.189e-007,0.00617689
5.1895e-007,0.00615462
5.19e-007,0.00612379
5.1905e-007,0.00608096
5.191e-007,0.00602443
5.1915e-007,0.00597133
5.192e-007,0.00592851
5.1925e-007,0.00588397
5.193e-007,0.00587198
5.1935e-007,0.00584115
5.194e-007,0.00580175
5.1945e-007,0.00576235
5.195e-007,0.0057418
5.1955e-007,0.00571439
5.196e-007,0.00569212
5.1965e-007,0.00564587
5.197e-007,0.00559962
5.1975e-007,0.00552939
5.198e-007,0.00546944
5.1985e-007,0.00540949
5.199e-007,0.00533069
5.1995e-007,0.0052519
5.2e-007,0.00518509
5.2005e-007,0.00512171
5.201e-007,0.00504463
5.2015e-007,0.00495727
5.202e-007,0.00488532
5.2025e-007,0.00480139
5.203e-007,0.00471403
5.2035e-007,0.00465922
5.204e-007,0.00464037
5.2045e-007,0.00464037
5.205e-007,0.00463523
5.2055e-007,0.00470033
5.206e-007,0.00476199
5.2065e-007,0.00485449
5.207e-007,0.00499324
5.2075e-007,0.00511143
5.208e-007,0.00522449
5.2085e-007,0.00532384
5.209e-007,0.00539578
5.2095e-007,0.00544032
5.21e-007,0.0054643
5.2105e-007,0.00543861
5.211e-007,0.00540777
5.2115e-007,0.00533069
5.212e-007,0.00527245
5.2125e-007,0.00522963
5.213e-007,0.00520393
5.2135e-007,0.00514055
5.214e-007,0.0051337
5.2145e-007,0.00512171
5.215e-007,0.00510972
5.2155e-007,0.00513541
5.216e-007,0.00513884
5.2165e-007,0.00516453
5.217e-007,0.00516967
5.2175e-007,0.0051868
5.218e-007,0.00518338
5.2185e-007,0.00517481
5.219e-007,0.0051594
5.2195e-007,0.00517995
5.22e-007,0.00520907
5.2205e-007,0.00527588
5.221e-007,0.00533926
5.2215e-007,0.00543689
5.222e-007,0.00554481
5.2225e-007,0.00565272
5.223e-007,0.00576235
5.2235e-007,0.00586342
5.224e-007,0.00595078
5.2245e-007,0.00602272
5.225e-007,0.0060467
5.2255e-007,0.00605869
5.226e-007,0.00606041
5.2265e-007,0.00604842
5.227e-007,0.00605184
5.2275e-007,0.00608439
5.228e-007,0.00610837
5.2285e-007,0.00616318
5.229e-007,0.00622827
5.2295e-007,0.00632591
5.23e-007,0.00642184
5.2305e-007,0.00648179
5.231e-007,0.00656744
5.2315e-007,0.00663424
5.232e-007,0.00666165
5.2325e-007,0.00669934
5.233e-007,0.0067079
5.2335e-007,0.00671989
5.234e-007,0.00673359
5.2345e-007,0.00674901
5.235e-007,0.00679869
5.2355e-007,0.00686549
5.236e-007,0.00691345
5.2365e-007,0.00702137
5.237e-007,0.00711729
5.2375e-007,0.00724577
5.238e-007,0.00732799
5.2385e-007,0.00742391
5.239e-007,0.00744618
5.2395e-007,0.00746502
5.24e-007,0.0074616
5.2405e-007,0.00745132
5.241e-007,0.00738623
5.2415e-007,0.00733141
5.242e-007,0.00727146
5.2425e-007,0.00723206
5.243e-007,0.0071841
5.2435e-007,0.00714299
5.244e-007,0.00710188
5.2445e-007,0.00708475
5.245e-007,0.00710359
5.2455e-007,0.00708817
5.246e-007,0.00708989
5.2465e-007,0.00712415
5.247e-007,0.00712415
5.2475e-007,0.00714128
5.248e-007,0.00712243
5.2485e-007,0.00711558
5.249e-007,0.00710359
5.2495e-007,0.00709331
5.25e-007,0.00707618
5.2505e-007,0.00700767
5.251e-007,0.00697512
5.2515e-007,0.00693058
5.252e-007,0.00687234
5.2525e-007,0.00685521
5.253e-007,0.00682267
5.2535e-007,0.00682952
5.254e-007,0.00683808
5.2545e-007,0.00686892
5.255e-007,0.00688091
5.2555e-007,0.00690831
5.256e-007,0.0069323
5.2565e-007,0.00696827
5.257e-007,0.00700595
5.2575e-007,0.00702822
5.258e-007,0.0070385
5.2585e-007,0.00705905
5.259e-007,0.00704192
5.2595e-007,0.00699739
5.26e-007,0.00692544
5.2605e-007,0.0068672
5.261e-007,0.00675586
5.2615e-007,0.00663767
5.262e-007,0.00652804
5.2625e-007,0.00638929
5.263e-007,0.00625568
5.2635e-007,0.00613749
5.264e-007,0.00602101
5.2645e-007,0.00593879
5.265e-007,0.00587198
5.2655e-007,0.00583772
5.266e-007,0.00579833
5.2665e-007,0.00581545
5.267e-007,0.00580346
5.2675e-007,0.00583772
5.268e-007,0.0058617
5.2685e-007,0.00587027
5.269e-007,0.00586684
5.2695e-007,0.00585657
5.27e-007,0.00583601
5.2705e-007,0.00579661
5.271e-007,0.00576921
5.2715e-007,0.00570754
5.272e-007,0.0056887
5.2725e-007,0.00564073
5.273e-007,0.00560648
5.2735e-007,0.00560476
5.274e-007,0.00557393
5.2745e-007,0.00551569
5.275e-007,0.00547115
5.2755e-007,0.00542148
5.276e-007,0.00535981
5.2765e-007,0.00531356
5.277e-007,0.0052519
5.2775e-007,0.00519023
5.278e-007,0.00513541
5.2785e-007,0.00508403
5.279e-007,0.00507204
5.2795e-007,0.00507032
5.28e-007,0.00507717
5.2805e-007,0.00508574
5.281e-007,0.00508745
5.2815e-007,0.00510287
5.282e-007,0.0050806
5.2825e-007,0.00507375
5.283e-007,0.00501893
5.2835e-007,0.00498468
5.284e-007,0.00494699
5.2845e-007,0.00489046
5.285e-007,0.0048425
5.2855e-007,0.00484593
5.286e-007,0.00483565
5.2865e-007,0.0048682
5.287e-007,0.00491444
5.2875e-007,0.00499838
5.288e-007,0.00508745
5.2885e-007,0.00522449
5.289e-007,0.00532726
5.2895e-007,0.00542148
5.29e-007,0.00548999
5.2905e-007,0.00556708
5.291e-007,0.00564416
5.2915e-007,0.00569212
5.292e-007,0.00572296
5.2925e-007,0.00574522
5.293e-007,0.00576235
5.2935e-007,0.00577606
5.294e-007,0.00582402
5.2945e-007,0.00586856
5.295e-007,0.00590453
5.2955e-007,0.00593022
5.296e-007,0.00596962
5.2965e-007,0.00599189
5.297e-007,0.00600217
5.2975e-007,0.0060073
5.298e-007,0.00601758
5.2985e-007,0.00605013
5.299e-007,0.00603814
5.2995e-007,0.00603471
5.3e-007,0.00606212
5.3005e-007,0.00608781
5.301e-007,0.00610837
5.3015e-007,0.00614948
5.302e-007,0.00622656
5.3025e-007,0.0062848
5.303e-007,0.00636531
5.3035e-007,0.00647494
5.304e-007,0.0065623
5.3045e-007,0.00664281
5.305e-007,0.00673359
5.3055e-007,0.00683466
5.306e-007,0.00688776
5.3065e-007,0.00689632
5.307e-007,0.0069323
5.3075e-007,0.00694943
5.308e-007,0.00694257
5.3085e-007,0.00692373
5.309e-007,0.00688776
5.3095e-007,0.0068398
5.31e-007,0.00680382
5.3105e-007,0.00676957
5.311e-007,0.00674558
5.3115e-007,0.0067216
5.312e-007,0.00673873
5.3125e-007,0.00676785
5.313e-007,0.0067867
5.3135e-007,0.0068535
5.314e-007,0.00690489
5.3145e-007,0.00699225
5.315e-007,0.00705905
5.3155e-007,0.00715155
5.316e-007,0.00724919
5.3165e-007,0.00735197
5.317e-007,0.00741192
5.3175e-007,0.00748215
5.318e-007,0.00754211
5.3185e-007,0.0075541
5.319e-007,0.0075541
5.3195e-007,0.00753525
5.32e-007,0.00748558
5.3205e-007,0.00743933
5.321e-007,0.00734683
5.3215e-007,0.0072766
5.322e-007,0.00716354
5.3225e-007,0.00708475
5.323e-007,0.00699568
5.3235e-007,0.00692887
5.324e-007,0.0068672
5.3245e-007,0.00684836
5.325e-007,0.00683808
5.3255e-007,0.00681068
5.326e-007,0.00679869
5.3265e-007,0.00679869
5.327e-007,0.00677642
5.3275e-007,0.0067473
5.328e-007,0.00673188
5.3285e-007,0.00669248
5.329e-007,0.00663596
5.3295e-007,0.00657772
5.33e-007,0.00654688
5.3305e-007,0.00652633
5.331e-007,0.00651434
5.3315e-007,0.00648008
5.332e-007,0.00648179
5.3325e-007,0.00651091
5.333e-007,0.00653318
5.3335e-007,0.00656573
5.334e-007,0.00657429
5.3345e-007,0.00658628
5.335e-007,0.00658799
5.3355e-007,0.00659142
5.336e-007,0.00654003
5.3365e-007,0.00648864
5.337e-007,0.00643212
5.3375e-007,0.00635503
5.338e-007,0.00628138
5.3385e-007,0.00622314
5.339e-007,0.00613749
5.3395e-007,0.00606897
5.34e-007,0.00602272
5.3405e-007,0.00598332
5.341e-007,0.00594735
5.3415e-007,0.00595934
5.342e-007,0.00596791
5.3425e-007,0.00599703
5.343e-007,0.0060193
5.3435e-007,0.00606554
5.344e-007,0.00609124
5.3445e-007,0.00610666
5.345e-007,0.00609638
5.3455e-007,0.00607925
5.346e-007,0.00603471
5.3465e-007,0.00599703
5.347e-007,0.00594221
5.3475e-007,0.0058874
5.348e-007,0.005848
5.3485e-007,0.00581545
5.349e-007,0.00576749
5.3495e-007,0.00570925
5.35e-007,0.0056493
5.3505e-007,0.00559106
5.351e-007,0.00556536
5.3515e-007,0.00554652
5.352e-007,0.00548828
5.3525e-007,0.00545916
5.353e-007,0.0054506
5.3535e-007,0.00543347
5.354e-007,0.00542833
5.3545e-007,0.00544032
5.355e-007,0.00543689
5.3555e-007,0.00550027
5.356e-007,0.00552425
5.3565e-007,0.00556365
5.357e-007,0.00556536
5.3575e-007,0.0055568
5.358e-007,0.00555166
5.3585e-007,0.00553796
5.359e-007,0.00548657
5.3595e-007,0.00544032
5.36e-007,0.00537694
5.3605e-007,0.00533069
5.361e-007,0.00532384
5.3615e-007,0.00531527
5.362e-007,0.00533069
5.3625e-007,0.00536838
5.363e-007,0.00546944
5.3635e-007,0.00561504
5.364e-007,0.0057418
5.3645e-007,0.00586684
5.365e-007,0.00599189
5.3655e-007,0.00610666
5.366e-007,0.00621628
5.3665e-007,0.00628823
5.367e-007,0.00633962
5.3675e-007,0.00633105
5.368e-007,0.00631392
5.3685e-007,0.00628823
5.369e-007,0.00623513
5.3695e-007,0.00621457
5.37e-007,0.00619915
5.3705e-007,0.00620429
5.371e-007,0.00618374
5.3715e-007,0.00619915
5.372e-007,0.00622142
5.3725e-007,0.00626082
5.373e-007,0.00629337
5.3735e-007,0.00633962
5.374e-007,0.00638929
5.3745e-007,0.00642012
5.375e-007,0.00647323
5.3755e-007,0.00651434
5.376e-007,0.00655202
5.3765e-007,0.00656573
5.377e-007,0.00658799
5.3775e-007,0.00658971
5.378e-007,0.00657086
5.3785e-007,0.00654003
5.379e-007,0.00651776
5.3795e-007,0.00646124
5.38e-007,0.00640128
5.3805e-007,0.00634647
5.381e-007,0.00628652
5.3815e-007,0.00626939
5.382e-007,0.0062711
5.3825e-007,0.00630364
5.383e-007,0.00634818
5.3835e-007,0.00643897
5.384e-007,0.00657258
5.3845e-007,0.00672846
5.385e-007,0.00687748
5.3855e-007,0.00703336
5.386e-007,0.00714813
5.3865e-007,0.00725262
5.387e-007,0.0073434
5.3875e-007,0.00738794
5.388e-007,0.0074085
5.3885e-007,0.00737766
5.389e-007,0.00731257
5.3895e-007,0.00726975
5.39e-007,0.00721493
5.3905e-007,0.00717211
5.391e-007,0.00710188
5.3915e-007,0.00704021
5.392e-007,0.00700253
5.3925e-007,0.0069597
5.393e-007,0.00693743
5.3935e-007,0.00690146
5.394e-007,0.00686549
5.3945e-007,0.00683637
5.395e-007,0.00678841
5.3955e-007,0.00675415
5.396e-007,0.00667364
5.3965e-007,0.00662739
5.397e-007,0.00657429
5.3975e-007,0.00653147
5.398e-007,0.00650063
5.3985e-007,0.00651948
5.399e-007,0.00652975
5.3995e-007,0.00656573
5.4e-007,0.00658285
5.4005e-007,0.00659998
5.401e-007,0.00663938
5.4015e-007,0.00668049
5.402e-007,0.00670447
5.4025e-007,0.00670105
5.403e-007,0.00671475
5.4035e-007,0.0066942
5.404e-007,0.00665822
5.4045e-007,0.00658628
5.405e-007,0.00651434
5.4055e-007,0.00644239
5.406e-007,0.00639957
5.4065e-007,0.0063636
5.407e-007,0.00630536
5.4075e-007,0.00627966
5.408e-007,0.00626082
5.4085e-007,0.00627966
5.409e-007,0.0062848
5.4095e-007,0.00630193
5.41e-007,0.00632934
5.4105e-007,0.00634989
5.411e-007,0.0063379
5.4115e-007,0.00630193
5.412e-007,0.00628309
5.4125e-007,0.00622656
5.413e-007,0.00614434
5.4135e-007,0.00605013
5.414e-007,0.00594735
5.4145e-007,0.00581374
5.415e-007,0.00571953
5.4155e-007,0.00564245
5.416e-007,0.00558078
5.4165e-007,0.00552768
5.417e-007,0.0055037
5.4175e-007,0.005478
5.418e-007,0.00547972
5.4185e-007,0.00547115
5.419e-007,0.00550884
5.4195e-007,0.0055174
5.42e-007,0.00553796
5.4205e-007,0.0055705
5.421e-007,0.00557907
5.4215e-007,0.00558421
5.422e-007,0.00558935
5.4225e-007,0.00560134
5.423e-007,0.00558421
5.4235e-007,0.00555509
5.424e-007,0.00551569
5.4245e-007,0.00550884
5.425e-007,0.00548657
5.4255e-007,0.00547972
5.426e-007,0.00546087
5.4265e-007,0.00545231
5.427e-007,0.00547287
5.4275e-007,0.00548486
5.428e-007,0.00551398
5.4285e-007,0.00553453
5.429e-007,0.00556879
5.4295e-007,0.00561504
5.43e-007,0.00565786
5.4305e-007,0.00573152
5.431e-007,0.00576064
5.4315e-007,0.00584115
5.432e-007,0.00589082
5.4325e-007,0.00589768
5.433e-007,0.00588911
5.4335e-007,0.00589939
5.434e-007,0.00586684
5.4345e-007,0.00584457
5.435e-007,0.00581203
5.4355e-007,0.00580689
5.436e-007,0.00578462
5.4365e-007,0.0057555
5.437e-007,0.00572296
5.4375e-007,0.00569897
5.438e-007,0.00572638
5.4385e-007,0.00574351
5.439e-007,0.00576578
5.4395e-007,0.00580518
5.44e-007,0.0058617
5.4405e-007,0.00591138
5.441e-007,0.00597476
5.4415e-007,0.00606383
5.442e-007,0.00614605
5.4425e-007,0.00620258
5.443e-007,0.00626767
5.4435e-007,0.00633962
5.444e-007,0.00642355
5.4445e-007,0.00648693
5.445e-007,0.00653318
5.4455e-007,0.00658457
5.446e-007,0.00660512
5.4465e-007,0.00663938
5.447e-007,0.00667364
5.4475e-007,0.0066942
5.448e-007,0.00674045
5.4485e-007,0.00677299
5.449e-007,0.00681924
5.4495e-007,0.00686035
5.45e-007,0.0069066
5.4505e-007,0.00694086
5.451e-007,0.00698368
5.4515e-007,0.00697512
5.452e-007,0.00697341
5.4525e-007,0.00694257
5.453e-007,0.00690489
5.4535e-007,0.00686207
5.454e-007,0.0068398
5.4545e-007,0.00677128
5.455e-007,0.00673531
5.4555e-007,0.00668392
5.456e-007,0.0066548
5.4565e-007,0.00665309
5.457e-007,0.00665137
5.4575e-007,0.00669762
5.458e-007,0.00674216
5.4585e-007,0.00679697
5.459e-007,0.0068535
5.4595e-007,0.00689975
5.46e-007,0.00699568
5.4605e-007,0.00704706
5.461e-007,0.00709503
5.4615e-007,0.00710359
5.462e-007,0.0071447
5.4625e-007,0.00715155
5.463e-007,0.0071447
5.4635e-007,0.007131
5.464e-007,0.00708304
5.4645e-007,0.00704535
5.465e-007,0.00700767
5.4655e-007,0.00695114
5.466e-007,0.00692202
5.4665e-007,0.00690489
5.467e-007,0.00685864
5.4675e-007,0.00684494
5.468e-007,0.00681753
5.4685e-007,0.00683123
5.469e-007,0.00686549
5.4695e-007,0.00685521
5.47e-007,0.00685864
5.4705e-007,0.00686378
5.471e-007,0.0068535
5.4715e-007,0.00685521
5.472e-007,0.00684322
5.4725e-007,0.00683808
5.473e-007,0.00680211
5.4735e-007,0.0067867
5.474e-007,0.00673017
5.4745e-007,0.00671304
5.475e-007,0.00666336
5.4755e-007,0.00665994
5.476e-007,0.00663253
5.4765e-007,0.00664966
5.477e-007,0.00665822
5.4775e-007,0.00669077
5.478e-007,0.00673531
5.4785e-007,0.00676443
5.479e-007,0.00678327
5.4795e-007,0.00678841
5.48e-007,0.00679012
5.4805e-007,0.00676785
5.481e-007,0.0067079
5.4815e-007,0.00664795
5.482e-007,0.00659485
5.4825e-007,0.00649036
5.483e-007,0.00638758
5.4835e-007,0.00628994
5.484e-007,0.00620429
5.4845e-007,0.00610666
5.485e-007,0.00603129
5.4855e-007,0.00599018
5.486e-007,0.00590624
5.4865e-007,0.00589082
5.487e-007,0.00583258
5.4875e-007,0.00583601
5.488e-007,0.00580175
5.4885e-007,0.00577777
5.489e-007,0.00576578
5.4895e-007,0.0057555
5.49e-007,0.00571439
5.4905e-007,0.00569555
5.491e-007,0.00565272
5.4915e-007,0.00560305
5.492e-007,0.00557564
5.4925e-007,0.00552083
5.493e-007,0.005478
5.4935e-007,0.0054249
5.494e-007,0.00535638
5.4945e-007,0.00533412
5.495e-007,0.005305
5.4955e-007,0.00527245
5.496e-007,0.00527416
5.4965e-007,0.00529814
5.497e-007,0.0053187
5.4975e-007,0.00538379
5.498e-007,0.00542833
5.4985e-007,0.00549342
5.499e-007,0.0055431
5.4995e-007,0.00558249
5.5e-007,0.00563388
5.5005e-007,0.00565101
5.501e-007,0.00565272
5.5015e-007,0.00565786
5.502e-007,0.00559791
5.5025e-007,0.00556194
5.503e-007,0.0055037
5.5035e-007,0.00544717
5.504e-007,0.00540606
5.5045e-007,0.00540606
5.505e-007,0.00539578
5.5055e-007,0.00539921
5.506e-007,0.00542833
5.5065e-007,0.00549342
5.507e-007,0.00553624
5.5075e-007,0.00562189
5.508e-007,0.00566985
5.5085e-007,0.00572124
5.509e-007,0.00575208
5.5095e-007,0.00577777
5.51e-007,0.00579319
5.5105e-007,0.00579833
5.511e-007,0.00580004
5.5115e-007,0.00576749
5.512e-007,0.00574351
5.5125e-007,0.0057161
5.513e-007,0.00571782
5.5135e-007,0.00570583
5.514e-007,0.00572981
5.5145e-007,0.00579147
5.515e-007,0.00583772
5.5155e-007,0.00587369
5.516e-007,0.00594221
5.5165e-007,0.00604499
5.517e-007,0.00612036
5.5175e-007,0.00617689
5.518e-007,0.00626596
5.5185e-007,0.00635161
5.519e-007,0.0064167
5.5195e-007,0.00644753
5.52e-007,0.0064698
5.5205e-007,0.00645096
5.521e-007,0.00644411
5.5215e-007,0.00643383
5.522e-007,0.00639786
5.5225e-007,0.006391
5.523e-007,0.00639443
5.5235e-007,0.00641156
5.524e-007,0.00643897
5.5245e-007,0.00649721
5.525e-007,0.00655545
5.5255e-007,0.00666679
5.526e-007,0.00677299
5.5265e-007,0.00688776
5.527e-007,0.00696484
5.5275e-007,0.00706762
5.528e-007,0.00714984
5.5285e-007,0.00722692
5.529e-007,0.0072766
5.5295e-007,0.0073297
5.53e-007,0.00735197
5.5305e-007,0.0073965
5.531e-007,0.00738109
5.5315e-007,0.00739137
5.532e-007,0.00738451
5.5325e-007,0.00735539
5.533e-007,0.00732627
5.5335e-007,0.00734512
5.534e-007,0.00733998
5.5345e-007,0.00735197
5.535e-007,0.00735026
5.5355e-007,0.00735368
5.536e-007,0.00733826
5.5365e-007,0.00730743
5.537e-007,0.00727489
5.5375e-007,0.00724748
5.538e-007,0.00721151
5.5385e-007,0.00714128
5.539e-007,0.00708475
5.5395e-007,0.00703679
5.54e-007,0.00698197
5.5405e-007,0.00696655
5.541e-007,0.00694429
5.5415e-007,0.00695456
5.542e-007,0.00699396
5.5425e-007,0.00705563
5.543e-007,0.00711044
5.5435e-007,0.00718067
5.544e-007,0.00724234
5.5445e-007,0.00727146
5.545e-007,0.00726289
5.5455e-007,0.00722007
5.546e-007,0.00716183
5.5465e-007,0.00707276
5.547e-007,0.00696655
5.5475e-007,0.00681924
5.548e-007,0.00669934
5.5485e-007,0.00657772
5.549e-007,0.00650235
5.5495e-007,0.0064304
5.55e-007,0.00638758
5.5505e-007,0.00640128
5.551e-007,0.00642698
5.5515e-007,0.00646124
5.552e-007,0.00649721
5.5525e-007,0.00655031
5.553e-007,0.00657772
5.5535e-007,0.00659142
5.554e-007,0.00655887
5.5545e-007,0.00648179
5.555e-007,0.00637388
5.5555e-007,0.00628823
5.556e-007,0.00616318
5.5565e-007,0.00605698
5.557e-007,0.00597305
5.5575e-007,0.00592851
5.558e-007,0.00590281
5.5585e-007,0.00589082
5.559e-007,0.00592166
5.5595e-007,0.00598504
5.56e-007,0.00603129
5.5605e-007,0.00609466
5.561e-007,0.00613064
5.5615e-007,0.00616832
5.562e-007,0.00617346
5.5625e-007,0.00614605
5.563e-007,0.00609124
5.5635e-007,0.00603985
5.564e-007,0.00592851
5.5645e-007,0.00586513
5.565e-007,0.00577948
5.5655e-007,0.00572638
5.566e-007,0.00570754
5.5665e-007,0.00570583
5.567e-007,0.00569212
5.5675e-007,0.00571439
5.568e-007,0.00574351
5.5685e-007,0.00575036
5.569e-007,0.00573495
5.5695e-007,0.00572296
5.57e-007,0.00566814
5.5705e-007,0.0056236
5.571e-007,0.0055431
5.5715e-007,0.00545916
5.572e-007,0.00535467
5.5725e-007,0.00527759
5.573e-007,0.00522449
5.5735e-007,0.00517481
5.574e-007,0.00519023
5.5745e-007,0.00520736
5.575e-007,0.00523819
5.5755e-007,0.00530328
5.576e-007,0.00533926
5.5765e-007,0.00541805
5.577e-007,0.00544546
5.5775e-007,0.00549856
5.578e-007,0.00552597
5.5785e-007,0.00554652
5.579e-007,0.00553624
5.5795e-007,0.00554481
5.58e-007,0.0055568
5.5805e-007,0.00555851
5.581e-007,0.00552254
5.5815e-007,0.00551226
5.582e-007,0.00549171
5.5825e-007,0.0055174
5.583e-007,0.00551911
5.5835e-007,0.00555337
5.584e-007,0.00558421
5.5845e-007,0.00565958
5.585e-007,0.00570069
5.5855e-007,0.00574522
5.586e-007,0.00582916
5.5865e-007,0.00589082
5.587e-007,0.00594735
5.5875e-007,0.00597818
5.588e-007,0.00604156
5.5885e-007,0.0060724
5.589e-007,0.00611522
5.5895e-007,0.00614091
5.59e-007,0.00615462
5.5905e-007,0.00616661
5.591e-007,0.00616147
5.5915e-007,0.00615119
5.592e-007,0.00612207
5.5925e-007,0.00611179
5.593e-007,0.00608439
5.5935e-007,0.00605527
5.594e-007,0.0060467
5.5945e-007,0.00606212
5.595e-007,0.00605869
5.5955e-007,0.00607582
5.596e-007,0.00612207
5.5965e-007,0.00613064
5.597e-007,0.00617689
5.5975e-007,0.00622485
5.598e-007,0.0062711
5.5985e-007,0.00632934
5.599e-007,0.00639614
5.5995e-007,0.00647665
5.6e-007,0.00653318
5.6005e-007,0.00658799
5.601e-007,0.0066154
5.6015e-007,0.00664966
5.602e-007,0.00666508
5.6025e-007,0.00668392
5.603e-007,0.00668563
5.6035e-007,0.00671818
5.604e-007,0.00675244
5.6045e-007,0.00677642
5.605e-007,0.00678327
5.6055e-007,0.00679869
5.606e-007,0.00682438
5.6065e-007,0.00682609
5.607e-007,0.0068929
5.6075e-007,0.00695114
5.608e-007,0.00701623
5.6085e-007,0.00710188
5.609e-007,0.00714813
5.6095e-007,0.00721493
5.61e-007,0.00724748
5.6105e-007,0.0072766
5.611e-007,0.00728002
5.6115e-007,0.00729201
5.612e-007,0.00730058
5.6125e-007,0.00729544
5.613e-007,0.00725433
5.6135e-007,0.00724919
5.614e-007,0.00721665
5.6145e-007,0.0071841
5.615e-007,0.00714641
5.6155e-007,0.00710359
5.616e-007,0.00707961
5.6165e-007,0.00704706
5.617e-007,0.00701966
5.6175e-007,0.00699396
5.618e-007,0.00695456
5.6185e-007,0.00690489
5.619e-007,0.00685521
5.6195e-007,0.00680382
5.62e-007,0.00674901
5.6205e-007,0.00668392
5.621e-007,0.00664452
5.6215e-007,0.00659998
5.622e-007,0.00655202
5.6225e-007,0.00651091
5.623e-007,0.00650063
5.6235e-007,0.00648008
5.624e-007,0.00643897
5.6245e-007,0.00643212
5.625e-007,0.00641156
5.6255e-007,0.00639443
5.626e-007,0.00637216
5.6265e-007,0.00635161
5.627e-007,0.00632763
5.6275e-007,0.00632591
5.628e-007,0.00629679
5.6285e-007,0.00627624
5.629e-007,0.00627795
5.6295e-007,0.00632077
5.63e-007,0.00635332
5.6305e-007,0.00643383
5.631e-007,0.00648522
5.6315e-007,0.00656059
5.632e-007,0.00658457
5.6325e-007,0.00662054
5.633e-007,0.00664966
5.6335e-007,0.0066548
5.634e-007,0.0066017
5.6345e-007,0.0065229
5.635e-007,0.00642012
5.6355e-007,0.00628309
5.636e-007,0.00612379
5.6365e-007,0.00596277
5.637e-007,0.00579833
5.6375e-007,0.00566129
5.638e-007,0.00554823
5.6385e-007,0.00546601
5.639e-007,0.00539921
5.6395e-007,0.00537523
5.64e-007,0.00537523
5.6405e-007,0.00540606
5.641e-007,0.00541291
5.6415e-007,0.00542319
5.642e-007,0.00543861
5.6425e-007,0.00546259
5.643e-007,0.00545402
5.6435e-007,0.0054506
5.644e-007,0.00541805
5.6445e-007,0.00538379
5.645e-007,0.00535125
5.6455e-007,0.00533583
5.646e-007,0.00531699
5.6465e-007,0.00532384
5.647e-007,0.00531699
5.6475e-007,0.00533069
5.648e-007,0.00535981
5.6485e-007,0.00537865
5.649e-007,0.00538722
5.6495e-007,0.00539921
5.65e-007,0.00538722
5.6505e-007,0.00535296
5.651e-007,0.00531699
5.6515e-007,0.00528958
5.652e-007,0.00523305
5.6525e-007,0.00521935
5.653e-007,0.00520736
5.6535e-007,0.0051868
5.654e-007,0.00520565
5.6545e-007,0.00524847
5.655e-007,0.00531185
5.6555e-007,0.00539236
5.656e-007,0.00547115
5.6565e-007,0.0055431
5.657e-007,0.00563217
5.6575e-007,0.00568356
5.658e-007,0.00574694
5.6585e-007,0.0057812
5.659e-007,0.00580518
5.6595e-007,0.00579147
5.66e-007,0.00575721
5.6605e-007,0.00571953
5.661e-007,0.00567842
5.6615e-007,0.00563046
5.662e-007,0.00556194
5.6625e-007,0.00552083
5.663e-007,0.0055174
5.6635e-007,0.00551569
5.664e-007,0.00554995
5.6645e-007,0.00560648
5.665e-007,0.00568013
5.6655e-007,0.00576578
5.666e-007,0.00585485
5.6665e-007,0.00594906
5.667e-007,0.00602443
5.6675e-007,0.00611693
5.668e-007,0.00618888
5.6685e-007,0.00624198
5.669e-007,0.00628994
5.6695e-007,0.00633276
5.67e-007,0.00637045
5.6705e-007,0.006391
5.671e-007,0.00641327
5.6715e-007,0.00642698
5.672e-007,0.00648522
5.6725e-007,0.00650577
5.673e-007,0.00655373
5.6735e-007,0.00658285
5.674e-007,0.00658799
5.6745e-007,0.00661883
5.675e-007,0.00661197
5.6755e-007,0.00660512
5.676e-007,0.00659656
5.6765e-007,0.00658285
5.677e-007,0.00656744
5.6775e-007,0.00652804
5.678e-007,0.00652461
5.6785e-007,0.00654346
5.679e-007,0.00655373
5.6795e-007,0.00656573
5.68e-007,0.00662225
5.6805e-007,0.00667535
5.681e-007,0.00669248
5.6815e-007,0.00672332
5.682e-007,0.00676443
5.6825e-007,0.006761
5.683e-007,0.00675072
5.6835e-007,0.00672674
5.684e-007,0.00670105
5.6845e-007,0.00665822
5.685e-007,0.00664795
5.6855e-007,0.00663767
5.686e-007,0.00665309
5.6865e-007,0.00667364
5.687e-007,0.00673531
5.6875e-007,0.00680725
5.688e-007,0.00687577
5.6885e-007,0.00694257
5.689e-007,0.0069597
5.6895e-007,0.00694257
5.69e-007,0.00691859
5.6905e-007,0.00685521
5.691e-007,0.00676271
5.6915e-007,0.00664623
5.692e-007,0.00651091
5.6925e-007,0.00635161
5.693e-007,0.00620429
5.6935e-007,0.00609295
5.694e-007,0.00596791
5.6945e-007,0.0058617
5.695e-007,0.0058086
5.6955e-007,0.0057555
5.696e-007,0.00571096
5.6965e-007,0.00571953
5.697e-007,0.00573666
5.6975e-007,0.00578805
5.698e-007,0.00581545
5.6985e-007,0.0058617
5.699e-007,0.00589254
5.6995e-007,0.00595934
5.7e-007,0.00600559
5.7005e-007,0.00602786
5.701e-007,0.00603814
5.7015e-007,0.00602786
5.702e-007,0.00603814
5.7025e-007,0.00602615
5.703e-007,0.00598846
5.7035e-007,0.00595763
5.704e-007,0.00591994
5.7045e-007,0.00587369
5.705e-007,0.00582059
5.7055e-007,0.00577606
5.706e-007,0.00572809
5.7065e-007,0.00567671
5.707e-007,0.00563388
5.7075e-007,0.00559962
5.708e-007,0.00556708
5.7085e-007,0.00556194
5.709e-007,0.00553453
5.7095e-007,0.00554823
5.71e-007,0.00555337
5.7105e-007,0.00559106
5.711e-007,0.00564587
5.7115e-007,0.00567671
5.712e-007,0.00573323
5.7125e-007,0.00576235
5.713e-007,0.00578462
5.7135e-007,0.00581032
5.714e-007,0.00583087
5.7145e-007,0.00583087
5.715e-007,0.00581374
5.7155e-007,0.00578291
5.716e-007,0.00574008
5.7165e-007,0.00571782
5.717e-007,0.00567499
5.7175e-007,0.00566129
5.718e-007,0.00562874
5.7185e-007,0.00562189
5.719e-007,0.0055962
5.7195e-007,0.00557393
5.72e-007,0.00554823
5.7205e-007,0.00552083
5.721e-007,0.00552597
5.7215e-007,0.00550027
5.722e-007,0.00547458
5.7225e-007,0.00546601
5.723e-007,0.0054643
5.7235e-007,0.00546944
5.724e-007,0.00550541
5.7245e-007,0.00556708
5.725e-007,0.00562018
5.7255e-007,0.00568356
5.726e-007,0.00572809
5.7265e-007,0.00580004
5.727e-007,0.00582916
5.7275e-007,0.00582231
5.728e-007,0.00581032
5.7285e-007,0.00575036
5.729e-007,0.00568527
5.7295e-007,0.0056236
5.73e-007,0.00556194
5.7305e-007,0.00551911
5.731e-007,0.00552425
5.7315e-007,0.00552597
5.732e-007,0.00557564
5.7325e-007,0.005663
5.733e-007,0.00575893
5.7335e-007,0.00587198
5.734e-007,0.00597305
5.7345e-007,0.00606726
5.735e-007,0.00614091
5.7355e-007,0.0061786
5.736e-007,0.00615291
5.7365e-007,0.00614263
5.737e-007,0.0060998
5.7375e-007,0.00604499
5.738e-007,0.00598846
5.7385e-007,0.00594393
5.739e-007,0.0058874
5.7395e-007,0.00588569
5.74e-007,0.00589082
5.7405e-007,0.0059011
5.741e-007,0.00591994
5.7415e-007,0.00596448
5.742e-007,0.00600045
5.7425e-007,0.00605698
5.743e-007,0.00612379
5.7435e-007,0.0061923
5.744e-007,0.00625739
5.7445e-007,0.00633105
5.745e-007,0.00641499
5.7455e-007,0.00648864
5.746e-007,0.00657429
5.7465e-007,0.00664966
5.747e-007,0.00673359
5.7475e-007,0.0067747
5.748e-007,0.00679869
5.7485e-007,0.00679526
5.749e-007,0.00677299
5.7495e-007,0.00674558
5.75e-007,0.00668049
5.7505e-007,0.00664966
5.751e-007,0.00662054
5.7515e-007,0.006576
5.752e-007,0.00655545
5.7525e-007,0.00651948
5.753e-007,0.0065092
5.7535e-007,0.0065092
5.754e-007,0.00651948
5.7545e-007,0.00650577
5.755e-007,0.00650406
5.7555e-007,0.00648522
5.756e-007,0.00646124
5.7565e-007,0.00645952
5.757e-007,0.00645781
5.7575e-007,0.00643725
5.758e-007,0.00643554
5.7585e-007,0.0064698
5.759e-007,0.00651262
5.7595e-007,0.0065486
5.76e-007,0.00659656
5.7605e-007,0.00661883
5.761e-007,0.00661197
5.7615e-007,0.00660341
5.762e-007,0.00660855
5.7625e-007,0.00655545
5.763e-007,0.0065092
5.7635e-007,0.00642698
5.764e-007,0.00634989
5.7645e-007,0.00628138
5.765e-007,0.00622656
5.7655e-007,0.00619915
5.766e-007,0.00619573
5.7665e-007,0.00623513
5.767e-007,0.00626082
5.7675e-007,0.00631564
5.768e-007,0.00633962
5.7685e-007,0.00639786
5.769e-007,0.00638073
5.7695e-007,0.00637901
5.77e-007,0.00633619
5.7705e-007,0.0062711
5.771e-007,0.00615291
5.7715e-007,0.00606383
5.772e-007,0.00596448
5.7725e-007,0.00586342
5.773e-007,0.00578462
5.7735e-007,0.00574351
5.774e-007,0.00572296
5.7745e-007,0.00573666
5.775e-007,0.00574008
5.7755e-007,0.00577092
5.776e-007,0.00580689
5.7765e-007,0.00584286
5.777e-007,0.00585485
5.7775e-007,0.00585143
5.778e-007,0.00582402
5.7785e-007,0.00577092
5.779e-007,0.00571096
5.7795e-007,0.00565958
5.78e-007,0.00557564
5.7805e-007,0.00552939
5.781e-007,0.00548828
5.7815e-007,0.00544717
5.782e-007,0.00543347
5.7825e-007,0.0054506
5.783e-007,0.00548143
5.7835e-007,0.00553282
5.784e-007,0.00558249
5.7845e-007,0.00564416
5.785e-007,0.00569897
5.7855e-007,0.00576235
5.786e-007,0.00578633
5.7865e-007,0.00580004
5.787e-007,0.00580004
5.7875e-007,0.0057812
5.788e-007,0.00574351
5.7885e-007,0.00569384
5.789e-007,0.00564073
5.7895e-007,0.00556708
5.79e-007,0.00550884
5.7905e-007,0.00544546
5.791e-007,0.00540777
5.7915e-007,0.00539064
5.792e-007,0.00540092
5.7925e-007,0.00542319
5.793e-007,0.00545574
5.7935e-007,0.00550884
5.794e-007,0.00556879
5.7945e-007,0.00561161
5.795e-007,0.00568184
5.7955e-007,0.00573666
5.796e-007,0.00576578
5.7965e-007,0.0057949
5.797e-007,0.00581032
5.7975e-007,0.00581545
5.798e-007,0.00581203
5.7985e-007,0.00579319
5.799e-007,0.00575721
5.7995e-007,0.00572809
5.8e-007,0.00566814
5.8005e-007,0.00565444
5.801e-007,0.00561847
5.8015e-007,0.00560819
5.802e-007,0.00558935
5.8025e-007,0.00557736
5.803e-007,0.0055705
5.8035e-007,0.00556536
5.804e-007,0.00558592
5.8045e-007,0.00560819
5.805e-007,0.00560819
5.8055e-007,0.0056356
5.806e-007,0.00563731
5.8065e-007,0.00563731
5.807e-007,0.00563388
5.8075e-007,0.00562532
5.808e-007,0.00562189
5.8085e-007,0.0056236
5.809e-007,0.00559791
5.8095e-007,0.00561847
5.81e-007,0.00563902
5.8105e-007,0.00565786
5.811e-007,0.0057024
5.8115e-007,0.00576749
5.812e-007,0.00581888
5.8125e-007,0.00587541
5.813e-007,0.00596448
5.8135e-007,0.00606212
5.814e-007,0.00611693
5.8145e-007,0.00618716
5.815e-007,0.00621628
5.8155e-007,0.00625226
5.816e-007,0.0062711
5.8165e-007,0.00626939
5.817e-007,0.00630707
5.8175e-007,0.00629851
5.818e-007,0.00631392
5.8185e-007,0.00631221
5.819e-007,0.00632591
5.8195e-007,0.00634304
5.82e-007,0.00633448
5.8205e-007,0.00633276
5.821e-007,0.00634989
5.8215e-007,0.0063773
5.822e-007,0.00639786
5.8225e-007,0.00639957
5.823e-007,0.00638758
5.8235e-007,0.00642012
5.824e-007,0.00640471
5.8245e-007,0.00640813
5.825e-007,0.00639272
5.8255e-007,0.006391
5.826e-007,0.00643212
5.8265e-007,0.00646295
5.827e-007,0.00649378
5.8275e-007,0.00651605
5.828e-007,0.00655031
5.8285e-007,0.00659485
5.829e-007,0.00662739
5.8295e-007,0.00663596
5.83e-007,0.00666336
5.8305e-007,0.00666679
5.831e-007,0.00663938
5.8315e-007,0.00664281
5.832e-007,0.00661026
5.8325e-007,0.00656744
5.833e-007,0.00651434
5.8335e-007,0.00647837
5.834e-007,0.00642355
5.8345e-007,0.00638929
5.835e-007,0.00634818
5.8355e-007,0.0063242
5.836e-007,0.00630536
5.8365e-007,0.00628652
5.837e-007,0.00628823
5.8375e-007,0.00628652
5.838e-007,0.00630707
5.8385e-007,0.00631221
5.839e-007,0.00630707
5.8395e-007,0.00631392
5.84e-007,0.00634989
5.8405e-007,0.00633276
5.841e-007,0.00632077
5.8415e-007,0.00630364
5.842e-007,0.00629851
5.8425e-007,0.00627281
5.843e-007,0.0062454
5.8435e-007,0.00625397
5.844e-007,0.00621286
5.8445e-007,0.0061923
5.845e-007,0.00619059
5.8455e-007,0.00618031
5.846e-007,0.00614948
5.8465e-007,0.00611179
5.847e-007,0.00607754
5.8475e-007,0.00603129
5.848e-007,0.00600217
5.8485e-007,0.00595249
5.849e-007,0.00590624
5.8495e-007,0.00584457
5.85e-007,0.00579833
5.8505e-007,0.00576749
5.851e-007,0.00575208
5.8515e-007,0.00574694
5.852e-007,0.00574522
5.8525e-007,0.00575893
5.853e-007,0.00576921
5.8535e-007,0.00577606
5.854e-007,0.00577263
5.8545e-007,0.00577263
5.855e-007,0.00574351
5.8555e-007,0.00571439
5.856e-007,0.00566129
5.8565e-007,0.00560819
5.857e-007,0.00556536
5.8575e-007,0.00552425
5.858e-007,0.00546087
5.8585e-007,0.0054249
5.859e-007,0.00540263
5.8595e-007,0.00539921
5.86e-007,0.0054249
5.8605e-007,0.00547287
5.861e-007,0.00548828
5.8615e-007,0.00551569
5.862e-007,0.00552425
5.8625e-007,0.00553796
5.863e-007,0.00556365
5.8635e-007,0.00557393
5.864e-007,0.00552425
5.8645e-007,0.00551569
5.865e-007,0.00550199
5.8655e-007,0.00546601
5.866e-007,0.00542833
5.8665e-007,0.0054112
5.867e-007,0.00538208
5.8675e-007,0.00534782
5.868e-007,0.00534611
5.8685e-007,0.00532726
5.869e-007,0.00532041
5.8695e-007,0.00531527
5.87e-007,0.00534097
5.8705e-007,0.00538037
5.871e-007,0.00541976
5.8715e-007,0.00546773
5.872e-007,0.00552254
5.8725e-007,0.00558763
5.873e-007,0.00564416
5.8735e-007,0.00569726
5.874e-007,0.00570583
5.8745e-007,0.00572124
5.875e-007,0.00574522
5.8755e-007,0.00574008
5.876e-007,0.00570411
5.8765e-007,0.00566643
5.877e-007,0.00563388
5.8775e-007,0.00561675
5.878e-007,0.00560305
5.8785e-007,0.00559448
5.879e-007,0.00562018
5.8795e-007,0.00566985
5.88e-007,0.00573666
5.8805e-007,0.00578805
5.881e-007,0.00584629
5.8815e-007,0.00593022
5.882e-007,0.00599018
5.8825e-007,0.00603471
5.883e-007,0.00607925
5.8835e-007,0.00614263
5.884e-007,0.00615633
5.8845e-007,0.00618203
5.885e-007,0.00620772
5.8855e-007,0.00624883
5.886e-007,0.00625739
5.8865e-007,0.00629851
5.887e-007,0.00632934
5.8875e-007,0.00637045
5.888e-007,0.00640128
5.8885e-007,0.00642698
5.889e-007,0.00643725
5.8895e-007,0.00646466
5.89e-007,0.00646124
5.8905e-007,0.00644582
5.891e-007,0.00642869
5.8915e-007,0.00640813
5.892e-007,0.00638415
5.8925e-007,0.0063379
5.893e-007,0.00630878
5.8935e-007,0.00631564
5.894e-007,0.00630193
5.8945e-007,0.0063379
5.895e-007,0.00637559
5.8955e-007,0.00644239
5.896e-007,0.00652804
5.8965e-007,0.00662054
5.897e-007,0.00670961
5.8975e-007,0.00684836
5.898e-007,0.00694429
5.8985e-007,0.00700595
5.899e-007,0.00704535
5.8995e-007,0.00708132
5.9e-007,0.00706933
5.9005e-007,0.00698368
5.901e-007,0.00687234
5.9015e-007,0.00673702
5.902e-007,0.00658799
5.9025e-007,0.00645267
5.903e-007,0.00631564
5.9035e-007,0.00622656
5.904e-007,0.00614777
5.9045e-007,0.00611865
5.905e-007,0.00612892
5.9055e-007,0.00614777
5.906e-007,0.00622999
5.9065e-007,0.00628823
5.907e-007,0.0063773
5.9075e-007,0.00645438
5.908e-007,0.00648864
5.9085e-007,0.00653832
5.909e-007,0.00653147
5.9095e-007,0.00654346
5.91e-007,0.00654346
5.9105e-007,0.00652804
5.911e-007,0.00652461
5.9115e-007,0.00651434
5.912e-007,0.00649721
5.9125e-007,0.00649207
5.913e-007,0.00650406
5.9135e-007,0.00649036
5.914e-007,0.0064835
5.9145e-007,0.00645096
5.915e-007,0.00638415
5.9155e-007,0.00632249
5.916e-007,0.00624027
5.9165e-007,0.00614605
5.917e-007,0.00606383
5.9175e-007,0.0059542
5.918e-007,0.005848
5.9185e-007,0.00575721
5.919e-007,0.00566814
5.9195e-007,0.0055962
5.92e-007,0.00553624
5.9205e-007,0.00550712
5.921e-007,0.00549342
5.9215e-007,0.00551398
5.922e-007,0.0055174
5.9225e-007,0.0055431
5.923e-007,0.00560305
5.9235e-007,0.00565958
5.924e-007,0.00572638
5.9245e-007,0.00577777
5.925e-007,0.00582573
5.9255e-007,0.00586856
5.926e-007,0.00588226
5.9265e-007,0.00591138
5.927e-007,0.0059268
5.9275e-007,0.00592851
5.928e-007,0.00591138
5.9285e-007,0.00589596
5.929e-007,0.00586513
5.9295e-007,0.00584457
5.93e-007,0.00583258
5.9305e-007,0.00583087
5.931e-007,0.00582231
5.9315e-007,0.00582573
5.932e-007,0.00580346
5.9325e-007,0.00579147
5.933e-007,0.00578462
5.9335e-007,0.00577434
5.934e-007,0.00577263
5.9345e-007,0.00575036
5.935e-007,0.0057161
5.9355e-007,0.0056887
5.936e-007,0.00563217
5.9365e-007,0.00560648
5.937e-007,0.00558421
5.9375e-007,0.00554138
5.938e-007,0.00551055
5.9385e-007,0.00549171
5.939e-007,0.00546087
5.9395e-007,0.00542833
5.94e-007,0.0053855
5.9405e-007,0.00535125
5.941e-007,0.00532898
5.9415e-007,0.00528615
5.942e-007,0.00524504
5.9425e-007,0.00520907
5.943e-007,0.00517653
5.9435e-007,0.00514569
5.944e-007,0.00510972
5.9445e-007,0.00514055
5.945e-007,0.0051594
5.9455e-007,0.00521421
5.946e-007,0.00528273
5.9465e-007,0.00534268
5.947e-007,0.00544032
5.9475e-007,0.00551055
5.948e-007,0.00558592
5.9485e-007,0.00565786
5.949e-007,0.00572809
5.9495e-007,0.00575893
5.95e-007,0.00577606
5.9505e-007,0.00578976
5.951e-007,0.00577948
5.9515e-007,0.00577263
5.952e-007,0.00574694
5.9525e-007,0.00573837
5.953e-007,0.00572296
5.9535e-007,0.00573152
5.954e-007,0.00576749
5.9545e-007,0.00581545
5.955e-007,0.00584629
5.9555e-007,0.00594735
5.956e-007,0.00598504
5.9565e-007,0.00602101
5.957e-007,0.00603985
5.9575e-007,0.00605184
5.958e-007,0.00606041
5.9585e-007,0.00605184
5.959e-007,0.00600045
5.9595e-007,0.00594735
5.96e-007,0.0058874
5.9605e-007,0.0058343
5.961e-007,0.00578976
5.9615e-007,0.00576407
5.962e-007,0.00576235
5.9625e-007,0.0057812
5.963e-007,0.00585657
5.9635e-007,0.00593879
5.964e-007,0.00604156
5.9645e-007,0.00616318
5.965e-007,0.00626082
5.9655e-007,0.0063773
5.966e-007,0.00644924
5.9665e-007,0.00651776
5.967e-007,0.0065623
5.9675e-007,0.00659313
5.968e-007,0.00659485
5.9685e-007,0.00659656
5.969e-007,0.00656744
5.9695e-007,0.00653832
5.97e-007,0.00653318
5.9705e-007,0.00650577
5.971e-007,0.00651776
5.9715e-007,0.00652804
5.972e-007,0.00655202
5.9725e-007,0.00657772
5.973e-007,0.00661026
5.9735e-007,0.00664281
5.974e-007,0.00664966
5.9745e-007,0.0066411
5.975e-007,0.00663938
5.9755e-007,0.00661026
5.976e-007,0.00661883
5.9765e-007,0.00656573
5.977e-007,0.00648864
5.9775e-007,0.00644411
5.978e-007,0.00640128
5.9785e-007,0.00639443
5.979e-007,0.00638244
5.9795e-007,0.00635332
5.98e-007,0.00636017
5.9805e-007,0.00639272
5.981e-007,0.00643383
5.9815e-007,0.00647323
5.982e-007,0.00654003
5.9825e-007,0.00658285
5.983e-007,0.00664795
5.9835e-007,0.00670105
5.984e-007,0.00674216
5.9845e-007,0.00673873
5.985e-007,0.006761
5.9855e-007,0.00678327
5.986e-007,0.00674901
5.9865e-007,0.00674387
5.987e-007,0.00668734
5.9875e-007,0.00665822
5.988e-007,0.00660684
5.9885e-007,0.00654517
5.989e-007,0.00649036
5.9895e-007,0.00644068
5.99e-007,0.00637901
5.9905e-007,0.00631392
5.991e-007,0.00627452
5.9915e-007,0.00623341
5.992e-007,0.00620087
5.9925e-007,0.00617003
5.993e-007,0.00614777
5.9935e-007,0.00612721
5.994e-007,0.00612379
5.9945e-007,0.00611008
5.995e-007,0.00610494
5.9955e-007,0.00609638
5.996e-007,0.00608439
5.9965e-007,0.00605355
5.997e-007,0.00601073
5.9975e-007,0.00597133
5.998e-007,0.00591138
5.9985e-007,0.005848
5.999e-007,0.00580689
5.9995e-007,0.00575379
6e-007,0.00573323
6.0005e-007,0.00571782
6.001e-007,0.00570583
6.0015e-007,0.0057024
6.002e-007,0.00571096
6.0025e-007,0.00571268
6.003e-007,0.00570925
6.0035e-007,0.00572467
6.004e-007,0.00569555
6.0045e-007,0.00566472
6.005e-007,0.00565101
6.0055e-007,0.00563731
6.006e-007,0.00564759
6.0065e-007,0.00565615
6.007e-007,0.00565958
6.0075e-007,0.00568527
6.008e-007,0.00569726
6.0085e-007,0.00570411
6.009e-007,0.00572981
6.0095e-007,0.0057418
6.01e-007,0.00572124
6.0105e-007,0.00570069
6.011e-007,0.00565101
6.0115e-007,0.00559791
6.012e-007,0.00553453
6.0125e-007,0.00548314
6.013e-007,0.00541634
6.0135e-007,0.00537694
6.014e-007,0.0053975
6.0145e-007,0.00541976
6.015e-007,0.00546944
6.0155e-007,0.00554823
6.016e-007,0.00560134
6.0165e-007,0.00569041
6.017e-007,0.00577434
6.0175e-007,0.00584971
6.018e-007,0.00592166
6.0185e-007,0.00598332
6.019e-007,0.00599018
6.0195e-007,0.00598161
6.02e-007,0.00595078
6.0205e-007,0.0059011
6.021e-007,0.00585143
6.0215e-007,0.00580004
6.022e-007,0.00573323
6.0225e-007,0.005663
6.023e-007,0.0056356
6.0235e-007,0.00557907
6.024e-007,0.00557222
6.0245e-007,0.00556536
6.025e-007,0.00558078
6.0255e-007,0.00559448
6.026e-007,0.0056493
6.0265e-007,0.00570754
6.027e-007,0.00575893
6.0275e-007,0.00584457
6.028e-007,0.0059268
6.0285e-007,0.00597818
6.029e-007,0.00605698
6.0295e-007,0.0061392
6.03e-007,0.00615462
6.0305e-007,0.0061923
6.031e-007,0.00620772
6.0315e-007,0.00622999
6.032e-007,0.00622999
6.0325e-007,0.00624883
6.033e-007,0.00624712
6.0335e-007,0.00625397
6.034e-007,0.00627966
6.0345e-007,0.00628994
6.035e-007,0.00631392
6.0355e-007,0.00636188
6.036e-007,0.00639272
6.0365e-007,0.00645952
6.037e-007,0.00648008
6.0375e-007,0.00650406
6.038e-007,0.00652975
6.0385e-007,0.0065486
6.039e-007,0.00654346
6.0395e-007,0.00654174
6.04e-007,0.0065092
6.0405e-007,0.00646809
6.041e-007,0.00643383
6.0415e-007,0.00642012
6.042e-007,0.00638758
6.0425e-007,0.00634133
6.043e-007,0.00631392
6.0435e-007,0.00630878
6.044e-007,0.00632077
6.0445e-007,0.00635503
6.045e-007,0.00640471
6.0455e-007,0.00646295
6.046e-007,0.00651434
6.0465e-007,0.00658457
6.047e-007,0.00664281
6.0475e-007,0.00669248
6.048e-007,0.00675072
6.0485e-007,0.00677642
6.049e-007,0.00679697
6.0495e-007,0.00679869
6.05e-007,0.00675415
6.0505e-007,0.00668221
6.051e-007,0.00660512
6.0515e-007,0.00651605
6.052e-007,0.00645096
6.0525e-007,0.00638587
6.053e-007,0.00634476
6.0535e-007,0.00630878
6.054e-007,0.00629679
6.0545e-007,0.00630536
6.055e-007,0.00630364
6.0555e-007,0.00634476
6.056e-007,0.00640471
6.0565e-007,0.00648864
6.057e-007,0.00654174
6.0575e-007,0.00660855
6.058e-007,0.00667364
6.0585e-007,0.00669591
6.059e-007,0.00671133
6.0595e-007,0.00669591
6.06e-007,0.00665651
6.0605e-007,0.00659656
6.061e-007,0.00651776
6.0615e-007,0.0064167
6.062e-007,0.0063242
6.0625e-007,0.0062454
6.063e-007,0.00614948
6.0635e-007,0.00611351
6.064e-007,0.0060861
6.0645e-007,0.00605013
6.065e-007,0.00601073
6.0655e-007,0.00603814
6.066e-007,0.00603471
6.0665e-007,0.00602957
6.067e-007,0.00602101
6.0675e-007,0.00603471
6.068e-007,0.00599703
6.0685e-007,0.00594735
6.069e-007,0.0059405
6.0695e-007,0.00589596
6.07e-007,0.00583258
6.0705e-007,0.00578976
6.071e-007,0.00576578
6.0715e-007,0.00576407
6.072e-007,0.00574865
6.0725e-007,0.00575208
6.073e-007,0.00575721
6.0735e-007,0.00576407
6.074e-007,0.00579661
6.0745e-007,0.00580004
6.075e-007,0.00583258
6.0755e-007,0.00584115
6.076e-007,0.00584286
6.0765e-007,0.00582745
6.077e-007,0.00580518
6.0775e-007,0.00578976
6.078e-007,0.00577606
6.0785e-007,0.00572981
6.079e-007,0.00565958
6.0795e-007,0.00560134
6.08e-007,0.00556708
6.0805e-007,0.00551911
6.081e-007,0.00550027
6.0815e-007,0.005478
6.082e-007,0.00545745
6.0825e-007,0.00545745
6.083e-007,0.00550199
6.0835e-007,0.00553453
6.084e-007,0.00558078
6.0845e-007,0.00560476
6.085e-007,0.00565272
6.0855e-007,0.00572124
6.086e-007,0.00575036
6.0865e-007,0.00578462
6.087e-007,0.00581203
6.0875e-007,0.00581717
6.088e-007,0.00578976
6.0885e-007,0.00576235
6.089e-007,0.00571096
6.0895e-007,0.00567157
6.09e-007,0.0056356
6.0905e-007,0.00557907
6.091e-007,0.00553111
6.0915e-007,0.00550199
6.092e-007,0.00548486
6.0925e-007,0.00549342
6.093e-007,0.00550027
6.0935e-007,0.00552768
6.094e-007,0.00558249
6.0945e-007,0.00563388
6.095e-007,0.00569726
6.0955e-007,0.00574351
6.096e-007,0.0057949
6.0965e-007,0.00582745
6.097e-007,0.00584629
6.0975e-007,0.00587027
6.098e-007,0.00591481
6.0985e-007,0.00593536
6.099e-007,0.00593707
6.0995e-007,0.00593707
6.1e-007,0.00595763
6.1005e-007,0.00596619
6.101e-007,0.00595763
6.1015e-007,0.00595078
6.102e-007,0.00593536
6.1025e-007,0.00596106
6.103e-007,0.00596962
6.1035e-007,0.00594906
6.104e-007,0.0059542
6.1045e-007,0.00597476
6.105e-007,0.00598332
6.1055e-007,0.00600045
6.106e-007,0.00604156
6.1065e-007,0.00608267
6.107e-007,0.00614948
6.1075e-007,0.00620601
6.108e-007,0.00626082
6.1085e-007,0.00629679
6.109e-007,0.00634818
6.1095e-007,0.00639957
6.11e-007,0.00642698
6.1105e-007,0.00645438
6.111e-007,0.00645781
6.1115e-007,0.00646124
6.112e-007,0.0064698
6.1125e-007,0.00648693
6.113e-007,0.00651776
6.1135e-007,0.00652633
6.114e-007,0.00652975
6.1145e-007,0.0065623
6.115e-007,0.00656401
6.1155e-007,0.00657429
6.116e-007,0.00655031
6.1165e-007,0.00649549
6.117e-007,0.00645438
6.1175e-007,0.00637216
6.118e-007,0.00628994
6.1185e-007,0.00622142
6.119e-007,0.00618031
6.1195e-007,0.00612207
6.12e-007,0.00607068
6.1205e-007,0.00607582
6.121e-007,0.00607754
6.1215e-007,0.00613064
6.122e-007,0.00619573
6.1225e-007,0.00631392
6.123e-007,0.00640128
6.1235e-007,0.00651776
6.124e-007,0.00660341
6.1245e-007,0.0066942
6.125e-007,0.00671304
6.1255e-007,0.00672332
6.126e-007,0.00671646
6.1265e-007,0.00663767
6.127e-007,0.00655202
6.1275e-007,0.00645096
6.128e-007,0.00634133
6.1285e-007,0.00622656
6.129e-007,0.00610666
6.1295e-007,0.00600388
6.13e-007,0.00592166
6.1305e-007,0.00584971
6.131e-007,0.00582402
6.1315e-007,0.00582059
6.132e-007,0.00584286
6.1325e-007,0.00587027
6.133e-007,0.00590281
6.1335e-007,0.00595078
6.134e-007,0.00598504
6.1345e-007,0.0060467
6.135e-007,0.00608781
6.1355e-007,0.00613406
6.136e-007,0.00616832
6.1365e-007,0.00618374
6.137e-007,0.00618888
6.1375e-007,0.0061786
6.138e-007,0.00614434
6.1385e-007,0.00609295
6.139e-007,0.00604156
6.1395e-007,0.00594221
6.14e-007,0.00587369
6.1405e-007,0.00578976
6.141e-007,0.00572638
6.1415e-007,0.00565444
6.142e-007,0.00564073
6.1425e-007,0.00563046
6.143e-007,0.00565444
6.1435e-007,0.00569212
6.144e-007,0.0057555
6.1445e-007,0.00581545
6.145e-007,0.00588911
6.1455e-007,0.00597647
6.146e-007,0.00602615
6.1465e-007,0.00605184
6.147e-007,0.00606897
6.1475e-007,0.00605698
6.148e-007,0.00602957
6.1485e-007,0.00595078
6.149e-007,0.00589082
6.1495e-007,0.00582745
6.15e-007,0.00576921
6.1505e-007,0.00570411
6.151e-007,0.00561504
6.1515e-007,0.00554652
6.152e-007,0.00549171
6.1525e-007,0.00543175
6.153e-007,0.00538379
6.1535e-007,0.00537009
6.154e-007,0.00538208
6.1545e-007,0.00540263
6.155e-007,0.0054643
6.1555e-007,0.00550199
6.156e-007,0.00556194
6.1565e-007,0.00562703
6.157e-007,0.00570411
6.1575e-007,0.00575379
6.158e-007,0.00577263
6.1585e-007,0.00579319
6.159e-007,0.00582059
6.1595e-007,0.00582231
6.16e-007,0.00580518
6.1605e-007,0.00581888
6.161e-007,0.00582231
6.1615e-007,0.00581545
6.162e-007,0.00585143
6.1625e-007,0.00586684
6.163e-007,0.00589425
6.1635e-007,0.00588569
6.164e-007,0.00589425
6.1645e-007,0.00591823
6.165e-007,0.00590795
6.1655e-007,0.00589082
6.166e-007,0.00585485
6.1665e-007,0.0058086
6.167e-007,0.00577263
6.1675e-007,0.00575379
6.168e-007,0.00570925
6.1685e-007,0.00569041
6.169e-007,0.00568527
6.1695e-007,0.00571096
6.17e-007,0.00576921
6.1705e-007,0.00580004
6.171e-007,0.0058617
6.1715e-007,0.00591823
6.172e-007,0.00597647
6.1725e-007,0.00599018
6.173e-007,0.00603129
6.1735e-007,0.00604842
6.174e-007,0.00604328
6.1745e-007,0.00603642
6.175e-007,0.00601587
6.1755e-007,0.00597818
6.176e-007,0.00595934
6.1765e-007,0.00596106
6.177e-007,0.00595592
6.1775e-007,0.00598504
6.178e-007,0.00600388
6.1785e-007,0.00605184
6.179e-007,0.00608439
6.1795e-007,0.00616318
6.18e-007,0.0061923
6.1805e-007,0.00620772
6.181e-007,0.0061923
6.1815e-007,0.00620258
6.182e-007,0.00619915
6.1825e-007,0.00616147
6.183e-007,0.00614948
6.1835e-007,0.0061392
6.184e-007,0.00613064
6.1845e-007,0.00615804
6.185e-007,0.00620772
6.1855e-007,0.0062848
6.186e-007,0.00638929
6.1865e-007,0.00646124
6.187e-007,0.00653318
6.1875e-007,0.00662225
6.188e-007,0.00666679
6.1885e-007,0.00669077
6.189e-007,0.00666336
6.1895e-007,0.00661197
6.19e-007,0.00653147
6.1905e-007,0.00646466
6.191e-007,0.00638415
6.1915e-007,0.00631906
6.192e-007,0.00630536
6.1925e-007,0.00627795
6.193e-007,0.00631221
6.1935e-007,0.00635503
6.194e-007,0.00641841
6.1945e-007,0.00648693
6.195e-007,0.00655373
6.1955e-007,0.00657943
6.196e-007,0.00659485
6.1965e-007,0.00658628
6.197e-007,0.00658457
6.1975e-007,0.00653318
6.198e-007,0.00646124
6.1985e-007,0.00639614
6.199e-007,0.00630536
6.1995e-007,0.00623341
6.2e-007,0.00616318
6.2005e-007,0.00608267
6.201e-007,0.00605184
6.2015e-007,0.0060467
6.202e-007,0.00605527
6.2025e-007,0.00606041
6.203e-007,0.00611693
6.2035e-007,0.00617689
6.204e-007,0.00624027
6.2045e-007,0.00630193
6.205e-007,0.00638073
6.2055e-007,0.00645096
6.206e-007,0.00652119
6.2065e-007,0.00656744
6.207e-007,0.00656059
6.2075e-007,0.00652633
6.208e-007,0.00646637
6.2085e-007,0.00638073
6.209e-007,0.0062848
6.2095e-007,0.00615804
6.21e-007,0.0060467
6.2105e-007,0.00596791
6.211e-007,0.00589254
6.2115e-007,0.00584286
6.212e-007,0.00581717
6.2125e-007,0.0058343
6.213e-007,0.00584629
6.2135e-007,0.00589768
6.214e-007,0.00596277
6.2145e-007,0.00604328
6.215e-007,0.00610323
6.2155e-007,0.00618203
6.216e-007,0.00622142
6.2165e-007,0.006218
6.217e-007,0.00619059
6.2175e-007,0.00618716
6.218e-007,0.00614263
6.2185e-007,0.00612207
6.219e-007,0.00607068
6.2195e-007,0.00601244
6.22e-007,0.00597818
6.2205e-007,0.00595249
6.221e-007,0.00589425
6.2215e-007,0.00585828
6.222e-007,0.00582059
6.2225e-007,0.00578462
6.223e-007,0.00576235
6.2235e-007,0.00573495
6.224e-007,0.00568527
6.2245e-007,0.00564245
6.225e-007,0.00555851
6.2255e-007,0.00553453
6.226e-007,0.00546259
6.2265e-007,0.00544032
6.227e-007,0.00544375
6.2275e-007,0.00542319
6.228e-007,0.00544888
6.2285e-007,0.00546601
6.229e-007,0.00548657
6.2295e-007,0.00550884
6.23e-007,0.00555509
6.2305e-007,0.00558421
6.231e-007,0.00557736
6.2315e-007,0.00560648
6.232e-007,0.00559106
6.2325e-007,0.00557393
6.233e-007,0.00555337
6.2335e-007,0.00555851
6.234e-007,0.0055568
6.2345e-007,0.00555166
6.235e-007,0.00555337
6.2355e-007,0.00554823
6.236e-007,0.00556194
6.2365e-007,0.00561675
6.237e-007,0.00566129
6.2375e-007,0.00568698
6.238e-007,0.0057161
6.2385e-007,0.00574008
6.239e-007,0.0057555
6.2395e-007,0.0057812
6.24e-007,0.00577777
6.2405e-007,0.00580346
6.241e-007,0.00577948
6.2415e-007,0.00580004
6.242e-007,0.00580175
6.2425e-007,0.00583601
6.243e-007,0.00585657
6.2435e-007,0.00587369
6.244e-007,0.00591652
6.2445e-007,0.00592337
6.245e-007,0.00594906
6.2455e-007,0.00595078
6.246e-007,0.00595592
6.2465e-007,0.00596962
6.247e-007,0.00597476
6.2475e-007,0.00598846
6.248e-007,0.00600902
6.2485e-007,0.00606041
6.249e-007,0.00606726
6.2495e-007,0.00610152
6.25e-007,0.00614605
6.2505e-007,0.00615804
6.251e-007,0.00620087
6.2515e-007,0.0062317
6.252e-007,0.00628309
6.2525e-007,0.00631392
6.253e-007,0.00633448
6.2535e-007,0.00635846
6.254e-007,0.00638587
6.2545e-007,0.00639443
6.255e-007,0.00640985
6.2555e-007,0.00642184
6.256e-007,0.00642526
6.2565e-007,0.00644924
6.257e-007,0.00648693
6.2575e-007,0.00652461
6.258e-007,0.00654517
6.2585e-007,0.00655545
6.259e-007,0.00657943
6.2595e-007,0.006576
6.26e-007,0.00655031
6.2605e-007,0.00652804
6.261e-007,0.00645096
6.2615e-007,0.00641156
6.262e-007,0.0063242
6.2625e-007,0.00627281
6.263e-007,0.00622827
6.2635e-007,0.00619744
6.264e-007,0.00618716
6.2645e-007,0.00620601
6.265e-007,0.00623855
6.2655e-007,0.00628138
6.266e-007,0.00636531
6.2665e-007,0.00646466
6.267e-007,0.00652461
6.2675e-007,0.00661197
6.268e-007,0.00668392
6.2685e-007,0.00675758
6.269e-007,0.00680725
6.2695e-007,0.00682267
6.27e-007,0.00682095
6.2705e-007,0.00679697
6.271e-007,0.00676785
6.2715e-007,0.00672846
6.272e-007,0.00665822
6.2725e-007,0.00659485
6.273e-007,0.00655031
6.2735e-007,0.00650235
6.274e-007,0.00646295
6.2745e-007,0.00642698
6.275e-007,0.00641499
6.2755e-007,0.00640471
6.276e-007,0.00641327
6.2765e-007,0.00642869
6.277e-007,0.00639957
6.2775e-007,0.00638244
6.278e-007,0.00638073
6.2785e-007,0.00635675
6.279e-007,0.0063379
6.2795e-007,0.00629851
6.28e-007,0.00628309
6.2805e-007,0.00626939
6.281e-007,0.00622314
6.2815e-007,0.0061923
6.282e-007,0.00618545
6.2825e-007,0.00616661
6.283e-007,0.00618031
6.2835e-007,0.00621971
6.284e-007,0.00624712
6.2845e-007,0.00627795
6.285e-007,0.00631906
6.2855e-007,0.00634476
6.286e-007,0.0063379
6.2865e-007,0.0063242
6.287e-007,0.00629337
6.2875e-007,0.00625226
6.288e-007,0.00621286
6.2885e-007,0.00617003
6.289e-007,0.00614263
6.2895e-007,0.00610837
6.29e-007,0.00608439
6.2905e-007,0.00607582
6.291e-007,0.00608439
6.2915e-007,0.00609638
6.292e-007,0.00613064
6.2925e-007,0.00614091
6.293e-007,0.00615291
6.2935e-007,0.0061786
6.294e-007,0.00618545
6.2945e-007,0.00615633
6.295e-007,0.00613235
6.2955e-007,0.00608096
6.296e-007,0.00599703
6.2965e-007,0.00595763
6.297e-007,0.00590281
6.2975e-007,0.00584457
6.298e-007,0.00581374
6.2985e-007,0.00578976
6.299e-007,0.00578462
6.2995e-007,0.00581032
6.3e-007,0.00584457
6.3005e-007,0.00584286
6.301e-007,0.00587369
6.3015e-007,0.00587541
6.302e-007,0.00584457
6.3025e-007,0.00581203
6.303e-007,0.00577263
6.3035e-007,0.00572981
6.304e-007,0.00566643
6.3045e-007,0.00563046
6.305e-007,0.00562189
6.3055e-007,0.00560819
6.306e-007,0.0055962
6.3065e-007,0.00561847
6.307e-007,0.00563731
6.3075e-007,0.00566814
6.308e-007,0.00569897
6.3085e-007,0.0057555
6.309e-007,0.00580518
6.3095e-007,0.00581545
6.31e-007,0.00582745
6.3105e-007,0.00582231
6.311e-007,0.00580689
6.3115e-007,0.00578462
6.312e-007,0.00576921
6.3125e-007,0.00573495
6.313e-007,0.00569897
6.3135e-007,0.00565272
6.314e-007,0.00562532
6.3145e-007,0.00558592
6.315e-007,0.00553282
6.3155e-007,0.00548143
6.316e-007,0.00543518
6.3165e-007,0.00538722
6.317e-007,0.00535125
6.3175e-007,0.00535467
6.318e-007,0.0053581
6.3185e-007,0.00539578
6.319e-007,0.00543175
6.3195e-007,0.00550884
6.32e-007,0.00556194
6.3205e-007,0.00564587
6.321e-007,0.00572981
6.3215e-007,0.00582916
6.322e-007,0.0058617
6.3225e-007,0.00589082
6.323e-007,0.00593707
6.3235e-007,0.00593536
6.324e-007,0.00595592
6.3245e-007,0.00596106
6.325e-007,0.00595763
6.3255e-007,0.00595249
6.326e-007,0.00596791
6.3265e-007,0.00596619
6.327e-007,0.00600559
6.3275e-007,0.00603985
6.328e-007,0.00604842
6.3285e-007,0.00608953
6.329e-007,0.00613406
6.3295e-007,0.00615462
6.33e-007,0.00620258
6.3305e-007,0.00625568
6.331e-007,0.00628652
6.3315e-007,0.00633448
6.332e-007,0.00641156
6.3325e-007,0.00646637
6.333e-007,0.00651091
6.3335e-007,0.00656744
6.334e-007,0.00659827
6.3345e-007,0.00659485
6.335e-007,0.00662397
6.3355e-007,0.00660684
6.336e-007,0.00658628
6.3365e-007,0.00655031
6.337e-007,0.00649378
6.3375e-007,0.00641841
6.338e-007,0.00638415
6.3385e-007,0.00633105
6.339e-007,0.00630193
6.3395e-007,0.00629165
6.34e-007,0.00625911
6.3405e-007,0.00622999
6.341e-007,0.00622827
6.3415e-007,0.00625739
6.342e-007,0.00621457
6.3425e-007,0.00617517
6.343e-007,0.00619059
6.3435e-007,0.00614777
6.344e-007,0.00616318
6.3445e-007,0.00615291
6.345e-007,0.00613235
6.3455e-007,0.00614605
6.346e-007,0.00616832
6.3465e-007,0.00622485
6.347e-007,0.00627966
6.3475e-007,0.00630536
6.348e-007,0.00635503
6.3485e-007,0.00638073
6.349e-007,0.00640471
6.3495e-007,0.00641841
6.35e-007,0.00642869
6.3505e-007,0.0064304
6.351e-007,0.00639957
6.3515e-007,0.00639786
6.352e-007,0.00637045
6.3525e-007,0.00634304
6.353e-007,0.00629679
6.3535e-007,0.00625739
6.354e-007,0.00624712
6.3545e-007,0.00620429
6.355e-007,0.00617689
6.3555e-007,0.00615119
6.356e-007,0.00611522
6.3565e-007,0.00607411
6.357e-007,0.00603642
6.3575e-007,0.00600388
6.358e-007,0.00597647
6.3585e-007,0.00591138
6.359e-007,0.00585828
6.3595e-007,0.00583601
6.36e-007,0.00580175
6.3605e-007,0.00582231
6.361e-007,0.0058343
6.3615e-007,0.00586684
6.362e-007,0.00588911
6.3625e-007,0.00593022
6.363e-007,0.00595592
6.3635e-007,0.00598675
6.364e-007,0.00600902
6.3645e-007,0.0060193
6.365e-007,0.00602443
6.3655e-007,0.00601587
6.366e-007,0.0059799
6.3665e-007,0.00592337
6.367e-007,0.00584971
6.3675e-007,0.00577777
6.368e-007,0.00570069
6.3685e-007,0.00564587
6.369e-007,0.00559106
6.3695e-007,0.00556879
6.37e-007,0.00554481
6.3705e-007,0.00556708
6.371e-007,0.00560305
6.3715e-007,0.00566814
6.372e-007,0.00573495
6.3725e-007,0.0057949
6.373e-007,0.00587712
6.3735e-007,0.00592337
6.374e-007,0.00598675
6.3745e-007,0.00600902
6.375e-007,0.00603985
6.3755e-007,0.00602957
6.376e-007,0.0060193
6.3765e-007,0.00601244
6.377e-007,0.00596448
6.3775e-007,0.0059268
6.378e-007,0.00589768
6.3785e-007,0.00586856
6.379e-007,0.00585657
6.3795e-007,0.00583772
6.38e-007,0.00587541
6.3805e-007,0.0059011
6.381e-007,0.00590967
6.3815e-007,0.00586856
6.382e-007,0.005848
6.3825e-007,0.00579661
6.383e-007,0.00569212
6.3835e-007,0.0056356
6.384e-007,0.00556023
6.3845e-007,0.00547287
6.385e-007,0.00540092
6.3855e-007,0.00536152
6.386e-007,0.00533069
6.3865e-007,0.00534782
6.387e-007,0.00538208
6.3875e-007,0.00543689
6.388e-007,0.00551911
6.3885e-007,0.00558592
6.389e-007,0.00565958
6.3895e-007,0.00574522
6.39e-007,0.00579319
6.3905e-007,0.00584971
6.391e-007,0.00589082
6.3915e-007,0.00592508
6.392e-007,0.00596448
6.3925e-007,0.00600902
6.393e-007,0.00604499
6.3935e-007,0.00611693
6.394e-007,0.00618031
6.3945e-007,0.00623684
6.395e-007,0.00628994
6.3955e-007,0.0063242
6.396e-007,0.00632249
6.3965e-007,0.00632763
6.397e-007,0.0062317
6.3975e-007,0.00613578
6.398e-007,0.00602272
6.3985e-007,0.00591994
6.399e-007,0.00581032
6.3995e-007,0.00571782
6.4e-007,0.00566472
6.4005e-007,0.00564245
6.401e-007,0.00570411
6.4015e-007,0.00573495
6.402e-007,0.00580518
6.4025e-007,0.00589596
6.403e-007,0.0060073
6.4035e-007,0.00609295
6.404e-007,0.00615633
6.4045e-007,0.00620087
6.405e-007,0.00622314
6.4055e-007,0.00620943
6.406e-007,0.00621286
6.4065e-007,0.00619402
6.407e-007,0.00616318
6.4075e-007,0.00618545
6.408e-007,0.00618203
6.4085e-007,0.00618031
6.409e-007,0.00617689
6.4095e-007,0.00618545
6.41e-007,0.00619402
6.4105e-007,0.0061649
6.411e-007,0.00615633
6.4115e-007,0.0061392
6.412e-007,0.00610666
6.4125e-007,0.00608439
6.413e-007,0.00605527
6.4135e-007,0.00602443
6.414e-007,0.00602272
6.4145e-007,0.00602101
6.415e-007,0.00603471
6.4155e-007,0.00605184
6.416e-007,0.00609124
6.4165e-007,0.0061255
6.417e-007,0.00618374
6.4175e-007,0.0062317
6.418e-007,0.00625739
6.4185e-007,0.00626253
6.419e-007,0.00628309
6.4195e-007,0.00629508
6.42e-007,0.00626939
6.4205e-007,0.0062711
6.421e-007,0.0062454
6.4215e-007,0.00621971
6.422e-007,0.00616832
6.4225e-007,0.00615291
6.423e-007,0.00611522
6.4235e-007,0.0060724
6.424e-007,0.00605355
6.4245e-007,0.00606554
6.425e-007,0.00604842
6.4255e-007,0.00605527
6.426e-007,0.00610323
6.4265e-007,0.00611008
6.427e-007,0.00612721
6.4275e-007,0.00614263
6.428e-007,0.00615976
6.4285e-007,0.00616147
6.429e-007,0.00619059
6.4295e-007,0.00616832
6.43e-007,0.00617689
6.4305e-007,0.00614948
6.431e-007,0.00612036
6.4315e-007,0.00611351
6.432e-007,0.00608267
6.4325e-007,0.00606726
6.433e-007,0.00606726
6.4335e-007,0.00606383
6.434e-007,0.00606554
6.4345e-007,0.00605698
6.435e-007,0.00603642
6.4355e-007,0.00601416
6.436e-007,0.00596448
6.4365e-007,0.00589768
6.437e-007,0.00583087
6.4375e-007,0.00574522
6.438e-007,0.0056493
6.4385e-007,0.00556708
6.439e-007,0.0054643
6.4395e-007,0.00540092
6.44e-007,0.00533754
6.4405e-007,0.00534268
6.441e-007,0.00535467
6.4415e-007,0.00538379
6.442e-007,0.00543518
6.4425e-007,0.00551055
6.443e-007,0.00556194
6.4435e-007,0.00562532
6.444e-007,0.00565786
6.4445e-007,0.00567499
6.445e-007,0.0056887
6.4455e-007,0.00569041
6.446e-007,0.00566472
6.4465e-007,0.00565615
6.447e-007,0.0056236
6.4475e-007,0.00561161
6.448e-007,0.00562189
6.4485e-007,0.00564245
6.449e-007,0.00565615
6.4495e-007,0.00573666
6.45e-007,0.0058086
6.4505e-007,0.00588397
6.451e-007,0.0059268
6.4515e-007,0.00595934
6.452e-007,0.00597647
6.4525e-007,0.00597818
6.453e-007,0.00591309
6.4535e-007,0.00583258
6.454e-007,0.00573323
6.4545e-007,0.00563046
6.455e-007,0.00550884
6.4555e-007,0.00539064
6.456e-007,0.00528615
6.4565e-007,0.00522449
6.457e-007,0.00514227
6.4575e-007,0.00511486
6.458e-007,0.00511486
6.4585e-007,0.00513884
6.459e-007,0.00517995
6.4595e-007,0.00524847
6.46e-007,0.0053581
6.4605e-007,0.00548143
6.461e-007,0.0056099
6.4615e-007,0.00576407
6.462e-007,0.0059011
6.4625e-007,0.00600045
6.463e-007,0.00603985
6.4635e-007,0.00611179
6.464e-007,0.00611008
6.4645e-007,0.00605869
6.465e-007,0.00599018
6.4655e-007,0.00589939
6.466e-007,0.00580346
6.4665e-007,0.00571953
6.467e-007,0.00567328
6.4675e-007,0.00560305
6.468e-007,0.0056099
6.4685e-007,0.00563902
6.469e-007,0.00570925
6.4695e-007,0.00580346
6.47e-007,0.00588397
6.4705e-007,0.00599531
6.471e-007,0.00610152
6.4715e-007,0.00615804
6.472e-007,0.00621457
6.4725e-007,0.00620943
6.473e-007,0.00621971
6.4735e-007,0.00619744
6.474e-007,0.00615976
6.4745e-007,0.00612721
6.475e-007,0.00607582
6.4755e-007,0.00604499
6.476e-007,0.00605355
6.4765e-007,0.00601587
6.477e-007,0.0060073
6.4775e-007,0.00603471
6.478e-007,0.006033
6.4785e-007,0.00606041
6.479e-007,0.00608096
6.4795e-007,0.00611865
6.48e-007,0.00614091
6.4805e-007,0.00618203
6.481e-007,0.00622999
6.4815e-007,0.00625397
6.482e-007,0.00628994
6.4825e-007,0.00635675
6.483e-007,0.00642869
6.4835e-007,0.00646295
6.484e-007,0.00651091
6.4845e-007,0.00656573
6.485e-007,0.0066017
6.4855e-007,0.00661711
6.486e-007,0.00665137
6.4865e-007,0.0066548
6.487e-007,0.00662054
6.4875e-007,0.00662225
6.488e-007,0.00660341
6.4885e-007,0.00657772
6.489e-007,0.0065623
6.4895e-007,0.00650406
6.49e-007,0.00646809
6.4905e-007,0.0064167
6.491e-007,0.00638415
6.4915e-007,0.00635161
6.492e-007,0.00631906
6.4925e-007,0.00631735
6.493e-007,0.00631221
6.4935e-007,0.00628994
6.494e-007,0.00632591
6.4945e-007,0.00633962
6.495e-007,0.00633105
6.4955e-007,0.00632934
6.496e-007,0.00632077
6.4965e-007,0.00631564
6.497e-007,0.00628309
6.4975e-007,0.00623855
6.498e-007,0.0062454
6.4985e-007,0.0062317
6.499e-007,0.00618716
6.4995e-007,0.00617346
6.5e-007,0.00613578
6.5005e-007,0.00614777
6.501e-007,0.00615976
6.5015e-007,0.00614605
6.502e-007,0.00614091
6.5025e-007,0.00617689
6.503e-007,0.00617689
6.5035e-007,0.00619402
6.504e-007,0.00615633
6.5045e-007,0.00614263
6.505e-007,0.00613064
6.5055e-007,0.00612207
6.506e-007,0.00611865
6.5065e-007,0.00614263
6.507e-007,0.00616832
6.5075e-007,0.00617003
6.508e-007,0.00620087
6.5085e-007,0.006218
6.509e-007,0.00621457
6.5095e-007,0.00617346
6.51e-007,0.00613749
6.5105e-007,0.0060861
6.511e-007,0.0060193
6.5115e-007,0.00596791
6.512e-007,0.00589939
6.5125e-007,0.00581717
6.513e-007,0.00577434
6.5135e-007,0.00571953
6.514e-007,0.00569041
6.5145e-007,0.00571096
6.515e-007,0.00570754
6.5155e-007,0.00572467
6.516e-007,0.00575036
6.5165e-007,0.00579833
6.517e-007,0.00585314
6.5175e-007,0.00589254
6.518e-007,0.00591481
6.5185e-007,0.00591652
6.519e-007,0.00593536
6.5195e-007,0.00593365
6.52e-007,0.00592166
6.5205e-007,0.00586856
6.521e-007,0.0058086
6.5215e-007,0.00574351
6.522e-007,0.00566129
6.5225e-007,0.00556365
6.523e-007,0.00546944
6.5235e-007,0.00537865
6.524e-007,0.00532726
6.5245e-007,0.005305
6.525e-007,0.00529472
6.5255e-007,0.00527588
6.526e-007,0.00531014
6.5265e-007,0.00534611
6.527e-007,0.0054249
6.5275e-007,0.00550884
6.528e-007,0.00557564
6.5285e-007,0.00562703
6.529e-007,0.00566129
6.5295e-007,0.00571439
6.53e-007,0.00576235
6.5305e-007,0.00579147
6.531e-007,0.00577092
6.5315e-007,0.00576235
6.532e-007,0.00574351
6.5325e-007,0.00571439
6.533e-007,0.00566814
6.5335e-007,0.0056099
6.534e-007,0.00555851
6.5345e-007,0.0055174
6.535e-007,0.00551226
6.5355e-007,0.00552083
6.536e-007,0.00554138
6.5365e-007,0.00559277
6.537e-007,0.00562874
6.5375e-007,0.00570583
6.538e-007,0.00577777
6.5385e-007,0.00585999
6.539e-007,0.00595592
6.5395e-007,0.00603985
6.54e-007,0.00612379
6.5405e-007,0.00615462
6.541e-007,0.00614777
6.5415e-007,0.00614434
6.542e-007,0.00612892
6.5425e-007,0.00610837
6.543e-007,0.00607068
6.5435e-007,0.00606041
6.544e-007,0.00602786
6.5445e-007,0.00601073
6.545e-007,0.0060073
6.5455e-007,0.00600559
6.546e-007,0.00601073
6.5465e-007,0.00600045
6.547e-007,0.00597133
6.5475e-007,0.00596791
6.548e-007,0.00595592
6.5485e-007,0.0059542
6.549e-007,0.00596277
6.5495e-007,0.0060193
6.55e-007,0.00603471
6.5505e-007,0.00609638
6.551e-007,0.0061649
6.5515e-007,0.00619573
6.552e-007,0.00623341
6.5525e-007,0.00626596
6.553e-007,0.00629679
6.5535e-007,0.00630193
6.554e-007,0.00629337
6.5545e-007,0.00629165
6.555e-007,0.00625397
6.5555e-007,0.00622142
6.556e-007,0.00618888
6.5565e-007,0.00617346
6.557e-007,0.00615804
6.5575e-007,0.00615804
6.558e-007,0.00621457
6.5585e-007,0.00625568
6.559e-007,0.00628823
6.5595e-007,0.00634989
6.56e-007,0.00640813
6.5605e-007,0.00644582
6.561e-007,0.00648522
6.5615e-007,0.00649892
6.562e-007,0.00649207
6.5625e-007,0.00648693
6.563e-007,0.00644068
6.5635e-007,0.0064167
6.564e-007,0.00635675
6.5645e-007,0.0063105
6.565e-007,0.0062454
6.5655e-007,0.00622827
6.566e-007,0.00618888
6.5665e-007,0.00617003
6.567e-007,0.00614948
6.5675e-007,0.00616318
6.568e-007,0.00617346
6.5685e-007,0.00619059
6.569e-007,0.00622314
6.5695e-007,0.0062454
6.57e-007,0.00625739
6.5705e-007,0.00626939
6.571e-007,0.00626939
6.5715e-007,0.00627281
6.572e-007,0.00627452
6.5725e-007,0.00625911
6.573e-007,0.00620429
6.5735e-007,0.00618716
6.574e-007,0.00611693
6.5745e-007,0.006033
6.575e-007,0.0059799
6.5755e-007,0.0059405
6.576e-007,0.00590453
6.5765e-007,0.00589082
6.577e-007,0.00589254
6.5775e-007,0.00588569
6.578e-007,0.00590281
6.5785e-007,0.00595934
6.579e-007,0.00600902
6.5795e-007,0.00605698
6.58e-007,0.00610837
6.5805e-007,0.00614777
6.581e-007,0.00615976
6.5815e-007,0.00616147
6.582e-007,0.0061255
6.5825e-007,0.00608953
6.583e-007,0.00601244
6.5835e-007,0.00594221
6.584e-007,0.00586856
6.5845e-007,0.00577948
6.585e-007,0.00572467
6.5855e-007,0.00566985
6.586e-007,0.005663
6.5865e-007,0.00566814
6.587e-007,0.00566643
6.5875e-007,0.00571096
6.588e-007,0.00577434
6.5885e-007,0.00582231
6.589e-007,0.00586856
6.5895e-007,0.00590795
6.59e-007,0.00594906
6.5905e-007,0.00598161
6.591e-007,0.00597647
6.5915e-007,0.00598846
6.592e-007,0.00595763
6.5925e-007,0.00595078
6.593e-007,0.00592166
6.5935e-007,0.00593022
6.594e-007,0.00589768
6.5945e-007,0.00587369
6.595e-007,0.00583258
6.5955e-007,0.00580518
6.596e-007,0.00577092
6.5965e-007,0.00570411
6.597e-007,0.00566814
6.5975e-007,0.00560648
6.598e-007,0.00558421
6.5985e-007,0.00558763
6.599e-007,0.00559962
6.5995e-007,0.0056236
6.6e-007,0.00565958
6.6005e-007,0.00574694
6.601e-007,0.00578633
6.6015e-007,0.00586856
6.602e-007,0.00593536
6.6025e-007,0.00596277
6.603e-007,0.0059799
6.6035e-007,0.00598675
6.604e-007,0.00595763
6.6045e-007,0.00592166
6.605e-007,0.00585314
6.6055e-007,0.00583601
6.606e-007,0.00578805
6.6065e-007,0.00576578
6.607e-007,0.00575208
6.6075e-007,0.00574351
6.608e-007,0.00577263
6.6085e-007,0.00581545
6.609e-007,0.00585999
6.6095e-007,0.00594393
6.61e-007,0.00598675
6.6105e-007,0.00600388
6.611e-007,0.00603814
6.6115e-007,0.00607925
6.612e-007,0.00610494
6.6125e-007,0.0061255
6.613e-007,0.00612892
6.6135e-007,0.00613235
6.614e-007,0.00612892
6.6145e-007,0.00611693
6.615e-007,0.00611693
6.6155e-007,0.00611179
6.616e-007,0.00608953
6.6165e-007,0.00607411
6.617e-007,0.00605013
6.6175e-007,0.00602443
6.618e-007,0.00601758
6.6185e-007,0.00600045
6.619e-007,0.00597305
6.6195e-007,0.00595934
6.62e-007,0.00594393
6.6205e-007,0.00595078
6.621e-007,0.00594564
6.6215e-007,0.00594906
6.622e-007,0.00594221
6.6225e-007,0.00599531
6.623e-007,0.00604328
6.6235e-007,0.00607411
6.624e-007,0.0061255
6.6245e-007,0.0061923
6.625e-007,0.00625397
6.6255e-007,0.00629337
6.626e-007,0.00631906
6.6265e-007,0.00638415
6.627e-007,0.00643383
6.6275e-007,0.00647494
6.628e-007,0.0064561
6.6285e-007,0.00647151
6.629e-007,0.00645438
6.6295e-007,0.00641327
6.63e-007,0.00636874
6.6305e-007,0.00629851
6.631e-007,0.00623684
6.6315e-007,0.00618031
6.632e-007,0.0060998
6.6325e-007,0.00604328
6.633e-007,0.0060193
6.6335e-007,0.00601073
6.634e-007,0.006033
6.6345e-007,0.0060998
6.635e-007,0.00616147
6.6355e-007,0.00629337
6.636e-007,0.00638758
6.6365e-007,0.00650063
6.637e-007,0.00658457
6.6375e-007,0.00669077
6.638e-007,0.00674387
6.6385e-007,0.00675244
6.639e-007,0.00676614
6.6395e-007,0.00674387
6.64e-007,0.00668906
6.6405e-007,0.0066291
6.641e-007,0.00659827
6.6415e-007,0.00657429
6.642e-007,0.00651776
6.6425e-007,0.00651091
6.643e-007,0.00649721
6.6435e-007,0.00650749
6.644e-007,0.00651091
6.6445e-007,0.00657429
6.645e-007,0.006576
6.6455e-007,0.00659142
6.646e-007,0.00657943
6.6465e-007,0.00653318
6.647e-007,0.00649207
6.6475e-007,0.00645438
6.648e-007,0.00640471
6.6485e-007,0.00636188
6.649e-007,0.00629851
6.6495e-007,0.00624198
6.65e-007,0.00618888
6.6505e-007,0.00615462
6.651e-007,0.00611693
6.6515e-007,0.00608781
6.652e-007,0.0060724
6.6525e-007,0.00603985
6.653e-007,0.00600217
6.6535e-007,0.00594564
6.654e-007,0.0059011
6.6545e-007,0.00583601
6.655e-007,0.00576578
6.6555e-007,0.00569212
6.656e-007,0.00562189
6.6565e-007,0.0055431
6.657e-007,0.00549685
6.6575e-007,0.00547287
6.658e-007,0.00545574
6.6585e-007,0.00546259
6.659e-007,0.00551055
6.6595e-007,0.00556879
6.66e-007,0.00562532
6.6605e-007,0.0057024
6.661e-007,0.00576921
6.6615e-007,0.00584115
6.662e-007,0.00589939
6.6625e-007,0.00594221
6.663e-007,0.00598504
6.6635e-007,0.00601244
6.664e-007,0.00602786
6.6645e-007,0.00602786
6.665e-007,0.00600559
6.6655e-007,0.00596448
6.666e-007,0.00593365
6.6665e-007,0.00587712
6.667e-007,0.0058086
6.6675e-007,0.00575379
6.668e-007,0.0057161
6.6685e-007,0.00565958
6.669e-007,0.00561161
6.6695e-007,0.00555509
6.67e-007,0.00550884
6.6705e-007,0.00549685
6.671e-007,0.00550541
6.6715e-007,0.00552254
6.672e-007,0.00553111
6.6725e-007,0.00554138
6.673e-007,0.00556194
6.6735e-007,0.00560134
6.674e-007,0.00560305
6.6745e-007,0.00563902
6.675e-007,0.00564245
6.6755e-007,0.0056356
6.676e-007,0.00565615
6.6765e-007,0.00565101
6.677e-007,0.00569041
6.6775e-007,0.00569555
6.678e-007,0.00567499
6.6785e-007,0.00569897
6.679e-007,0.00571782
6.6795e-007,0.00574865
6.68e-007,0.00575721
6.6805e-007,0.00580004
6.681e-007,0.005848
6.6815e-007,0.00587369
6.682e-007,0.00588226
6.6825e-007,0.00591823
6.683e-007,0.00593194
6.6835e-007,0.00594564
6.684e-007,0.00596448
6.6845e-007,0.0059936
6.685e-007,0.00601758
6.6855e-007,0.00606212
6.686e-007,0.00605184
6.6865e-007,0.00604842
6.687e-007,0.00605013
6.6875e-007,0.00604156
6.688e-007,0.00604156
6.6885e-007,0.00601587
6.689e-007,0.0059799
6.6895e-007,0.00596791
6.69e-007,0.00595592
6.6905e-007,0.00596962
6.691e-007,0.00598332
6.6915e-007,0.00598675
6.692e-007,0.00602615
6.6925e-007,0.00607754
6.693e-007,0.0061392
6.6935e-007,0.0061923
6.694e-007,0.00626939
6.6945e-007,0.00631735
6.695e-007,0.00634304
6.6955e-007,0.00639786
6.696e-007,0.00641327
6.6965e-007,0.00642184
6.697e-007,0.00641499
6.6975e-007,0.00639786
6.698e-007,0.00637901
6.6985e-007,0.00634304
6.699e-007,0.00630878
6.6995e-007,0.00627624
6.7e-007,0.00626425
6.7005e-007,0.00625054
6.701e-007,0.00623513
6.7015e-007,0.00626767
6.702e-007,0.00629851
6.7025e-007,0.00632077
6.703e-007,0.00637216
6.7035e-007,0.00638415
6.704e-007,0.0064304
6.7045e-007,0.00648008
6.705e-007,0.00649721
6.7055e-007,0.00650749
6.706e-007,0.0065229
6.7065e-007,0.00651091
6.707e-007,0.00649207
6.7075e-007,0.00646809
6.708e-007,0.00648179
6.7085e-007,0.00649378
6.709e-007,0.00648693
6.7095e-007,0.00651434
6.71e-007,0.00656915
6.7105e-007,0.00658114
6.711e-007,0.00659656
6.7115e-007,0.0066291
6.712e-007,0.00662568
6.7125e-007,0.00662568
6.713e-007,0.00657086
6.7135e-007,0.00653147
6.714e-007,0.00647494
6.7145e-007,0.00639957
6.715e-007,0.00629679
6.7155e-007,0.00625397
6.716e-007,0.00619573
6.7165e-007,0.00617003
6.717e-007,0.00615804
6.7175e-007,0.00614948
6.718e-007,0.00615119
6.7185e-007,0.00616318
6.719e-007,0.00619915
6.7195e-007,0.00624369
6.72e-007,0.00624369
6.7205e-007,0.00623684
6.721e-007,0.00622142
6.7215e-007,0.00619402
6.722e-007,0.00613406
6.7225e-007,0.0060724
6.723e-007,0.0060073
6.7235e-007,0.00593194
6.724e-007,0.00588055
6.7245e-007,0.00584286
6.725e-007,0.00581545
6.7255e-007,0.00580346
6.726e-007,0.00581717
6.7265e-007,0.00583944
6.727e-007,0.00586342
6.7275e-007,0.00589254
6.728e-007,0.00591481
6.7285e-007,0.00599189
6.729e-007,0.0060193
6.7295e-007,0.00603814
6.73e-007,0.00605527
6.7305e-007,0.00603814
6.731e-007,0.00602101
6.7315e-007,0.00598161
6.732e-007,0.00593365
6.7325e-007,0.00587369
6.733e-007,0.00580346
6.7335e-007,0.00569897
6.734e-007,0.00561675
6.7345e-007,0.00553453
6.735e-007,0.00549171
6.7355e-007,0.0054249
6.736e-007,0.00539407
6.7365e-007,0.00537865
6.737e-007,0.00538893
6.7375e-007,0.00540435
6.738e-007,0.00546087
6.7385e-007,0.00552254
6.739e-007,0.00555166
6.7395e-007,0.00562018
6.74e-007,0.00568356
6.7405e-007,0.00575721
6.741e-007,0.00578291
6.7415e-007,0.00581203
6.742e-007,0.00582916
6.7425e-007,0.00584971
6.743e-007,0.00582402
6.7435e-007,0.00583772
6.744e-007,0.0058343
6.7445e-007,0.00583601
6.745e-007,0.005848
6.7455e-007,0.00586513
6.746e-007,0.00587712
6.7465e-007,0.00590281
6.747e-007,0.0059268
6.7475e-007,0.0059542
6.748e-007,0.00596106
6.7485e-007,0.00598504
6.749e-007,0.00603129
6.7495e-007,0.00603814
6.75e-007,0.006033
6.7505e-007,0.0060073
6.751e-007,0.00595934
6.7515e-007,0.00594564
6.752e-007,0.00590281
6.7525e-007,0.00589939
6.753e-007,0.00587541
6.7535e-007,0.00587027
6.754e-007,0.00585828
6.7545e-007,0.00584971
6.755e-007,0.00588397
6.7555e-007,0.00590281
6.756e-007,0.00591994
6.7565e-007,0.0059268
6.757e-007,0.0059799
6.7575e-007,0.00598675
6.758e-007,0.00600559
6.7585e-007,0.00602443
6.759e-007,0.00602786
6.7595e-007,0.00602615
6.76e-007,0.00599189
6.7605e-007,0.00598846
6.761e-007,0.00595763
6.7615e-007,0.00596448
6.762e-007,0.00594393
6.7625e-007,0.00591652
6.763e-007,0.00586684
6.7635e-007,0.00585485
6.764e-007,0.00582745
6.7645e-007,0.00581888
6.765e-007,0.00583258
6.7655e-007,0.005848
6.766e-007,0.00588569
6.7665e-007,0.00595249
6.767e-007,0.00600217
6.7675e-007,0.00606726
6.768e-007,0.00612892
6.7685e-007,0.00618374
6.769e-007,0.00620429
6.7695e-007,0.00623513
6.77e-007,0.00625054
6.7705e-007,0.0062454
6.771e-007,0.00622656
6.7715e-007,0.00620258
6.772e-007,0.00617003
6.7725e-007,0.00611865
6.773e-007,0.00611008
6.7735e-007,0.00609809
6.774e-007,0.00607582
6.7745e-007,0.00606212
6.775e-007,0.00605527
6.7755e-007,0.00607582
6.776e-007,0.00606726
6.7765e-007,0.00609638
6.777e-007,0.00610666
6.7775e-007,0.00615119
6.778e-007,0.00620429
6.7785e-007,0.00621115
6.779e-007,0.00623855
6.7795e-007,0.00624712
6.78e-007,0.00626253
6.7805e-007,0.00626939
6.781e-007,0.00625739
6.7815e-007,0.00626253
6.782e-007,0.0062454
6.7825e-007,0.00624883
6.783e-007,0.0062454
6.7835e-007,0.00623855
6.784e-007,0.00623684
6.7845e-007,0.00624369
6.785e-007,0.00622827
6.7855e-007,0.00622314
6.786e-007,0.00623684
6.7865e-007,0.00625054
6.787e-007,0.00624369
6.7875e-007,0.00622485
6.788e-007,0.00618374
6.7885e-007,0.00615804
6.789e-007,0.00612207
6.7895e-007,0.00609124
6.79e-007,0.00608096
6.7905e-007,0.00604499
6.791e-007,0.00600902
6.7915e-007,0.00598675
6.792e-007,0.00595078
6.7925e-007,0.00595934
6.793e-007,0.00596962
6.7935e-007,0.00594735
6.794e-007,0.00594564
6.7945e-007,0.00597647
6.795e-007,0.00596791
6.7955e-007,0.00597305
6.796e-007,0.00597647
6.7965e-007,0.00594906
6.797e-007,0.00594393
6.7975e-007,0.0059405
6.798e-007,0.00590624
6.7985e-007,0.00590453
6.799e-007,0.00589425
6.7995e-007,0.00586856
6.8e-007,0.00582745
6.8005e-007,0.00582916
6.801e-007,0.00578976
6.8015e-007,0.00578805
6.802e-007,0.00573152
6.8025e-007,0.00571782
6.803e-007,0.00571268
6.8035e-007,0.00568356
6.804e-007,0.00564245
6.8045e-007,0.00563731
6.805e-007,0.0056236
6.8055e-007,0.00564416
6.806e-007,0.00568184
6.8065e-007,0.00572296
6.807e-007,0.00577434
6.8075e-007,0.00583772
6.808e-007,0.00587883
6.8085e-007,0.00589425
6.809e-007,0.00594735
6.8095e-007,0.00593879
6.81e-007,0.0059011
6.8105e-007,0.00584971
6.811e-007,0.0057812
6.8115e-007,0.00569555
6.812e-007,0.00561847
6.8125e-007,0.00556536
6.813e-007,0.00550541
6.8135e-007,0.00548828
6.814e-007,0.00548828
6.8145e-007,0.00548486
6.815e-007,0.00555166
6.8155e-007,0.00559277
6.816e-007,0.005663
6.8165e-007,0.00569555
6.817e-007,0.00574008
6.8175e-007,0.00576407
6.818e-007,0.00579319
6.8185e-007,0.00580518
6.819e-007,0.00580518
6.8195e-007,0.00581888
6.82e-007,0.00583087
6.8205e-007,0.00583601
6.821e-007,0.00584115
6.8215e-007,0.00585828
6.822e-007,0.00584629
6.8225e-007,0.00587027
6.823e-007,0.00585999
6.8235e-007,0.00584629
6.824e-007,0.00585314
6.8245e-007,0.00585657
6.825e-007,0.00588569
6.8255e-007,0.00592337
6.826e-007,0.00594735
6.8265e-007,0.00597476
6.827e-007,0.00605869
6.8275e-007,0.00612892
6.828e-007,0.00619402
6.8285e-007,0.00625397
6.829e-007,0.00630364
6.8295e-007,0.00632934
6.83e-007,0.00635675
6.8305e-007,0.00636017
6.831e-007,0.00632763
6.8315e-007,0.00630364
6.832e-007,0.00627281
6.8325e-007,0.0062317
6.833e-007,0.00621115
6.8335e-007,0.00620429
6.834e-007,0.00622656
6.8345e-007,0.00624198
6.835e-007,0.00626425
6.8355e-007,0.00632077
6.836e-007,0.00637216
6.8365e-007,0.00635846
6.837e-007,0.00635675
6.8375e-007,0.00634647
6.838e-007,0.00629679
6.8385e-007,0.00624712
6.839e-007,0.00617346
6.8395e-007,0.00611179
6.84e-007,0.00605869
6.8405e-007,0.00601073
6.841e-007,0.00595763
6.8415e-007,0.00594393
6.842e-007,0.00596106
6.8425e-007,0.00599189
6.843e-007,0.00600902
6.8435e-007,0.00606212
6.844e-007,0.00611522
6.8445e-007,0.00616318
6.845e-007,0.00619573
6.8455e-007,0.00625054
6.846e-007,0.00626767
6.8465e-007,0.00627966
6.847e-007,0.00628652
6.8475e-007,0.00630193
6.848e-007,0.00629679
6.8485e-007,0.00628309
6.849e-007,0.00626082
6.8495e-007,0.00625911
6.85e-007,0.0062454
6.8505e-007,0.0061923
6.851e-007,0.00615119
6.8515e-007,0.00611522
6.852e-007,0.00610323
6.8525e-007,0.00607068
6.853e-007,0.00608781
6.8535e-007,0.00609124
6.854e-007,0.00615291
6.8545e-007,0.00622142
6.855e-007,0.00631221
6.8555e-007,0.006403
6.856e-007,0.00648008
6.8565e-007,0.00658799
6.857e-007,0.00665137
6.8575e-007,0.00668563
6.858e-007,0.00668221
6.8585e-007,0.00666336
6.859e-007,0.00660512
6.8595e-007,0.00654346
6.86e-007,0.00644753
6.8605e-007,0.0063773
6.861e-007,0.0062848
6.8615e-007,0.00622142
6.862e-007,0.00615291
6.8625e-007,0.00611865
6.863e-007,0.00611351
6.8635e-007,0.0061255
6.864e-007,0.00615119
6.8645e-007,0.00618031
6.865e-007,0.006218
6.8655e-007,0.00625568
6.866e-007,0.0062711
6.8665e-007,0.00629679
6.867e-007,0.00629679
6.8675e-007,0.00626939
6.868e-007,0.00622142
6.8685e-007,0.00619573
6.869e-007,0.00613235
6.8695e-007,0.00611522
6.87e-007,0.00605869
6.8705e-007,0.00601758
6.871e-007,0.00600388
6.8715e-007,0.00596791
6.872e-007,0.00596619
6.8725e-007,0.00598846
6.873e-007,0.00602957
6.8735e-007,0.00604842
6.874e-007,0.00609124
6.8745e-007,0.00614263
6.875e-007,0.00618203
6.8755e-007,0.00621628
6.876e-007,0.00622656
6.8765e-007,0.00621971
6.877e-007,0.00614263
6.8775e-007,0.00611008
6.878e-007,0.00605184
6.8785e-007,0.00597133
6.879e-007,0.00587712
6.8795e-007,0.00580004
6.88e-007,0.00572809
6.8805e-007,0.00568184
6.881e-007,0.0056356
6.8815e-007,0.0056356
6.882e-007,0.00565272
6.8825e-007,0.00567157
6.883e-007,0.00571096
6.8835e-007,0.0057949
6.884e-007,0.00587712
6.8845e-007,0.00591994
6.885e-007,0.00599531
6.8855e-007,0.00607411
6.886e-007,0.0061392
6.8865e-007,0.00615804
6.887e-007,0.00614605
6.8875e-007,0.00615291
6.888e-007,0.00617346
6.8885e-007,0.00616147
6.889e-007,0.00612379
6.8895e-007,0.00607411
6.89e-007,0.00604156
6.8905e-007,0.0060073
6.891e-007,0.00595763
6.8915e-007,0.00593194
6.892e-007,0.00589425
6.8925e-007,0.0058874
6.893e-007,0.00588397
6.8935e-007,0.00587883
6.894e-007,0.00589254
6.8945e-007,0.00587883
6.895e-007,0.00587198
6.8955e-007,0.00585143
6.896e-007,0.00580175
6.8965e-007,0.00580518
6.897e-007,0.00578462
6.8975e-007,0.00576578
6.898e-007,0.00575208
6.8985e-007,0.00574008
6.899e-007,0.00572981
6.8995e-007,0.00576749
6.9e-007,0.00580346
6.9005e-007,0.00582231
6.901e-007,0.00588397
6.9015e-007,0.00592851
6.902e-007,0.00600045
6.9025e-007,0.00603985
6.903e-007,0.00606212
6.9035e-007,0.00609466
6.904e-007,0.00610152
6.9045e-007,0.00611008
6.905e-007,0.00609638
6.9055e-007,0.00610323
6.906e-007,0.0060724
6.9065e-007,0.00607411
6.907e-007,0.00608267
6.9075e-007,0.00606897
6.908e-007,0.0060467
6.9085e-007,0.00603814
6.909e-007,0.00606041
6.9095e-007,0.00605869
6.91e-007,0.00603985
6.9105e-007,0.0060724
6.911e-007,0.00611008
6.9115e-007,0.00612379
6.912e-007,0.00614434
6.9125e-007,0.00616832
6.913e-007,0.00617003
6.9135e-007,0.00616147
6.914e-007,0.00611008
6.9145e-007,0.00606041
6.915e-007,0.00599703
6.9155e-007,0.00591823
6.916e-007,0.00583601
6.9165e-007,0.00575721
6.917e-007,0.00572638
6.9175e-007,0.00567328
6.918e-007,0.00568527
6.9185e-007,0.00573837
6.919e-007,0.00580004
6.9195e-007,0.00592337
6.92e-007,0.00604842
6.9205e-007,0.00615633
6.921e-007,0.0062711
6.9215e-007,0.00635846
6.922e-007,0.00637901
6.9225e-007,0.00638929
6.923e-007,0.00638415
6.9235e-007,0.00636874
6.924e-007,0.00633276
6.9245e-007,0.00626253
6.925e-007,0.00620943
6.9255e-007,0.00615633
6.926e-007,0.00613064
6.9265e-007,0.00614434
6.927e-007,0.00615462
6.9275e-007,0.00619744
6.928e-007,0.00620772
6.9285e-007,0.00624883
6.929e-007,0.00626596
6.9295e-007,0.00630364
6.93e-007,0.00628652
6.9305e-007,0.00625226
6.931e-007,0.00626596
6.9315e-007,0.006218
6.932e-007,0.00618888
6.9325e-007,0.00617689
6.933e-007,0.00613064
6.9335e-007,0.00610837
6.934e-007,0.00608781
6.9345e-007,0.00610666
6.935e-007,0.00611008
6.9355e-007,0.00611865
6.936e-007,0.00618031
6.9365e-007,0.00622314
6.937e-007,0.00626253
6.9375e-007,0.00630707
6.938e-007,0.0063379
6.9385e-007,0.00634647
6.939e-007,0.00637045
6.9395e-007,0.00636017
6.94e-007,0.00634304
6.9405e-007,0.00627966
6.941e-007,0.00624369
6.9415e-007,0.00618716
6.942e-007,0.00613749
6.9425e-007,0.00611522
6.943e-007,0.00609295
6.9435e-007,0.00612207
6.944e-007,0.00611179
6.9445e-007,0.00614777
6.945e-007,0.00613064
6.9455e-007,0.00615462
6.946e-007,0.00618203
6.9465e-007,0.00617175
6.947e-007,0.00617003
6.9475e-007,0.00613064
6.948e-007,0.00608953
6.9485e-007,0.00603642
6.949e-007,0.00596106
6.9495e-007,0.00589254
6.95e-007,0.00585143
6.9505e-007,0.00580175
6.951e-007,0.00575893
6.9515e-007,0.00574865
6.952e-007,0.00574694
6.9525e-007,0.00576749
6.953e-007,0.0057555
6.9535e-007,0.00581374
6.954e-007,0.005848
6.9545e-007,0.00586342
6.955e-007,0.00589768
6.9555e-007,0.0058617
6.956e-007,0.00585999
6.9565e-007,0.00585314
6.957e-007,0.00585999
6.9575e-007,0.00582059
6.958e-007,0.0057949
6.9585e-007,0.00578633
6.959e-007,0.00577606
6.9595e-007,0.00577263
6.96e-007,0.0057949
6.9605e-007,0.0058343
6.961e-007,0.00587883
6.9615e-007,0.00591652
6.962e-007,0.00595078
6.9625e-007,0.00594393
6.963e-007,0.00593536
6.9635e-007,0.00592508
6.964e-007,0.00586513
6.9645e-007,0.00579147
6.965e-007,0.0057418
6.9655e-007,0.00568698
6.966e-007,0.00562703
6.9665e-007,0.00559791
6.967e-007,0.00558078
6.9675e-007,0.00559448
6.968e-007,0.00565101
6.9685e-007,0.00573666
6.969e-007,0.00580518
6.9695e-007,0.0058874
6.97e-007,0.00597305
6.9705e-007,0.00604499
6.971e-007,0.00607925
6.9715e-007,0.00609295
6.972e-007,0.00609295
6.9725e-007,0.00606212
6.973e-007,0.00602786
6.9735e-007,0.00601416
6.974e-007,0.00600388
6.9745e-007,0.0059799
6.975e-007,0.00597647
6.9755e-007,0.00600045
6.976e-007,0.00602957
6.9765e-007,0.00604499
6.977e-007,0.00605355
6.9775e-007,0.00608781
6.978e-007,0.0060861
6.9785e-007,0.00605527
6.979e-007,0.00601244
6.9795e-007,0.00595763
6.98e-007,0.00591994
6.9805e-007,0.00587541
6.981e-007,0.00583944
6.9815e-007,0.00578291
6.982e-007,0.0057555
6.9825e-007,0.00575208
6.983e-007,0.00576921
6.9835e-007,0.00581374
6.984e-007,0.00584115
6.9845e-007,0.00586684
6.985e-007,0.00592166
6.9855e-007,0.00592851
6.986e-007,0.00593536
6.9865e-007,0.00596448
6.987e-007,0.0059542
6.9875e-007,0.00592508
6.988e-007,0.0059268
6.9885e-007,0.00594906
6.989e-007,0.00595249
6.9895e-007,0.00597133
6.99e-007,0.00601244
6.9905e-007,0.0060861
6.991e-007,0.00612036
6.9915e-007,0.00617689
6.992e-007,0.00622314
6.9925e-007,0.0062317
6.993e-007,0.00620087
6.9935e-007,0.00620258
6.994e-007,0.00614091
6.9945e-007,0.00610323
6.995e-007,0.00608781
6.9955e-007,0.00609124
6.996e-007,0.00603642
6.9965e-007,0.00602615
6.997e-007,0.00605527
6.9975e-007,0.00609466
6.998e-007,0.00613235
6.9985e-007,0.00621971
6.999e-007,0.00627281
6.9995e-007,0.00633105
7e-007,0.00637216
7.0005e-007,0.00638244
7.001e-007,0.00639614
7.0015e-007,0.00640985
7.002e-007,0.00639957
7.0025e-007,0.00637388
7.003e-007,0.00639786
7.0035e-007,0.006391
7.004e-007,0.00639272
7.0045e-007,0.00640985
7.005e-007,0.00643725
7.0055e-007,0.00644924
7.006e-007,0.00644239
7.0065e-007,0.00645952
7.007e-007,0.00647494
7.0075e-007,0.00647494
7.008e-007,0.00648522
7.0085e-007,0.00648693
7.009e-007,0.00648008
7.0095e-007,0.00647837
7.01e-007,0.00646124
7.0105e-007,0.00644068
7.011e-007,0.00642869
7.0115e-007,0.00642869
7.012e-007,0.00641156
7.0125e-007,0.00638758
7.013e-007,0.0063636
7.0135e-007,0.00632077
7.014e-007,0.00628823
7.0145e-007,0.00624712
7.015e-007,0.00623684
7.0155e-007,0.00622314
7.016e-007,0.00622314
7.0165e-007,0.00622999
7.017e-007,0.00623341
7.0175e-007,0.00627795
7.018e-007,0.00629337
7.0185e-007,0.00631735
7.019e-007,0.00630878
7.0195e-007,0.00630707
7.02e-007,0.00626082
7.0205e-007,0.00622827
7.021e-007,0.0061649
7.0215e-007,0.00612207
7.022e-007,0.00605355
7.0225e-007,0.0060193
7.023e-007,0.00597476
7.0235e-007,0.00595763
7.024e-007,0.00593365
7.0245e-007,0.00594393
7.025e-007,0.00595934
7.0255e-007,0.00598161
7.026e-007,0.00599531
7.0265e-007,0.00605184
7.027e-007,0.00603985
7.0275e-007,0.00604156
7.028e-007,0.00601073
7.0285e-007,0.00597476
7.029e-007,0.00590795
7.0295e-007,0.00584971
7.03e-007,0.00577948
7.0305e-007,0.00572296
7.031e-007,0.005663
7.0315e-007,0.00563388
7.032e-007,0.00563217
7.0325e-007,0.0056236
7.033e-007,0.00564073
7.0335e-007,0.00566643
7.034e-007,0.0056887
7.0345e-007,0.0057161
7.035e-007,0.00576064
7.0355e-007,0.00575721
7.036e-007,0.00575721
7.0365e-007,0.00574008
7.037e-007,0.00573666
7.0375e-007,0.00570925
7.038e-007,0.00570754
7.0385e-007,0.00569041
7.039e-007,0.00569384
7.0395e-007,0.00567842
7.04e-007,0.0056887
7.0405e-007,0.00569897
7.041e-007,0.00573495
7.0415e-007,0.00573837
7.042e-007,0.00576235
7.0425e-007,0.00579661
7.043e-007,0.00584286
7.0435e-007,0.00589768
7.044e-007,0.00593194
7.0445e-007,0.00596619
7.045e-007,0.00602615
7.0455e-007,0.0060998
7.046e-007,0.00613064
7.0465e-007,0.00619915
7.047e-007,0.00625226
7.0475e-007,0.00631392
7.048e-007,0.00634304
7.0485e-007,0.00640128
7.049e-007,0.006403
7.0495e-007,0.00642355
7.05e-007,0.00644068
7.0505e-007,0.00642012
7.051e-007,0.00638758
7.0515e-007,0.00634818
7.052e-007,0.00632077
7.0525e-007,0.00626425
7.053e-007,0.00620601
7.0535e-007,0.00614263
7.054e-007,0.00607925
7.0545e-007,0.00596962
7.055e-007,0.00587712
7.0555e-007,0.00581545
7.056e-007,0.00573837
7.0565e-007,0.00569897
7.057e-007,0.00569041
7.0575e-007,0.00570069
7.058e-007,0.00573495
7.0585e-007,0.00582059
7.059e-007,0.00589939
7.0595e-007,0.00603471
7.06e-007,0.00614777
7.0605e-007,0.00627281
7.061e-007,0.00636188
7.0615e-007,0.00642184
7.062e-007,0.0064698
7.0625e-007,0.00647837
7.063e-007,0.00643897
7.0635e-007,0.00635332
7.064e-007,0.00624883
7.0645e-007,0.00613235
7.065e-007,0.00600388
7.0655e-007,0.00589425
7.066e-007,0.00578291
7.0665e-007,0.0057418
7.067e-007,0.00572467
7.0675e-007,0.00574008
7.068e-007,0.00578805
7.0685e-007,0.00589425
7.069e-007,0.0059799
7.0695e-007,0.00606726
7.07e-007,0.00622656
7.0705e-007,0.00631392
7.071e-007,0.006403
7.0715e-007,0.00645096
7.072e-007,0.00648522
7.0725e-007,0.00648522
7.073e-007,0.00643212
7.0735e-007,0.00638415
7.074e-007,0.00628652
7.0745e-007,0.00620601
7.075e-007,0.0060861
7.0755e-007,0.00599189
7.076e-007,0.00591823
7.0765e-007,0.0059011
7.077e-007,0.00589596
7.0775e-007,0.00594735
7.078e-007,0.00600388
7.0785e-007,0.00610494
7.079e-007,0.00621115
7.0795e-007,0.00632077
7.08e-007,0.006403
7.0805e-007,0.00647837
7.081e-007,0.0065229
7.0815e-007,0.00650577
7.082e-007,0.00646466
7.0825e-007,0.00639614
7.083e-007,0.00633105
7.0835e-007,0.00622142
7.084e-007,0.00613064
7.0845e-007,0.00605698
7.085e-007,0.00599189
7.0855e-007,0.00597647
7.086e-007,0.00599018
7.0865e-007,0.00602272
7.087e-007,0.00605698
7.0875e-007,0.00614605
7.088e-007,0.00622485
7.0885e-007,0.00633448
7.089e-007,0.00641327
7.0895e-007,0.00645438
7.09e-007,0.00650063
7.0905e-007,0.00652461
7.091e-007,0.00648864
7.0915e-007,0.00643897
7.092e-007,0.00638415
7.0925e-007,0.00630707
7.093e-007,0.00622999
7.0935e-007,0.0061255
7.094e-007,0.00602443
7.0945e-007,0.00594735
7.095e-007,0.00589425
7.0955e-007,0.00583258
7.096e-007,0.00578291
7.0965e-007,0.00572981
7.097e-007,0.00570411
7.0975e-007,0.00571782
7.098e-007,0.00571268
7.0985e-007,0.00573323
7.099e-007,0.00572124
7.0995e-007,0.00574865
7.1e-007,0.00576235
7.1005e-007,0.00576235
7.101e-007,0.00577434
7.1015e-007,0.00575893
7.102e-007,0.00577434
7.1025e-007,0.00576578
7.103e-007,0.00573495
7.1035e-007,0.00573666
7.104e-007,0.00569212
7.1045e-007,0.00569897
7.105e-007,0.00563902
7.1055e-007,0.00560134
7.106e-007,0.00557736
7.1065e-007,0.00554138
7.107e-007,0.00549685
7.1075e-007,0.00547972
7.108e-007,0.00548314
7.1085e-007,0.00546773
7.109e-007,0.00548999
7.1095e-007,0.00548143
7.11e-007,0.00549342
7.1105e-007,0.00555509
7.111e-007,0.00558763
7.1115e-007,0.00564245
7.112e-007,0.00569212
7.1125e-007,0.00576235
7.113e-007,0.0058343
7.1135e-007,0.00591823
7.114e-007,0.00595078
7.1145e-007,0.00598675
7.115e-007,0.00602786
7.1155e-007,0.00608781
7.116e-007,0.00610666
7.1165e-007,0.00614605
7.117e-007,0.0061786
7.1175e-007,0.00620258
7.118e-007,0.00619059
7.1185e-007,0.00621286
7.119e-007,0.00618031
7.1195e-007,0.00615804
7.12e-007,0.00612892
7.1205e-007,0.00607068
7.121e-007,0.00598332
7.1215e-007,0.00591823
7.122e-007,0.00580518
7.1225e-007,0.00569897
7.123e-007,0.00562874
7.1235e-007,0.00556708
7.124e-007,0.00552597
7.1245e-007,0.00554481
7.125e-007,0.00558421
7.1255e-007,0.00565958
7.126e-007,0.00578291
7.1265e-007,0.00587541
7.127e-007,0.0059936
7.1275e-007,0.00610666
7.128e-007,0.00617689
7.1285e-007,0.00625397
7.129e-007,0.00628823
7.1295e-007,0.00629337
7.13e-007,0.00625739
7.1305e-007,0.00622656
7.131e-007,0.00613578
7.1315e-007,0.00608439
7.132e-007,0.00600045
7.1325e-007,0.00593022
7.133e-007,0.00589425
7.1335e-007,0.00585999
7.134e-007,0.00586856
7.1345e-007,0.00588911
7.135e-007,0.00593365
7.1355e-007,0.00599531
7.136e-007,0.00605869
7.1365e-007,0.00613406
7.137e-007,0.00619573
7.1375e-007,0.00627281
7.138e-007,0.00631735
7.1385e-007,0.00638415
7.139e-007,0.006403
7.1395e-007,0.00642012
7.14e-007,0.006391
7.1405e-007,0.00636188
7.141e-007,0.00630193
7.1415e-007,0.00623684
7.142e-007,0.00619059
7.1425e-007,0.00616147
7.143e-007,0.00615291
7.1435e-007,0.00614263
7.144e-007,0.00613064
7.1445e-007,0.00614777
7.145e-007,0.00619573
7.1455e-007,0.00621628
7.146e-007,0.00624027
7.1465e-007,0.00625054
7.147e-007,0.00625568
7.1475e-007,0.00625226
7.148e-007,0.0062454
7.1485e-007,0.0061923
7.149e-007,0.00618716
7.1495e-007,0.00615804
7.15e-007,0.00612892
7.1505e-007,0.00611179
7.151e-007,0.0061255
7.1515e-007,0.00616318
7.152e-007,0.00619744
7.1525e-007,0.00624883
7.153e-007,0.00631392
7.1535e-007,0.00637045
7.154e-007,0.00640128
7.1545e-007,0.00639786
7.155e-007,0.00639614
7.1555e-007,0.00634989
7.156e-007,0.00630707
7.1565e-007,0.0062711
7.157e-007,0.00620429
7.1575e-007,0.00618031
7.158e-007,0.00614091
7.1585e-007,0.00613749
7.159e-007,0.00612036
7.1595e-007,0.00614263
7.16e-007,0.00619059
7.1605e-007,0.00623341
7.161e-007,0.00629508
7.1615e-007,0.00632763
7.162e-007,0.00635675
7.1625e-007,0.00637559
7.163e-007,0.00634818
7.1635e-007,0.00631221
7.164e-007,0.00625568
7.1645e-007,0.00620087
7.165e-007,0.00614605
7.1655e-007,0.00610494
7.166e-007,0.00608439
7.1665e-007,0.00606726
7.167e-007,0.00606897
7.1675e-007,0.00609638
7.168e-007,0.00612892
7.1685e-007,0.0061649
7.169e-007,0.00622999
7.1695e-007,0.00628309
7.17e-007,0.00632249
7.1705e-007,0.00634133
7.171e-007,0.0063242
7.1715e-007,0.00629165
7.172e-007,0.00623341
7.1725e-007,0.00615291
7.173e-007,0.00604842
7.1735e-007,0.0059542
7.174e-007,0.00585657
7.1745e-007,0.00576921
7.175e-007,0.00570411
7.1755e-007,0.00568698
7.176e-007,0.00568356
7.1765e-007,0.00570411
7.177e-007,0.00571439
7.1775e-007,0.00577606
7.178e-007,0.00581032
7.1785e-007,0.00589254
7.179e-007,0.00592166
7.1795e-007,0.00597818
7.18e-007,0.0059799
7.1805e-007,0.00600217
7.181e-007,0.00600388
7.1815e-007,0.0059936
7.182e-007,0.00595592
7.1825e-007,0.00594221
7.183e-007,0.00592337
7.1835e-007,0.00592337
7.184e-007,0.00591481
7.1845e-007,0.0059542
7.185e-007,0.00594906
7.1855e-007,0.00594564
7.186e-007,0.00594906
7.1865e-007,0.00590967
7.187e-007,0.00587883
7.1875e-007,0.00587027
7.188e-007,0.00583087
7.1885e-007,0.00578805
7.189e-007,0.00576578
7.1895e-007,0.00575208
7.19e-007,0.00574865
7.1905e-007,0.00577092
7.191e-007,0.00581888
7.1915e-007,0.00584286
7.192e-007,0.00587369
7.1925e-007,0.00591309
7.193e-007,0.00595249
7.1935e-007,0.00598332
7.194e-007,0.00600217
7.1945e-007,0.0060467
7.195e-007,0.00607925
7.1955e-007,0.00611008
7.196e-007,0.00612379
7.1965e-007,0.00618374
7.197e-007,0.00624712
7.1975e-007,0.00627624
7.198e-007,0.00630707
7.1985e-007,0.00632763
7.199e-007,0.00631906
7.1995e-007,0.00629679
7.2e-007,0.00625226
7.2005e-007,0.00616832
7.201e-007,0.00606726
7.2015e-007,0.00594393
7.202e-007,0.00584629
7.2025e-007,0.00572981
7.203e-007,0.00566643
7.2035e-007,0.00559448
7.204e-007,0.0055705
7.2045e-007,0.0055705
7.205e-007,0.00558592
7.2055e-007,0.00564587
7.206e-007,0.00571953
7.2065e-007,0.00582059
7.207e-007,0.00590453
7.2075e-007,0.00600388
7.208e-007,0.00607925
7.2085e-007,0.00615976
7.209e-007,0.00623341
7.2095e-007,0.00627795
7.21e-007,0.00631906
7.2105e-007,0.00634133
7.211e-007,0.0063773
7.2115e-007,0.00642355
7.212e-007,0.00646124
7.2125e-007,0.00647837
7.213e-007,0.00650063
7.2135e-007,0.00652461
7.214e-007,0.00655031
7.2145e-007,0.00656744
7.215e-007,0.0065623
7.2155e-007,0.00656401
7.216e-007,0.00654688
7.2165e-007,0.00651605
7.217e-007,0.00647665
7.2175e-007,0.0064304
7.218e-007,0.00633962
7.2185e-007,0.00625911
7.219e-007,0.00621457
7.2195e-007,0.00617689
7.22e-007,0.00615291
7.2205e-007,0.00614605
7.221e-007,0.00618203
7.2215e-007,0.00618203
7.222e-007,0.00624369
7.2225e-007,0.00628823
7.223e-007,0.00633276
7.2235e-007,0.00637559
7.224e-007,0.00640642
7.2245e-007,0.00643554
7.225e-007,0.006403
7.2255e-007,0.00638244
7.226e-007,0.00631392
7.2265e-007,0.00622656
7.227e-007,0.00612207
7.2275e-007,0.00602272
7.228e-007,0.00595934
7.2285e-007,0.00587369
7.229e-007,0.0058343
7.2295e-007,0.00582573
7.23e-007,0.00580004
7.2305e-007,0.00583944
7.231e-007,0.00587712
7.2315e-007,0.00593365
7.232e-007,0.00600559
7.2325e-007,0.00608439
7.233e-007,0.00616318
7.2335e-007,0.00622827
7.234e-007,0.00627452
7.2345e-007,0.00631564
7.235e-007,0.00629337
7.2355e-007,0.00630193
7.236e-007,0.00627624
7.2365e-007,0.00623513
7.237e-007,0.00616318
7.2375e-007,0.00609466
7.238e-007,0.00602272
7.2385e-007,0.00596106
7.239e-007,0.0059011
7.2395e-007,0.00587198
7.24e-007,0.00585314
7.2405e-007,0.00585999
7.241e-007,0.00588397
7.2415e-007,0.0059268
7.242e-007,0.00594735
7.2425e-007,0.00598161
7.243e-007,0.00599703
7.2435e-007,0.00599531
7.244e-007,0.0059936
7.2445e-007,0.00597647
7.245e-007,0.00596448
7.2455e-007,0.00595592
7.246e-007,0.0059799
7.2465e-007,0.0060193
7.247e-007,0.00603642
7.2475e-007,0.00608953
7.248e-007,0.00615804
7.2485e-007,0.00620429
7.249e-007,0.00627795
7.2495e-007,0.00634989
7.25e-007,0.00636017
7.2505e-007,0.00639272
7.251e-007,0.00639614
7.2515e-007,0.00636188
7.252e-007,0.00630193
7.2525e-007,0.00622827
7.253e-007,0.00614434
7.2535e-007,0.00607411
7.254e-007,0.00601073
7.2545e-007,0.00597305
7.255e-007,0.00588226
7.2555e-007,0.00585657
7.256e-007,0.00586513
7.2565e-007,0.00586684
7.257e-007,0.00590453
7.2575e-007,0.00596791
7.258e-007,0.00601416
7.2585e-007,0.00608439
7.259e-007,0.00616147
7.2595e-007,0.0062454
7.26e-007,0.00630536
7.2605e-007,0.00635675
7.261e-007,0.00641156
7.2615e-007,0.00645781
7.262e-007,0.00645438
7.2625e-007,0.00647665
7.263e-007,0.00645952
7.2635e-007,0.00644411
7.264e-007,0.00639443
7.2645e-007,0.0063379
7.265e-007,0.00625397
7.2655e-007,0.00618203
7.266e-007,0.00611179
7.2665e-007,0.00599531
7.267e-007,0.00591481
7.2675e-007,0.00581888
7.268e-007,0.00570069
7.2685e-007,0.00564587
7.269e-007,0.00559277
7.2695e-007,0.00558763
7.27e-007,0.00555851
7.2705e-007,0.00556194
7.271e-007,0.00562703
7.2715e-007,0.00571268
7.272e-007,0.00582402
7.2725e-007,0.00594393
7.273e-007,0.00605184
7.2735e-007,0.00615462
7.274e-007,0.00626082
7.2745e-007,0.00633448
7.275e-007,0.00637216
7.2755e-007,0.0063636
7.276e-007,0.00635503
7.2765e-007,0.00630536
7.277e-007,0.00625054
7.2775e-007,0.00617517
7.278e-007,0.00611008
7.2785e-007,0.00606726
7.279e-007,0.00602272
7.2795e-007,0.00601416
7.28e-007,0.00601587
7.2805e-007,0.00606554
7.281e-007,0.00613406
7.2815e-007,0.00621286
7.282e-007,0.00627452
7.2825e-007,0.00633962
7.283e-007,0.00637216
7.2835e-007,0.00638587
7.284e-007,0.00633619
7.2845e-007,0.00630536
7.285e-007,0.00622142
7.2855e-007,0.00615119
7.286e-007,0.00607411
7.2865e-007,0.00598675
7.287e-007,0.0059405
7.2875e-007,0.00590281
7.288e-007,0.00589596
7.2885e-007,0.00592337
7.289e-007,0.00596106
7.2895e-007,0.00600902
7.29e-007,0.00605869
7.2905e-007,0.00613064
7.291e-007,0.00616661
7.2915e-007,0.00616832
7.292e-007,0.00612892
7.2925e-007,0.00614091
7.293e-007,0.00611179
7.2935e-007,0.0060724
7.294e-007,0.00603814
7.2945e-007,0.00602957
7.295e-007,0.00601758
7.2955e-007,0.00604156
7.296e-007,0.00605527
7.2965e-007,0.00609124
7.297e-007,0.00614777
7.2975e-007,0.00619402
7.298e-007,0.00625226
7.2985e-007,0.00629337
7.299e-007,0.00630878
7.2995e-007,0.00629851
7.3e-007,0.00626425
7.3005e-007,0.00620943
7.301e-007,0.00616832
7.3015e-007,0.00610323
7.302e-007,0.00607582
7.3025e-007,0.00606212
7.303e-007,0.00602786
7.3035e-007,0.00605869
7.304e-007,0.00608781
7.3045e-007,0.00614091
7.305e-007,0.00620087
7.3055e-007,0.00622827
7.306e-007,0.00625739
7.3065e-007,0.00627452
7.307e-007,0.00627281
7.3075e-007,0.00622485
7.308e-007,0.00618545
7.3085e-007,0.00611693
7.309e-007,0.00602615
7.3095e-007,0.00593536
7.31e-007,0.00586856
7.3105e-007,0.00585657
7.311e-007,0.00585143
7.3115e-007,0.00584286
7.312e-007,0.00588911
7.3125e-007,0.00592851
7.313e-007,0.00599874
7.3135e-007,0.00607582
7.314e-007,0.00612207
7.3145e-007,0.00619744
7.315e-007,0.00625911
7.3155e-007,0.00626596
7.316e-007,0.00625054
7.3165e-007,0.00622314
7.317e-007,0.00620601
7.3175e-007,0.00616147
7.318e-007,0.00612036
7.3185e-007,0.00606041
7.319e-007,0.00599874
7.3195e-007,0.00596277
7.32e-007,0.00590281
7.3205e-007,0.00588397
7.321e-007,0.00587369
7.3215e-007,0.00588226
7.322e-007,0.00591994
7.3225e-007,0.00594906
7.323e-007,0.00598675
7.3235e-007,0.006033
7.324e-007,0.00606041
7.3245e-007,0.00607582
7.325e-007,0.00607582
7.3255e-007,0.00606554
7.326e-007,0.00604328
7.3265e-007,0.00602786
7.327e-007,0.00595592
7.3275e-007,0.00591481
7.328e-007,0.0058617
7.3285e-007,0.00581888
7.329e-007,0.0058086
7.3295e-007,0.00582059
7.33e-007,0.00583944
7.3305e-007,0.00585485
7.331e-007,0.00590795
7.3315e-007,0.00599531
7.332e-007,0.00603814
7.3325e-007,0.00611179
7.333e-007,0.00618203
7.3335e-007,0.00622485
7.334e-007,0.00625054
7.3345e-007,0.00627624
7.335e-007,0.00628138
7.3355e-007,0.00624198
7.336e-007,0.00620943
7.3365e-007,0.00618031
7.337e-007,0.00612721
7.3375e-007,0.00609809
7.338e-007,0.00602957
7.3385e-007,0.00599018
7.339e-007,0.00597133
7.3395e-007,0.00592337
7.34e-007,0.00588397
7.3405e-007,0.00590624
7.341e-007,0.00587369
7.3415e-007,0.00584115
7.342e-007,0.00583258
7.3425e-007,0.00587027
7.343e-007,0.00587027
7.3435e-007,0.00585657
7.344e-007,0.00586513
7.3445e-007,0.0058874
7.345e-007,0.00590967
7.3455e-007,0.00594735
7.346e-007,0.00595763
7.3465e-007,0.00596962
7.347e-007,0.00596619
7.3475e-007,0.00597133
7.348e-007,0.00594564
7.3485e-007,0.00592166
7.349e-007,0.00584115
7.3495e-007,0.00580004
7.35e-007,0.00574522
7.3505e-007,0.00570925
7.351e-007,0.00566472
7.3515e-007,0.00565615
7.352e-007,0.00565444
7.3525e-007,0.00568013
7.353e-007,0.00575036
7.3535e-007,0.00585999
7.354e-007,0.00594393
7.3545e-007,0.00603985
7.355e-007,0.00615291
7.3555e-007,0.00623684
7.356e-007,0.00631735
7.3565e-007,0.00636874
7.357e-007,0.00636874
7.3575e-007,0.00635675
7.358e-007,0.00631392
7.3585e-007,0.00626253
7.359e-007,0.00618716
7.3595e-007,0.00611522
7.36e-007,0.00605869
7.3605e-007,0.00598675
7.361e-007,0.00596106
7.3615e-007,0.00595592
7.362e-007,0.00594221
7.3625e-007,0.00593707
7.363e-007,0.00596277
7.3635e-007,0.00599703
7.364e-007,0.006033
7.3645e-007,0.00606041
7.365e-007,0.0060998
7.3655e-007,0.00613235
7.366e-007,0.00620258
7.3665e-007,0.00624198
7.367e-007,0.00626253
7.3675e-007,0.00630193
7.368e-007,0.00633276
7.3685e-007,0.00634818
7.369e-007,0.00633105
7.3695e-007,0.0063379
7.37e-007,0.00630193
7.3705e-007,0.00622142
7.371e-007,0.00614091
7.3715e-007,0.00602443
7.372e-007,0.00593879
7.3725e-007,0.0058343
7.373e-007,0.00574522
7.3735e-007,0.00570754
7.374e-007,0.00566643
7.3745e-007,0.00568184
7.375e-007,0.00570754
7.3755e-007,0.00577777
7.376e-007,0.00584457
7.3765e-007,0.00595592
7.377e-007,0.00603814
7.3775e-007,0.00612379
7.378e-007,0.00621286
7.3785e-007,0.00626596
7.379e-007,0.00628138
7.3795e-007,0.00629851
7.38e-007,0.00632763
7.3805e-007,0.00633276
7.381e-007,0.00634989
7.3815e-007,0.00635675
7.382e-007,0.00636874
7.3825e-007,0.00641327
7.383e-007,0.00642184
7.3835e-007,0.00639786
7.384e-007,0.00637216
7.3845e-007,0.00631735
7.385e-007,0.00623684
7.3855e-007,0.00616318
7.386e-007,0.00608439
7.3865e-007,0.00601073
7.387e-007,0.00593536
7.3875e-007,0.00591309
7.388e-007,0.00587369
7.3885e-007,0.00587369
7.389e-007,0.00591994
7.3895e-007,0.00596791
7.39e-007,0.006033
7.3905e-007,0.0061255
7.391e-007,0.00617003
7.3915e-007,0.00623684
7.392e-007,0.00624027
7.3925e-007,0.00625397
7.393e-007,0.00619915
7.3935e-007,0.0061392
7.394e-007,0.00604499
7.3945e-007,0.00593879
7.395e-007,0.00582745
7.3955e-007,0.0057161
7.396e-007,0.00562018
7.3965e-007,0.00556536
7.397e-007,0.00553624
7.3975e-007,0.00553624
7.398e-007,0.0055705
7.3985e-007,0.00562532
7.399e-007,0.00568356
7.3995e-007,0.00576921
7.4e-007,0.00584457
7.4005e-007,0.00591994
7.401e-007,0.0059405
7.4015e-007,0.00601244
7.402e-007,0.00602272
7.4025e-007,0.00602957
7.403e-007,0.00603985
7.4035e-007,0.00601244
7.404e-007,0.00598504
7.4045e-007,0.00593022
7.405e-007,0.00589596
7.4055e-007,0.00589596
7.406e-007,0.00587883
7.4065e-007,0.00587541
7.407e-007,0.00589425
7.4075e-007,0.00590624
7.408e-007,0.00592851
7.4085e-007,0.00597476
7.409e-007,0.0060193
7.4095e-007,0.00609124
7.41e-007,0.00611351
7.4105e-007,0.00616832
7.411e-007,0.00620087
7.4115e-007,0.00623684
7.412e-007,0.00624712
7.4125e-007,0.00626939
7.413e-007,0.00626939
7.4135e-007,0.00626939
7.414e-007,0.00623513
7.4145e-007,0.00619915
7.415e-007,0.0061786
7.4155e-007,0.00614777
7.416e-007,0.00611522
7.4165e-007,0.00608439
7.417e-007,0.00606726
7.4175e-007,0.00605184
7.418e-007,0.00605527
7.4185e-007,0.00603814
7.419e-007,0.00602272
7.4195e-007,0.00602615
7.42e-007,0.00603814
7.4205e-007,0.00600559
7.421e-007,0.00597647
7.4215e-007,0.00595249
7.422e-007,0.00590281
7.4225e-007,0.00588569
7.423e-007,0.00585314
7.4235e-007,0.005848
7.424e-007,0.00583772
7.4245e-007,0.00583258
7.425e-007,0.00585143
7.4255e-007,0.00588569
7.426e-007,0.00593879
7.4265e-007,0.00599531
7.427e-007,0.00603642
7.4275e-007,0.00608439
7.428e-007,0.00613578
7.4285e-007,0.00618888
7.429e-007,0.00622827
7.4295e-007,0.0062317
7.43e-007,0.00624027
7.4305e-007,0.00626082
7.431e-007,0.00625054
7.4315e-007,0.006218
7.432e-007,0.00622656
7.4325e-007,0.00620943
7.433e-007,0.00620772
7.4335e-007,0.00616661
7.434e-007,0.00612379
7.4345e-007,0.00606726
7.435e-007,0.00603129
7.4355e-007,0.00597647
7.436e-007,0.00590795
7.4365e-007,0.00587712
7.437e-007,0.00585143
7.4375e-007,0.00580518
7.438e-007,0.00581545
7.4385e-007,0.00588911
7.439e-007,0.00595934
7.4395e-007,0.00606554
7.44e-007,0.00620087
7.4405e-007,0.00632763
7.441e-007,0.0064561
7.4415e-007,0.00658114
7.442e-007,0.00665994
7.4425e-007,0.00668734
7.443e-007,0.00667535
7.4435e-007,0.00663082
7.444e-007,0.0065229
7.4445e-007,0.00640471
7.445e-007,0.00625568
7.4455e-007,0.00612379
7.446e-007,0.00600902
7.4465e-007,0.0059011
7.447e-007,0.00585143
7.4475e-007,0.00580004
7.448e-007,0.0057949
7.4485e-007,0.00580689
7.449e-007,0.00584286
7.4495e-007,0.00588055
7.45e-007,0.00591481
7.4505e-007,0.00597305
7.451e-007,0.00600217
7.4515e-007,0.00604842
7.452e-007,0.00607925
7.4525e-007,0.00611522
7.453e-007,0.00614777
7.4535e-007,0.00619059
7.454e-007,0.00622656
7.4545e-007,0.00626596
7.455e-007,0.00632077
7.4555e-007,0.00632077
7.456e-007,0.00634989
7.4565e-007,0.00636874
7.457e-007,0.00636017
7.4575e-007,0.00634304
7.458e-007,0.00629679
7.4585e-007,0.00626596
7.459e-007,0.00624369
7.4595e-007,0.00619402
7.46e-007,0.00615976
7.4605e-007,0.00615119
7.461e-007,0.00611179
7.4615e-007,0.00609295
7.462e-007,0.00607925
7.4625e-007,0.00606554
7.463e-007,0.00605527
7.4635e-007,0.00607754
7.464e-007,0.00606383
7.4645e-007,0.00608781
7.465e-007,0.00612207
7.4655e-007,0.00612379
7.466e-007,0.00614091
7.4665e-007,0.00617517
7.467e-007,0.00618203
7.4675e-007,0.00620601
7.468e-007,0.00622827
7.4685e-007,0.00621286
7.469e-007,0.00618716
7.4695e-007,0.00619059
7.47e-007,0.00615462
7.4705e-007,0.00611008
7.471e-007,0.00606383
7.4715e-007,0.00602957
7.472e-007,0.00597305
7.4725e-007,0.00594393
7.473e-007,0.00591823
7.4735e-007,0.00592166
7.474e-007,0.00592166
7.4745e-007,0.00592166
7.475e-007,0.00598675
7.4755e-007,0.00603642
7.476e-007,0.00605869
7.4765e-007,0.00608096
7.477e-007,0.00611008
7.4775e-007,0.00612892
7.478e-007,0.00615119
7.4785e-007,0.00613406
7.479e-007,0.00611865
7.4795e-007,0.00608439
7.48e-007,0.006033
7.4805e-007,0.00602101
7.481e-007,0.00598675
7.4815e-007,0.00593365
7.482e-007,0.00590967
7.4825e-007,0.00589596
7.483e-007,0.00586684
7.4835e-007,0.00586513
7.484e-007,0.00584457
7.4845e-007,0.00583258
7.485e-007,0.00578633
7.4855e-007,0.00577263
7.486e-007,0.00572638
7.4865e-007,0.00569897
7.487e-007,0.00570411
7.4875e-007,0.00572638
7.488e-007,0.00576407
7.4885e-007,0.00582402
7.489e-007,0.00591652
7.4895e-007,0.00599531
7.49e-007,0.00610666
7.4905e-007,0.00619573
7.491e-007,0.00627624
7.4915e-007,0.00632763
7.492e-007,0.00636874
7.4925e-007,0.0063773
7.493e-007,0.00635675
7.4935e-007,0.00629851
7.494e-007,0.00621286
7.4945e-007,0.00615291
7.495e-007,0.00604842
7.4955e-007,0.00599018
7.496e-007,0.00589596
7.4965e-007,0.00585828
7.497e-007,0.00581374
7.4975e-007,0.00577092
7.498e-007,0.00573323
7.4985e-007,0.00572638
7.499e-007,0.00569384
7.4995e-007,0.00568184
7.5e-007,0.00564759
7.5005e-007,0.00563902
7.501e-007,0.00562018
7.5015e-007,0.00560476
7.502e-007,0.00560819
7.5025e-007,0.00561504
7.503e-007,0.00565272
7.5035e-007,0.00571268
7.504e-007,0.00578633
7.5045e-007,0.00585999
7.505e-007,0.00593536
7.5055e-007,0.00604328
7.506e-007,0.00610152
7.5065e-007,0.00616147
7.507e-007,0.00616832
7.5075e-007,0.00618716
7.508e-007,0.00617517
7.5085e-007,0.00614434
7.509e-007,0.00610666
7.5095e-007,0.0060724
7.51e-007,0.00604499
7.5105e-007,0.00599189
7.511e-007,0.00596791
7.5115e-007,0.00594564
7.512e-007,0.00594735
7.5125e-007,0.00599531
7.513e-007,0.00600559
7.5135e-007,0.00605869
7.514e-007,0.00610837
7.5145e-007,0.00615291
7.515e-007,0.00619573
7.5155e-007,0.00620429
7.516e-007,0.00620087
7.5165e-007,0.00616661
7.517e-007,0.00611351
7.5175e-007,0.0060467
7.518e-007,0.0059542
7.5185e-007,0.00587541
7.519e-007,0.00578633
7.5195e-007,0.00570411
7.52e-007,0.0056356
7.5205e-007,0.00559448
7.521e-007,0.00558249
7.5215e-007,0.00560648
7.522e-007,0.00563731
7.5225e-007,0.00565272
7.523e-007,0.00573323
7.5235e-007,0.00583087
7.524e-007,0.00591823
7.5245e-007,0.00599874
7.525e-007,0.00608267
7.5255e-007,0.00610323
7.526e-007,0.0061392
7.5265e-007,0.00617689
7.527e-007,0.00618203
7.5275e-007,0.0061923
7.528e-007,0.00619059
7.5285e-007,0.0061786
7.529e-007,0.00615291
7.5295e-007,0.00613406
7.53e-007,0.0061255
7.5305e-007,0.00610494
7.531e-007,0.00608781
7.5315e-007,0.00607754
7.532e-007,0.0060467
7.5325e-007,0.00605869
7.533e-007,0.00602957
7.5335e-007,0.00601587
7.534e-007,0.00599531
7.5345e-007,0.00597133
7.535e-007,0.00592337
7.5355e-007,0.00589082
7.536e-007,0.00584115
7.5365e-007,0.0058086
7.537e-007,0.00576064
7.5375e-007,0.00573495
7.538e-007,0.00571268
7.5385e-007,0.00568527
7.539e-007,0.00565786
7.5395e-007,0.00563388
7.54e-007,0.00562018
7.5405e-007,0.00565101
7.541e-007,0.00564416
7.5415e-007,0.00565958
7.542e-007,0.00568356
7.5425e-007,0.0056887
7.543e-007,0.0056887
7.5435e-007,0.00569212
7.544e-007,0.00567328
7.5445e-007,0.00569897
7.545e-007,0.00571782
7.5455e-007,0.00575208
7.546e-007,0.00576407
7.5465e-007,0.00575893
7.547e-007,0.00578805
7.5475e-007,0.0058086
7.548e-007,0.00582745
7.5485e-007,0.00585999
7.549e-007,0.00587369
7.5495e-007,0.00590624
7.55e-007,0.00596962
7.5505e-007,0.00601587
7.551e-007,0.00605869
7.5515e-007,0.0060724
7.552e-007,0.00606897
7.5525e-007,0.00606554
7.553e-007,0.00603814
7.5535e-007,0.00599018
7.554e-007,0.00593536
7.5545e-007,0.00587198
7.555e-007,0.00577948
7.5555e-007,0.00568527
7.556e-007,0.00560134
7.5565e-007,0.00553967
7.557e-007,0.00549856
7.5575e-007,0.00549342
7.558e-007,0.00553453
7.5585e-007,0.00558935
7.559e-007,0.005663
7.5595e-007,0.00574351
7.56e-007,0.00582573
7.5605e-007,0.00589425
7.561e-007,0.00595078
7.5615e-007,0.00597476
7.562e-007,0.00599531
7.5625e-007,0.0060073
7.563e-007,0.00600388
7.5635e-007,0.00594906
7.564e-007,0.00590795
7.5645e-007,0.00589425
7.565e-007,0.0058617
7.5655e-007,0.00585828
7.566e-007,0.00585314
7.5665e-007,0.00587027
7.567e-007,0.00588226
7.5675e-007,0.00590453
7.568e-007,0.00592337
7.5685e-007,0.00595934
7.569e-007,0.00598675
7.5695e-007,0.00599189
7.57e-007,0.00602957
7.5705e-007,0.00603471
7.571e-007,0.00605013
7.5715e-007,0.00604156
7.572e-007,0.00601073
7.5725e-007,0.00599874
7.573e-007,0.00595249
7.5735e-007,0.00592851
7.574e-007,0.00592337
7.5745e-007,0.00589082
7.575e-007,0.00588397
7.5755e-007,0.00585485
7.576e-007,0.00585828
7.5765e-007,0.00587369
7.577e-007,0.00589768
7.5775e-007,0.00594393
7.578e-007,0.00596791
7.5785e-007,0.00600559
7.579e-007,0.00605869
7.5795e-007,0.00606554
7.58e-007,0.0060861
7.5805e-007,0.00609638
7.581e-007,0.00606212
7.5815e-007,0.00605698
7.582e-007,0.00602615
7.5825e-007,0.00597647
7.583e-007,0.00596791
7.5835e-007,0.00595078
7.584e-007,0.00592508
7.5845e-007,0.00589939
7.585e-007,0.0059011
7.5855e-007,0.00590967
7.586e-007,0.00591138
7.5865e-007,0.00593022
7.587e-007,0.00594393
7.5875e-007,0.00596448
7.588e-007,0.00597647
7.5885e-007,0.00599189
7.589e-007,0.00599874
7.5895e-007,0.0060193
7.59e-007,0.0060467
7.5905e-007,0.00606726
7.591e-007,0.0060998
7.5915e-007,0.0061649
7.592e-007,0.00620601
7.5925e-007,0.00627281
7.593e-007,0.00633619
7.5935e-007,0.00639786
7.594e-007,0.00647323
7.5945e-007,0.00654003
7.595e-007,0.00651776
7.5955e-007,0.00651776
7.596e-007,0.00649036
7.5965e-007,0.00646809
7.597e-007,0.00642869
7.5975e-007,0.006403
7.598e-007,0.00637901
7.5985e-007,0.00635161
7.599e-007,0.00631906
7.5995e-007,0.00633105
7.6e-007,0.00632763
7.6005e-007,0.00627624
7.601e-007,0.00628309
7.6015e-007,0.00625568
7.602e-007,0.00621628
7.6025e-007,0.00616318
7.603e-007,0.00609638
7.6035e-007,0.00603129
7.604e-007,0.00596619
7.6045e-007,0.00590795
7.605e-007,0.00587541
7.6055e-007,0.00585143
7.606e-007,0.00582573
7.6065e-007,0.00582745
7.607e-007,0.00583944
7.6075e-007,0.00584457
7.608e-007,0.00585485
7.6085e-007,0.00589425
7.609e-007,0.00589768
7.6095e-007,0.00591994
7.61e-007,0.00591823
7.6105e-007,0.00590453
7.611e-007,0.00589596
7.6115e-007,0.00588055
7.612e-007,0.00585828
7.6125e-007,0.00584457
7.613e-007,0.00581717
7.6135e-007,0.00582059
7.614e-007,0.00580346
7.6145e-007,0.0058343
7.615e-007,0.00584115
7.6155e-007,0.00583087
7.616e-007,0.00583601
7.6165e-007,0.00585657
7.617e-007,0.00587198
7.6175e-007,0.00583772
7.618e-007,0.0058343
7.6185e-007,0.00581203
7.619e-007,0.00576749
7.6195e-007,0.00569555
7.62e-007,0.00561847
7.6205e-007,0.00555509
7.621e-007,0.00547972
7.6215e-007,0.00541634
7.622e-007,0.00538722
7.6225e-007,0.00534611
7.623e-007,0.00531356
7.6235e-007,0.00534611
7.624e-007,0.00536838
7.6245e-007,0.00544203
7.625e-007,0.00550541
7.6255e-007,0.00556536
7.626e-007,0.00565615
7.6265e-007,0.00573666
7.627e-007,0.00581203
7.6275e-007,0.00589254
7.628e-007,0.00593022
7.6285e-007,0.00597305
7.629e-007,0.00599531
7.6295e-007,0.00599018
7.63e-007,0.00597133
7.6305e-007,0.00590795
7.631e-007,0.00586513
7.6315e-007,0.00578976
7.632e-007,0.00576407
7.6325e-007,0.00571439
7.633e-007,0.0056887
7.6335e-007,0.00569897
7.634e-007,0.00571268
7.6345e-007,0.00577263
7.635e-007,0.0058343
7.6355e-007,0.00589596
7.636e-007,0.00598332
7.6365e-007,0.00608267
7.637e-007,0.00618716
7.6375e-007,0.0062317
7.638e-007,0.00626082
7.6385e-007,0.00628652
7.639e-007,0.00625226
7.6395e-007,0.00618031
7.64e-007,0.00614263
7.6405e-007,0.00606383
7.641e-007,0.00600559
7.6415e-007,0.00593022
7.642e-007,0.00585999
7.6425e-007,0.00583087
7.643e-007,0.00580689
7.6435e-007,0.00583087
7.644e-007,0.00581888
7.6445e-007,0.00581374
7.645e-007,0.00584286
7.6455e-007,0.00585314
7.646e-007,0.00582745
7.6465e-007,0.00582059
7.647e-007,0.00581545
7.6475e-007,0.00582231
7.648e-007,0.00581717
7.6485e-007,0.00584971
7.649e-007,0.00589425
7.6495e-007,0.00594906
7.65e-007,0.00602101
7.6505e-007,0.00609295
7.651e-007,0.00618374
7.6515e-007,0.00626082
7.652e-007,0.00630707
7.6525e-007,0.00634818
7.653e-007,0.00635675
7.6535e-007,0.00634304
7.654e-007,0.00627281
7.6545e-007,0.00621457
7.655e-007,0.00611008
7.6555e-007,0.00601073
7.656e-007,0.00590624
7.6565e-007,0.00585314
7.657e-007,0.00578976
7.6575e-007,0.00577606
7.658e-007,0.00576578
7.6585e-007,0.00577948
7.659e-007,0.00579319
7.6595e-007,0.00582745
7.66e-007,0.00586684
7.6605e-007,0.00588569
7.661e-007,0.00590281
7.6615e-007,0.00592166
7.662e-007,0.00589254
7.6625e-007,0.00585999
7.663e-007,0.00582231
7.6635e-007,0.00575893
7.664e-007,0.00572296
7.6645e-007,0.00569555
7.665e-007,0.00566643
7.6655e-007,0.00566643
7.666e-007,0.00568013
7.6665e-007,0.00570754
7.667e-007,0.00572467
7.6675e-007,0.0057555
7.668e-007,0.00578633
7.6685e-007,0.00582916
7.669e-007,0.00584629
7.6695e-007,0.00585999
7.67e-007,0.00590453
7.6705e-007,0.00592337
7.671e-007,0.00596448
7.6715e-007,0.00599189
7.672e-007,0.00600388
7.6725e-007,0.00600217
7.673e-007,0.00602957
7.6735e-007,0.00605355
7.674e-007,0.00611522
7.6745e-007,0.00613235
7.675e-007,0.00615633
7.6755e-007,0.00612207
7.676e-007,0.00612721
7.6765e-007,0.00609124
7.677e-007,0.00606041
7.6775e-007,0.00606726
7.678e-007,0.00607068
7.6785e-007,0.0060724
7.679e-007,0.00607754
7.6795e-007,0.00610494
7.68e-007,0.0061649
7.6805e-007,0.00619402
7.681e-007,0.00626253
7.6815e-007,0.00631221
7.682e-007,0.00634818
7.6825e-007,0.00636017
7.683e-007,0.00637045
7.6835e-007,0.00630364
7.684e-007,0.00625226
7.6845e-007,0.00615804
7.685e-007,0.00605355
7.6855e-007,0.00595763
7.686e-007,0.00583772
7.6865e-007,0.00573837
7.687e-007,0.00564245
7.6875e-007,0.00558763
7.688e-007,0.00556708
7.6885e-007,0.00554652
7.689e-007,0.00556194
7.6895e-007,0.00560648
7.69e-007,0.00568698
7.6905e-007,0.00577434
7.691e-007,0.00586513
7.6915e-007,0.00595934
7.692e-007,0.00605355
7.6925e-007,0.00610323
7.693e-007,0.00614605
7.6935e-007,0.00614605
7.694e-007,0.00614948
7.6945e-007,0.00609638
7.695e-007,0.00602957
7.6955e-007,0.00594393
7.696e-007,0.00587027
7.6965e-007,0.00581545
7.697e-007,0.00574008
7.6975e-007,0.00569897
7.698e-007,0.00569555
7.6985e-007,0.00568184
7.699e-007,0.00571096
7.6995e-007,0.00575893
7.7e-007,0.00578805
7.7005e-007,0.00583258
7.701e-007,0.00587198
7.7015e-007,0.00585485
7.702e-007,0.00583772
7.7025e-007,0.00581032
7.703e-007,0.0057418
7.7035e-007,0.00569041
7.704e-007,0.00565444
7.7045e-007,0.00561675
7.705e-007,0.0055962
7.7055e-007,0.00562018
7.706e-007,0.0056887
7.7065e-007,0.00576921
7.707e-007,0.00589254
7.7075e-007,0.00602272
7.708e-007,0.00615633
7.7085e-007,0.00628309
7.709e-007,0.00640128
7.7095e-007,0.00649036
7.71e-007,0.00657429
7.7105e-007,0.00661711
7.711e-007,0.00661883
7.7115e-007,0.00659313
7.712e-007,0.00649892
7.7125e-007,0.00640813
7.713e-007,0.0062848
7.7135e-007,0.00616318
7.714e-007,0.00599874
7.7145e-007,0.00583258
7.715e-007,0.00569555
7.7155e-007,0.00556023
7.716e-007,0.00546773
7.7165e-007,0.0053855
7.717e-007,0.00531699
7.7175e-007,0.00531356
7.718e-007,0.00532726
7.7185e-007,0.00537351
7.719e-007,0.00542833
7.7195e-007,0.00550884
7.72e-007,0.00556194
7.7205e-007,0.00561847
7.721e-007,0.00567157
7.7215e-007,0.00572638
7.722e-007,0.00574694
7.7225e-007,0.00577434
7.723e-007,0.00581032
7.7235e-007,0.00586856
7.724e-007,0.00590967
7.7245e-007,0.00595249
7.725e-007,0.00603471
7.7255e-007,0.00609124
7.726e-007,0.00613749
7.7265e-007,0.00622314
7.727e-007,0.0062711
7.7275e-007,0.00630536
7.728e-007,0.00633619
7.7285e-007,0.00633276
7.729e-007,0.00632249
7.7295e-007,0.00631906
7.73e-007,0.00629679
7.7305e-007,0.00628138
7.731e-007,0.00626767
7.7315e-007,0.00627281
7.732e-007,0.00627966
7.7325e-007,0.00628994
7.733e-007,0.00628994
7.7335e-007,0.00632077
7.734e-007,0.00633619
7.7345e-007,0.00632249
7.735e-007,0.00630193
7.7355e-007,0.00629337
7.736e-007,0.00625568
7.7365e-007,0.00622314
7.737e-007,0.00619915
7.7375e-007,0.00612036
7.738e-007,0.00607411
7.7385e-007,0.00607411
7.739e-007,0.0060467
7.7395e-007,0.00605184
7.74e-007,0.00607754
7.7405e-007,0.00608781
7.741e-007,0.00612036
7.7415e-007,0.00616318
7.742e-007,0.00619744
7.7425e-007,0.00622656
7.743e-007,0.00622656
7.7435e-007,0.00623513
7.744e-007,0.0061786
7.7445e-007,0.00614263
7.745e-007,0.00605869
7.7455e-007,0.0059799
7.746e-007,0.00591309
7.7465e-007,0.00585143
7.747e-007,0.00581032
7.7475e-007,0.00575721
7.748e-007,0.00575036
7.7485e-007,0.00576578
7.749e-007,0.00581888
7.7495e-007,0.00587541
7.75e-007,0.00595934
7.7505e-007,0.00606897
7.751e-007,0.00617689
7.7515e-007,0.00625739
7.752e-007,0.00634133
7.7525e-007,0.006391
7.753e-007,0.00639614
7.7535e-007,0.00638244
7.754e-007,0.00634647
7.7545e-007,0.00632591
7.755e-007,0.00625739
7.7555e-007,0.00617346
7.756e-007,0.00609638
7.7565e-007,0.00597647
7.757e-007,0.00588226
7.7575e-007,0.00580346
7.758e-007,0.00572638
7.7585e-007,0.00563731
7.759e-007,0.00558249
7.7595e-007,0.00558421
7.76e-007,0.00558935
7.7605e-007,0.00562874
7.761e-007,0.00568184
7.7615e-007,0.00574694
7.762e-007,0.0058086
7.7625e-007,0.00587541
7.763e-007,0.00593707
7.7635e-007,0.00601244
7.764e-007,0.00606554
7.7645e-007,0.00610666
7.765e-007,0.00609638
7.7655e-007,0.00610666
7.766e-007,0.00610323
7.7665e-007,0.00606383
7.767e-007,0.00603814
7.7675e-007,0.00601073
7.768e-007,0.00595934
7.7685e-007,0.00597305
7.769e-007,0.00596962
7.7695e-007,0.00598675
7.77e-007,0.00597647
7.7705e-007,0.00598846
7.771e-007,0.00596962
7.7715e-007,0.00595592
7.772e-007,0.00593194
7.7725e-007,0.0059011
7.773e-007,0.00587369
7.7735e-007,0.00584971
7.774e-007,0.00581203
7.7745e-007,0.00577434
7.775e-007,0.00576407
7.7755e-007,0.00574008
7.776e-007,0.00573666
7.7765e-007,0.0057812
7.777e-007,0.00579833
7.7775e-007,0.005848
7.778e-007,0.00590281
7.7785e-007,0.0059542
7.779e-007,0.00600559
7.7795e-007,0.00601587
7.78e-007,0.00604499
7.7805e-007,0.00605869
7.781e-007,0.00607068
7.7815e-007,0.00606897
7.782e-007,0.00607925
7.7825e-007,0.00607411
7.783e-007,0.00606897
7.7835e-007,0.00604156
7.784e-007,0.00602443
7.7845e-007,0.0060193
7.785e-007,0.00600217
7.7855e-007,0.00603129
7.786e-007,0.00605698
7.7865e-007,0.00607411
7.787e-007,0.00612207
7.7875e-007,0.00618716
7.788e-007,0.00622827
7.7885e-007,0.00626939
7.789e-007,0.00625054
7.7895e-007,0.00623855
7.79e-007,0.00622827
7.7905e-007,0.00622142
7.791e-007,0.00615462
7.7915e-007,0.00608267
7.792e-007,0.00603471
7.7925e-007,0.00596619
7.793e-007,0.00593194
7.7935e-007,0.0058874
7.794e-007,0.00587541
7.7945e-007,0.00587369
7.795e-007,0.0058874
7.7955e-007,0.00594393
7.796e-007,0.0059936
7.7965e-007,0.00602272
7.797e-007,0.00608267
7.7975e-007,0.00611865
7.798e-007,0.00617003
7.7985e-007,0.00616832
7.799e-007,0.00619744
7.7995e-007,0.00620429
7.8e-007,0.00619915
7.8005e-007,0.00618031
7.801e-007,0.00615291
7.8015e-007,0.00609466
7.802e-007,0.00607411
7.8025e-007,0.00604156
7.803e-007,0.00601587
7.8035e-007,0.00601416
7.804e-007,0.00601587
7.8045e-007,0.00606041
7.805e-007,0.00610323
7.8055e-007,0.00619915
7.806e-007,0.0062711
7.8065e-007,0.00634818
7.807e-007,0.00645267
7.8075e-007,0.00650577
7.808e-007,0.00657258
7.8085e-007,0.00662054
7.809e-007,0.0066411
7.8095e-007,0.00660684
7.81e-007,0.00658628
7.8105e-007,0.00649549
7.811e-007,0.00641841
7.8115e-007,0.0063379
7.812e-007,0.00623513
7.8125e-007,0.00613749
7.813e-007,0.00604499
7.8135e-007,0.00601244
7.814e-007,0.00596962
7.8145e-007,0.00596106
7.815e-007,0.00597476
7.8155e-007,0.00600388
7.816e-007,0.00604328
7.8165e-007,0.00608781
7.817e-007,0.00613406
7.8175e-007,0.00621115
7.818e-007,0.00627281
7.8185e-007,0.00631392
7.819e-007,0.00634304
7.8195e-007,0.00634304
7.82e-007,0.00635332
7.8205e-007,0.00631392
7.821e-007,0.00626939
7.8215e-007,0.00624027
7.822e-007,0.00619915
7.8225e-007,0.00614777
7.823e-007,0.00609638
7.8235e-007,0.00607068
7.824e-007,0.00605527
7.8245e-007,0.00605355
7.825e-007,0.00604328
7.8255e-007,0.00606554
7.826e-007,0.00610494
7.8265e-007,0.00615804
7.827e-007,0.00621286
7.8275e-007,0.00628652
7.828e-007,0.00637388
7.8285e-007,0.00643554
7.829e-007,0.00649549
7.8295e-007,0.00650749
7.83e-007,0.00649721
7.8305e-007,0.00647323
7.831e-007,0.00640813
7.8315e-007,0.00632934
7.832e-007,0.00623855
7.8325e-007,0.00612379
7.833e-007,0.00602786
7.8335e-007,0.00596619
7.834e-007,0.00590967
7.8345e-007,0.00586342
7.835e-007,0.00587712
7.8355e-007,0.00589596
7.836e-007,0.00593879
7.8365e-007,0.00598332
7.837e-007,0.00602615
7.8375e-007,0.0060467
7.838e-007,0.00606383
7.8385e-007,0.00605355
7.839e-007,0.00602615
7.8395e-007,0.00602272
7.84e-007,0.00597647
7.8405e-007,0.0059405
7.841e-007,0.00592337
7.8415e-007,0.00589768
7.842e-007,0.00589254
7.8425e-007,0.00588397
7.843e-007,0.00587712
7.8435e-007,0.00585314
7.844e-007,0.00583601
7.8445e-007,0.00582231
7.845e-007,0.0058086
7.8455e-007,0.00582573
7.846e-007,0.00582573
7.8465e-007,0.00584457
7.847e-007,0.00588911
7.8475e-007,0.00595078
7.848e-007,0.00602957
7.8485e-007,0.00609809
7.849e-007,0.00617175
7.8495e-007,0.0062317
7.85e-007,0.00628138
7.8505e-007,0.00634133
7.851e-007,0.00635332
7.8515e-007,0.00634818
7.852e-007,0.00635675
7.8525e-007,0.00635161
7.853e-007,0.00632591
7.8535e-007,0.00628309
7.854e-007,0.0062454
7.8545e-007,0.00621115
7.855e-007,0.00620601
7.8555e-007,0.00618203
7.856e-007,0.00617003
7.8565e-007,0.00615119
7.857e-007,0.00613064
7.8575e-007,0.00610666
7.858e-007,0.00605013
7.8585e-007,0.00600559
7.859e-007,0.0059268
7.8595e-007,0.00585143
7.86e-007,0.0057812
7.8605e-007,0.0057024
7.861e-007,0.00562874
7.8615e-007,0.00557222
7.862e-007,0.00550884
7.8625e-007,0.00546087
7.863e-007,0.00540435
7.8635e-007,0.00539064
7.864e-007,0.0053975
7.8645e-007,0.00544717
7.865e-007,0.00550712
7.8655e-007,0.00560305
7.866e-007,0.00569212
7.8665e-007,0.00576578
7.867e-007,0.00587027
7.8675e-007,0.00595934
7.868e-007,0.00601587
7.8685e-007,0.00605527
7.869e-007,0.0060998
7.8695e-007,0.00610837
7.87e-007,0.00609638
7.8705e-007,0.00603471
7.871e-007,0.0059936
7.8715e-007,0.00596619
7.872e-007,0.00591652
7.8725e-007,0.00587712
7.873e-007,0.00585657
7.8735e-007,0.00583944
7.874e-007,0.005848
7.8745e-007,0.00587712
7.875e-007,0.0058874
7.8755e-007,0.00592337
7.876e-007,0.00595249
7.8765e-007,0.00599018
7.877e-007,0.0060193
7.8775e-007,0.00602786
7.878e-007,0.00601758
7.8785e-007,0.00601416
7.879e-007,0.00599018
7.8795e-007,0.00595592
7.88e-007,0.00590281
7.8805e-007,0.00588569
7.881e-007,0.0058617
7.8815e-007,0.00587883
7.882e-007,0.00588055
7.8825e-007,0.00589596
7.883e-007,0.00595078
7.8835e-007,0.0059936
7.884e-007,0.0060467
7.8845e-007,0.00606383
7.885e-007,0.0060861
7.8855e-007,0.00609124
7.886e-007,0.00611179
7.8865e-007,0.00612036
7.887e-007,0.00611522
7.8875e-007,0.0060998
7.888e-007,0.00608953
7.8885e-007,0.00610323
7.889e-007,0.00609638
7.8895e-007,0.00613235
7.89e-007,0.00614091
7.8905e-007,0.00615291
7.891e-007,0.00619402
7.8915e-007,0.00621457
7.892e-007,0.00622999
7.8925e-007,0.00626939
7.893e-007,0.00628652
7.8935e-007,0.00629337
7.894e-007,0.00628652
7.8945e-007,0.00628309
7.895e-007,0.00626939
7.8955e-007,0.0062454
7.896e-007,0.00623341
7.8965e-007,0.00622656
7.897e-007,0.00620258
7.8975e-007,0.00618545
7.898e-007,0.00616661
7.8985e-007,0.00615119
7.899e-007,0.00614948
7.8995e-007,0.00614948
7.9e-007,0.00614434
7.9005e-007,0.00613749
7.901e-007,0.0060998
7.9015e-007,0.00605184
7.902e-007,0.00600388
7.9025e-007,0.00596106
7.903e-007,0.00593022
7.9035e-007,0.0058874
7.904e-007,0.00587541
7.9045e-007,0.00587198
7.905e-007,0.00588397
7.9055e-007,0.00593194
7.906e-007,0.00597818
7.9065e-007,0.00603985
7.907e-007,0.00608781
7.9075e-007,0.00615976
7.908e-007,0.00620943
7.9085e-007,0.00622656
7.909e-007,0.006218
7.9095e-007,0.0061923
7.91e-007,0.00613235
7.9105e-007,0.00605527
7.911e-007,0.00595934
7.9115e-007,0.00586513
7.912e-007,0.00579147
7.9125e-007,0.00575379
7.913e-007,0.00570411
7.9135e-007,0.00570411
7.914e-007,0.00571268
7.9145e-007,0.00575721
7.915e-007,0.00581032
7.9155e-007,0.0058874
7.916e-007,0.00596277
7.9165e-007,0.0060467
7.917e-007,0.00610494
7.9175e-007,0.00616147
7.918e-007,0.00620601
7.9185e-007,0.00623855
7.919e-007,0.00626767
7.9195e-007,0.0062848
7.92e-007,0.00629337
7.9205e-007,0.00629679
7.921e-007,0.00627624
7.9215e-007,0.00626596
7.922e-007,0.00625568
7.9225e-007,0.00623341
7.923e-007,0.00617003
7.9235e-007,0.00613749
7.924e-007,0.00607754
7.9245e-007,0.00602615
7.925e-007,0.00595763
7.9255e-007,0.00589596
7.926e-007,0.00583258
7.9265e-007,0.00578291
7.927e-007,0.00575208
7.9275e-007,0.00576407
7.928e-007,0.00576921
7.9285e-007,0.00577263
7.929e-007,0.00579833
7.9295e-007,0.00582745
7.93e-007,0.00586513
7.9305e-007,0.00589939
7.931e-007,0.00590795
7.9315e-007,0.00590795
7.932e-007,0.00589768
7.9325e-007,0.00592337
7.933e-007,0.0059268
7.9335e-007,0.00594564
7.934e-007,0.00596791
7.9345e-007,0.00602957
7.935e-007,0.00605355
7.9355e-007,0.00613749
7.936e-007,0.00621286
7.9365e-007,0.00628823
7.937e-007,0.00633276
7.9375e-007,0.00642526
7.938e-007,0.00642355
7.9385e-007,0.00639957
7.939e-007,0.00634818
7.9395e-007,0.00630022
7.94e-007,0.00621115
7.9405e-007,0.00609295
7.941e-007,0.00599531
7.9415e-007,0.00592337
7.942e-007,0.00585828
7.9425e-007,0.00581374
7.943e-007,0.00577434
7.9435e-007,0.00574865
7.944e-007,0.00575208
7.9445e-007,0.00576578
7.945e-007,0.00577777
7.9455e-007,0.00578976
7.946e-007,0.00581032
7.9465e-007,0.00584115
7.947e-007,0.00586342
7.9475e-007,0.00587883
7.948e-007,0.00589254
7.9485e-007,0.00590281
7.949e-007,0.00592508
7.9495e-007,0.00595934
7.95e-007,0.00597647
7.9505e-007,0.00601244
7.951e-007,0.00602957
7.9515e-007,0.00601244
7.952e-007,0.006033
7.9525e-007,0.00602272
7.953e-007,0.00599531
7.9535e-007,0.00597133
7.954e-007,0.00595592
7.9545e-007,0.00591652
7.955e-007,0.00588397
7.9555e-007,0.00589768
7.956e-007,0.00588397
7.9565e-007,0.00589596
7.957e-007,0.00593879
7.9575e-007,0.0059542
7.958e-007,0.00596791
7.9585e-007,0.00599531
7.959e-007,0.00602272
7.9595e-007,0.00601758
7.96e-007,0.0059799
7.9605e-007,0.00594735
7.961e-007,0.00591481
7.9615e-007,0.00591309
7.962e-007,0.00588055
7.9625e-007,0.00585314
7.963e-007,0.00584115
7.9635e-007,0.00584115
7.964e-007,0.00583258
7.9645e-007,0.00583944
7.965e-007,0.00587198
7.9655e-007,0.00590453
7.966e-007,0.0059268
7.9665e-007,0.00593707
7.967e-007,0.00595078
7.9675e-007,0.00595078
7.968e-007,0.00594906
7.9685e-007,0.00595249
7.969e-007,0.00596791
7.9695e-007,0.00599189
7.97e-007,0.00603471
7.9705e-007,0.00610323
7.971e-007,0.00615804
7.9715e-007,0.00623341
7.972e-007,0.00628994
7.9725e-007,0.00634476
7.973e-007,0.00639443
7.9735e-007,0.00638758
7.974e-007,0.00638758
7.9745e-007,0.00636874
7.975e-007,0.00632591
7.9755e-007,0.00627281
7.976e-007,0.00621115
7.9765e-007,0.00615291
7.977e-007,0.00609466
7.9775e-007,0.00602786
7.978e-007,0.00599531
7.9785e-007,0.00594564
7.979e-007,0.00593194
7.9795e-007,0.00593707
7.98e-007,0.00592337
7.9805e-007,0.00590624
7.981e-007,0.00588569
7.9815e-007,0.00589254
7.982e-007,0.00589254
7.9825e-007,0.00589082
7.983e-007,0.00587712
7.9835e-007,0.00589254
7.984e-007,0.00593022
7.9845e-007,0.00596448
7.985e-007,0.00598675
7.9855e-007,0.00602615
7.986e-007,0.00608781
7.9865e-007,0.00611522
7.987e-007,0.00615119
7.9875e-007,0.00619744
7.988e-007,0.00621457
7.9885e-007,0.00619744
7.989e-007,0.00618716
7.9895e-007,0.0061786
7.99e-007,0.00616318
7.9905e-007,0.00612721
7.991e-007,0.00611008
7.9915e-007,0.00608953
7.992e-007,0.00606554
7.9925e-007,0.006033
7.993e-007,0.00602272
7.9935e-007,0.00598675
7.994e-007,0.0059799
7.9945e-007,0.00594735
7.995e-007,0.00589254
7.9955e-007,0.00587369
7.996e-007,0.00581374
7.9965e-007,0.00576749
7.997e-007,0.0057024
7.9975e-007,0.00566643
7.998e-007,0.0056099
7.9985e-007,0.00557736
7.999e-007,0.00558249
7.9995e-007,0.00561333
8e-007,0.0056493
8.0005e-007,0.00569555
8.001e-007,0.00578805
8.0015e-007,0.00587541
8.002e-007,0.00599703
8.0025e-007,0.00611179
8.003e-007,0.00622827
8.0035e-007,0.00631392
8.004e-007,0.00639443
8.0045e-007,0.00641156
8.005e-007,0.00641327
8.0055e-007,0.00634647
8.006e-007,0.00627452
8.0065e-007,0.00616147
8.007e-007,0.00604842
8.0075e-007,0.00593194
8.008e-007,0.00581545
8.0085e-007,0.00574522
8.009e-007,0.00570069
8.0095e-007,0.0057024
8.01e-007,0.00574008
8.0105e-007,0.00582916
8.011e-007,0.00591823
8.0115e-007,0.00602615
8.012e-007,0.00613064
8.0125e-007,0.00620429
8.013e-007,0.00623513
8.0135e-007,0.00623855
8.014e-007,0.006218
8.0145e-007,0.00615633
8.015e-007,0.00610152
8.0155e-007,0.00605013
8.016e-007,0.00601416
8.0165e-007,0.00600388
8.017e-007,0.00599531
8.0175e-007,0.00602615
8.018e-007,0.00603814
8.0185e-007,0.00609638
8.019e-007,0.00612721
8.0195e-007,0.00614091
8.02e-007,0.00613406
8.0205e-007,0.00613235
8.021e-007,0.00608953
8.0215e-007,0.00602615
8.022e-007,0.00594735
8.0225e-007,0.0059011
8.023e-007,0.00581888
8.0235e-007,0.00578633
8.024e-007,0.00577092
8.0245e-007,0.00576235
8.025e-007,0.00577434
8.0255e-007,0.00580346
8.026e-007,0.00582916
8.0265e-007,0.0058343
8.027e-007,0.00585999
8.0275e-007,0.00589082
8.028e-007,0.00589596
8.0285e-007,0.00590453
8.029e-007,0.00592166
8.0295e-007,0.00592337
8.03e-007,0.00593879
8.0305e-007,0.00592337
8.031e-007,0.00592851
8.0315e-007,0.00594735
8.032e-007,0.0059542
8.0325e-007,0.00596106
8.033e-007,0.00600559
8.0335e-007,0.00606212
8.034e-007,0.00610666
8.0345e-007,0.00618716
8.035e-007,0.00628823
8.0355e-007,0.006403
8.036e-007,0.00652461
8.0365e-007,0.00664452
8.037e-007,0.00673017
8.0375e-007,0.0068004
8.038e-007,0.00683123
8.0385e-007,0.0068535
8.039e-007,0.00679355
8.0395e-007,0.00671989
8.04e-007,0.00665309
8.0405e-007,0.00652804
8.041e-007,0.00641327
8.0415e-007,0.00637559
8.042e-007,0.00630878
8.0425e-007,0.00626596
8.043e-007,0.00623684
8.0435e-007,0.00623855
8.044e-007,0.0062317
8.0445e-007,0.00622827
8.045e-007,0.00621115
8.0455e-007,0.00620258
8.046e-007,0.00618716
8.0465e-007,0.00618031
8.047e-007,0.00613406
8.0475e-007,0.0060998
8.048e-007,0.00606212
8.0485e-007,0.00604156
8.049e-007,0.00605013
8.0495e-007,0.00602957
8.05e-007,0.00605355
8.0505e-007,0.00604842
8.051e-007,0.00605184
8.0515e-007,0.00605355
8.052e-007,0.00604842
8.0525e-007,0.00602272
8.053e-007,0.00601073
8.0535e-007,0.00598846
8.054e-007,0.00596106
8.0545e-007,0.0059268
8.055e-007,0.00590281
8.0555e-007,0.00586684
8.056e-007,0.0058343
8.0565e-007,0.00583087
8.057e-007,0.00578805
8.0575e-007,0.00574865
8.058e-007,0.00571439
8.0585e-007,0.00570069
8.059e-007,0.005663
8.0595e-007,0.00561675
8.06e-007,0.00558763
8.0605e-007,0.00557393
8.061e-007,0.00557222
8.0615e-007,0.00558421
8.062e-007,0.00558935
8.0625e-007,0.00562189
8.063e-007,0.00560819
8.0635e-007,0.00560648
8.064e-007,0.00559791
8.0645e-007,0.00561847
8.065e-007,0.00562703
8.0655e-007,0.00564245
8.066e-007,0.00567157
8.0665e-007,0.00570754
8.067e-007,0.00575379
8.0675e-007,0.00584115
8.068e-007,0.00590453
8.0685e-007,0.00596619
8.069e-007,0.00605013
8.0695e-007,0.00609466
8.07e-007,0.00613064
8.0705e-007,0.00614948
8.071e-007,0.00615633
8.0715e-007,0.00610152
8.072e-007,0.00608781
8.0725e-007,0.0060467
8.073e-007,0.00598675
8.0735e-007,0.00597133
8.074e-007,0.00594393
8.0745e-007,0.00594906
8.075e-007,0.00597133
8.0755e-007,0.00602272
8.076e-007,0.00606041
8.0765e-007,0.00609638
8.077e-007,0.00610494
8.0775e-007,0.00611522
8.078e-007,0.00612379
8.0785e-007,0.00614777
8.079e-007,0.00612892
8.0795e-007,0.0060998
8.08e-007,0.0060998
8.0805e-007,0.00609466
8.081e-007,0.00607582
8.0815e-007,0.00604842
8.082e-007,0.00601758
8.0825e-007,0.00602957
8.083e-007,0.00603471
8.0835e-007,0.00600902
8.084e-007,0.00599018
8.0845e-007,0.00598675
8.085e-007,0.00595934
8.0855e-007,0.00593022
8.086e-007,0.00593022
8.0865e-007,0.00594221
8.087e-007,0.00592337
8.0875e-007,0.00594221
8.088e-007,0.00597305
8.0885e-007,0.00602443
8.089e-007,0.00604156
8.0895e-007,0.00610494
8.09e-007,0.00614948
8.0905e-007,0.00619915
8.091e-007,0.0062454
8.0915e-007,0.00628138
8.092e-007,0.00629337
8.0925e-007,0.00630707
8.093e-007,0.00629851
8.0935e-007,0.00624712
8.094e-007,0.00620943
8.0945e-007,0.00615119
8.095e-007,0.00608096
8.0955e-007,0.00598332
8.096e-007,0.00590795
8.0965e-007,0.00584971
8.097e-007,0.00577948
8.0975e-007,0.00572809
8.098e-007,0.00568184
8.0985e-007,0.00567842
8.099e-007,0.00569726
8.0995e-007,0.00573666
8.1e-007,0.00580004
8.1005e-007,0.00589768
8.101e-007,0.00597476
8.1015e-007,0.00606041
8.102e-007,0.00615976
8.1025e-007,0.0062454
8.103e-007,0.00627795
8.1035e-007,0.00632591
8.104e-007,0.00632763
8.1045e-007,0.00629851
8.105e-007,0.00628138
8.1055e-007,0.00624883
8.106e-007,0.00620258
8.1065e-007,0.00613578
8.107e-007,0.00607582
8.1075e-007,0.00600902
8.108e-007,0.00595078
8.1085e-007,0.00594393
8.109e-007,0.00593879
8.1095e-007,0.00591309
8.11e-007,0.00591823
8.1105e-007,0.0059405
8.111e-007,0.00591481
8.1115e-007,0.00594393
8.112e-007,0.00593707
8.1125e-007,0.00591994
8.113e-007,0.00590453
8.1135e-007,0.00587712
8.114e-007,0.00587027
8.1145e-007,0.00589425
8.115e-007,0.00590453
8.1155e-007,0.00593022
8.116e-007,0.00596962
8.1165e-007,0.00603471
8.117e-007,0.00609124
8.1175e-007,0.00618374
8.118e-007,0.00626596
8.1185e-007,0.0063242
8.119e-007,0.00634989
8.1195e-007,0.00638587
8.12e-007,0.00636531
8.1205e-007,0.00632249
8.121e-007,0.0062848
8.1215e-007,0.00620772
8.122e-007,0.00613578
8.1225e-007,0.00608267
8.123e-007,0.00605698
8.1235e-007,0.00601416
8.124e-007,0.00599018
8.1245e-007,0.00600045
8.125e-007,0.00605355
8.1255e-007,0.00610494
8.126e-007,0.00613406
8.1265e-007,0.00617517
8.127e-007,0.00620429
8.1275e-007,0.00622142
8.128e-007,0.00620943
8.1285e-007,0.0061649
8.129e-007,0.0061255
8.1295e-007,0.00606383
8.13e-007,0.00598161
8.1305e-007,0.00592851
8.131e-007,0.00585657
8.1315e-007,0.0057949
8.132e-007,0.00577092
8.1325e-007,0.00572124
8.133e-007,0.00572981
8.1335e-007,0.0057418
8.134e-007,0.00576235
8.1345e-007,0.00579661
8.135e-007,0.0058086
8.1355e-007,0.0058086
8.136e-007,0.00580346
8.1365e-007,0.00578805
8.137e-007,0.00575036
8.1375e-007,0.00572124
8.138e-007,0.00569384
8.1385e-007,0.00568356
8.139e-007,0.00569384
8.1395e-007,0.00572981
8.14e-007,0.0057418
8.1405e-007,0.00578805
8.141e-007,0.00583601
8.1415e-007,0.00592337
8.142e-007,0.00600388
8.1425e-007,0.00607925
8.143e-007,0.00613578
8.1435e-007,0.00617346
8.144e-007,0.00619915
8.1445e-007,0.00619744
8.145e-007,0.00615119
8.1455e-007,0.00609466
8.146e-007,0.0060073
8.1465e-007,0.00591652
8.147e-007,0.00581374
8.1475e-007,0.00571439
8.148e-007,0.00564416
8.1485e-007,0.00556023
8.149e-007,0.00550027
8.1495e-007,0.00545402
8.15e-007,0.00540777
8.1505e-007,0.00541634
8.151e-007,0.00544032
8.1515e-007,0.00545402
8.152e-007,0.00551055
8.1525e-007,0.00555851
8.153e-007,0.00558078
8.1535e-007,0.00562703
8.154e-007,0.00564416
8.1545e-007,0.00563731
8.155e-007,0.0056356
8.1555e-007,0.00563388
8.156e-007,0.00564073
8.1565e-007,0.00563217
8.157e-007,0.00561504
8.1575e-007,0.00560134
8.158e-007,0.00559962
8.1585e-007,0.00560648
8.159e-007,0.00562703
8.1595e-007,0.00565272
8.16e-007,0.00568184
8.1605e-007,0.00573323
8.161e-007,0.00580518
8.1615e-007,0.00586342
8.162e-007,0.0059405
8.1625e-007,0.00601244
8.163e-007,0.00607582
8.1635e-007,0.0060998
8.164e-007,0.00612721
8.1645e-007,0.00615462
8.165e-007,0.00616147
8.1655e-007,0.00617175
8.166e-007,0.00615976
8.1665e-007,0.00613064
8.167e-007,0.00614777
8.1675e-007,0.00611865
8.168e-007,0.0060861
8.1685e-007,0.00612379
8.169e-007,0.00613235
8.1695e-007,0.00615976
8.17e-007,0.00618545
8.1705e-007,0.00622314
8.171e-007,0.00624369
8.1715e-007,0.00626767
8.172e-007,0.0062454
8.1725e-007,0.00620772
8.173e-007,0.00615291
8.1735e-007,0.00605698
8.174e-007,0.00594906
8.1745e-007,0.00583772
8.175e-007,0.00573666
8.1755e-007,0.00564245
8.176e-007,0.0055568
8.1765e-007,0.00551226
8.177e-007,0.00549685
8.1775e-007,0.00551055
8.178e-007,0.00552597
8.1785e-007,0.00559791
8.179e-007,0.00567157
8.1795e-007,0.00575721
8.18e-007,0.00583601
8.1805e-007,0.00588569
8.181e-007,0.00593707
8.1815e-007,0.00598161
8.182e-007,0.00598504
8.1825e-007,0.00598161
8.183e-007,0.00596962
8.1835e-007,0.00595934
8.184e-007,0.00596448
8.1845e-007,0.00597647
8.185e-007,0.00599018
8.1855e-007,0.00600388
8.186e-007,0.00604156
8.1865e-007,0.00606726
8.187e-007,0.00611008
8.1875e-007,0.00611008
8.188e-007,0.0061392
8.1885e-007,0.00615633
8.189e-007,0.00616147
8.1895e-007,0.00613235
8.19e-007,0.00613578
8.1905e-007,0.00612207
8.191e-007,0.00612036
8.1915e-007,0.00611179
8.192e-007,0.00612207
8.1925e-007,0.00610494
8.193e-007,0.00609638
8.1935e-007,0.00611865
8.194e-007,0.00609295
8.1945e-007,0.00604842
8.195e-007,0.00602615
8.1955e-007,0.00598846
8.196e-007,0.00596277
8.1965e-007,0.00591823
8.197e-007,0.00589082
8.1975e-007,0.00586684
8.198e-007,0.00586513
8.1985e-007,0.0058617
8.199e-007,0.00585314
8.1995e-007,0.0058874
8.2e-007,0.00591138
8.2005e-007,0.00593194
8.201e-007,0.00594221
8.2015e-007,0.00597133
8.202e-007,0.00593365
8.2025e-007,0.00589082
8.203e-007,0.0058617
8.2035e-007,0.00582402
8.204e-007,0.00577263
8.2045e-007,0.00575208
8.205e-007,0.00570583
8.2055e-007,0.00569041
8.206e-007,0.00565101
8.2065e-007,0.00561847
8.207e-007,0.0056356
8.2075e-007,0.00563046
8.208e-007,0.00564759
8.2085e-007,0.00569212
8.209e-007,0.00570925
8.2095e-007,0.0057812
8.21e-007,0.00582402
8.2105e-007,0.00589768
8.211e-007,0.00596962
8.2115e-007,0.00603985
8.212e-007,0.00611179
8.2125e-007,0.00615462
8.213e-007,0.00618716
8.2135e-007,0.00621457
8.214e-007,0.00620087
8.2145e-007,0.00619915
8.215e-007,0.0061392
8.2155e-007,0.00608953
8.216e-007,0.00598846
8.2165e-007,0.00589939
8.217e-007,0.00583087
8.2175e-007,0.0057555
8.218e-007,0.00567157
8.2185e-007,0.00560476
8.219e-007,0.00557736
8.2195e-007,0.00555851
8.22e-007,0.00554138
8.2205e-007,0.00555166
8.221e-007,0.00560476
8.2215e-007,0.00563902
8.222e-007,0.00568356
8.2225e-007,0.00577092
8.223e-007,0.00584457
8.2235e-007,0.00590624
8.224e-007,0.00593194
8.2245e-007,0.00597476
8.225e-007,0.00598846
8.2255e-007,0.00600217
8.226e-007,0.00602101
8.2265e-007,0.00601073
8.227e-007,0.00597476
8.2275e-007,0.00596962
8.228e-007,0.00594221
8.2285e-007,0.00591309
8.229e-007,0.00589254
8.2295e-007,0.00589082
8.23e-007,0.00589768
8.2305e-007,0.00589425
8.231e-007,0.00589596
8.2315e-007,0.00591652
8.232e-007,0.00593022
8.2325e-007,0.00591652
8.233e-007,0.00587198
8.2335e-007,0.00582745
8.234e-007,0.00577092
8.2345e-007,0.00573666
8.235e-007,0.0057024
8.2355e-007,0.00564759
8.236e-007,0.00565958
8.2365e-007,0.00568184
8.237e-007,0.00572809
8.2375e-007,0.00580004
8.238e-007,0.00590281
8.2385e-007,0.00599703
8.239e-007,0.00611179
8.2395e-007,0.00624369
8.24e-007,0.00634304
8.2405e-007,0.00644753
8.241e-007,0.00647837
8.2415e-007,0.00647323
8.242e-007,0.00643212
8.2425e-007,0.0063636
8.243e-007,0.00627281
8.2435e-007,0.00616318
8.244e-007,0.0060724
8.2445e-007,0.00600902
8.245e-007,0.00593194
8.2455e-007,0.00589768
8.246e-007,0.00589254
8.2465e-007,0.00590624
8.247e-007,0.00595763
8.2475e-007,0.00602786
8.248e-007,0.00608267
8.2485e-007,0.00612207
8.249e-007,0.00614605
8.2495e-007,0.00615462
8.25e-007,0.00614263
8.2505e-007,0.0060998
8.251e-007,0.00602443
8.2515e-007,0.00594221
8.252e-007,0.0058617
8.2525e-007,0.00579147
8.253e-007,0.00573495
8.2535e-007,0.00573495
8.254e-007,0.00573495
8.2545e-007,0.00573152
8.255e-007,0.00577777
8.2555e-007,0.00583944
8.256e-007,0.00589939
8.2565e-007,0.00597647
8.257e-007,0.00604499
8.2575e-007,0.00608267
8.258e-007,0.00610494
8.2585e-007,0.00609124
8.259e-007,0.00607582
8.2595e-007,0.00604156
8.26e-007,0.00601073
8.2605e-007,0.00596448
8.261e-007,0.00591138
8.2615e-007,0.00585314
8.262e-007,0.00582573
8.2625e-007,0.00578633
8.263e-007,0.0057812
8.2635e-007,0.00581374
8.264e-007,0.00585314
8.2645e-007,0.00592851
8.265e-007,0.00598675
8.2655e-007,0.00604328
8.266e-007,0.00611865
8.2665e-007,0.00617517
8.267e-007,0.00623513
8.2675e-007,0.00630536
8.268e-007,0.0063379
8.2685e-007,0.00632934
8.269e-007,0.00632763
8.2695e-007,0.00626082
8.27e-007,0.00618888
8.2705e-007,0.00611008
8.271e-007,0.00602272
8.2715e-007,0.0059268
8.272e-007,0.00581203
8.2725e-007,0.00571268
8.273e-007,0.0056236
8.2735e-007,0.00557222
8.274e-007,0.00554138
8.2745e-007,0.00551398
8.275e-007,0.00551226
8.2755e-007,0.00554652
8.276e-007,0.00559277
8.2765e-007,0.00563731
8.277e-007,0.00571439
8.2775e-007,0.00580518
8.278e-007,0.00588055
8.2785e-007,0.00595592
8.279e-007,0.00603129
8.2795e-007,0.00604499
8.28e-007,0.0060724
8.2805e-007,0.00611179
8.281e-007,0.00610152
8.2815e-007,0.00611351
8.282e-007,0.00612036
8.2825e-007,0.00613064
8.283e-007,0.00614263
8.2835e-007,0.00613406
8.284e-007,0.00613064
8.2845e-007,0.00612036
8.285e-007,0.00610494
8.2855e-007,0.00608439
8.286e-007,0.00606554
8.2865e-007,0.0060467
8.287e-007,0.00601758
8.2875e-007,0.00601073
8.288e-007,0.00596448
8.2885e-007,0.00595249
8.289e-007,0.00593879
8.2895e-007,0.00594906
8.29e-007,0.00595592
8.2905e-007,0.00598504
8.291e-007,0.00600045
8.2915e-007,0.00601587
8.292e-007,0.00603471
8.2925e-007,0.00604499
8.293e-007,0.0060467
8.2935e-007,0.00604842
8.294e-007,0.00606212
8.2945e-007,0.0060861
8.295e-007,0.00608267
8.2955e-007,0.00611865
8.296e-007,0.00616832
8.2965e-007,0.00618374
8.297e-007,0.00620943
8.2975e-007,0.00624198
8.298e-007,0.00627281
8.2985e-007,0.00628652
8.299e-007,0.00627966
8.2995e-007,0.00625568
8.3e-007,0.00622485
8.3005e-007,0.00615633
8.301e-007,0.0060861
8.3015e-007,0.00603642
8.302e-007,0.00598161
8.3025e-007,0.00589596
8.303e-007,0.00584286
8.3035e-007,0.00581717
8.304e-007,0.00581888
8.3045e-007,0.00579147
8.305e-007,0.00580175
8.3055e-007,0.00583087
8.306e-007,0.00585314
8.3065e-007,0.00589768
8.307e-007,0.00590453
8.3075e-007,0.00595249
8.308e-007,0.00597476
8.3085e-007,0.00599874
8.309e-007,0.00598675
8.3095e-007,0.00597476
8.31e-007,0.00596619
8.3105e-007,0.00592851
8.311e-007,0.00589939
8.3115e-007,0.00588911
8.312e-007,0.00586342
8.3125e-007,0.00587027
8.313e-007,0.00590624
8.3135e-007,0.0059268
8.314e-007,0.00596619
8.3145e-007,0.00602272
8.315e-007,0.00606212
8.3155e-007,0.00610666
8.316e-007,0.00612207
8.3165e-007,0.00614091
8.317e-007,0.00617517
8.3175e-007,0.00618031
8.318e-007,0.00618545
8.3185e-007,0.00619915
8.319e-007,0.00615462
8.3195e-007,0.00613749
8.32e-007,0.00611179
8.3205e-007,0.00609638
8.321e-007,0.00604499
8.3215e-007,0.00599703
8.322e-007,0.00595934
8.3225e-007,0.0059268
8.323e-007,0.00587027
8.3235e-007,0.00585314
8.324e-007,0.00585485
8.3245e-007,0.00585314
8.325e-007,0.00591309
8.3255e-007,0.00596106
8.326e-007,0.00601244
8.3265e-007,0.00608096
8.327e-007,0.00614777
8.3275e-007,0.00614948
8.328e-007,0.00615291
8.3285e-007,0.00613235
8.329e-007,0.00610666
8.3295e-007,0.00603471
8.33e-007,0.00593365
8.3305e-007,0.00584629
8.331e-007,0.0057418
8.3315e-007,0.00566643
8.332e-007,0.00558763
8.3325e-007,0.00554995
8.333e-007,0.00555851
8.3335e-007,0.00559277
8.334e-007,0.00560134
8.3345e-007,0.00564587
8.335e-007,0.00568698
8.3355e-007,0.00575208
8.336e-007,0.00579833
8.3365e-007,0.00585657
8.337e-007,0.00590795
8.3375e-007,0.00595934
8.338e-007,0.0060193
8.3385e-007,0.00606726
8.339e-007,0.00607411
8.3395e-007,0.00611179
8.34e-007,0.00615291
8.3405e-007,0.00618716
8.341e-007,0.00619915
8.3415e-007,0.00622142
8.342e-007,0.00620772
8.3425e-007,0.00620772
8.343e-007,0.00620772
8.3435e-007,0.00619915
8.344e-007,0.00615462
8.3445e-007,0.00612036
8.345e-007,0.00610323
8.3455e-007,0.00609466
8.346e-007,0.0060467
8.3465e-007,0.00606554
8.347e-007,0.0060467
8.3475e-007,0.00603814
8.348e-007,0.00604499
8.3485e-007,0.00606212
8.349e-007,0.00607068
8.3495e-007,0.00606554
8.35e-007,0.00605698
8.3505e-007,0.0060193
8.351e-007,0.00596277
8.3515e-007,0.00590281
8.352e-007,0.00581888
8.3525e-007,0.00573837
8.353e-007,0.00564587
8.3535e-007,0.00555851
8.354e-007,0.00550027
8.3545e-007,0.00547972
8.355e-007,0.00549171
8.3555e-007,0.00552768
8.356e-007,0.00557222
8.3565e-007,0.00565272
8.357e-007,0.00576064
8.3575e-007,0.00585999
8.358e-007,0.00591994
8.3585e-007,0.00603129
8.359e-007,0.00606383
8.3595e-007,0.00610323
8.36e-007,0.0060998
8.3605e-007,0.00607582
8.361e-007,0.00605698
8.3615e-007,0.00601587
8.362e-007,0.00596277
8.3625e-007,0.00591994
8.363e-007,0.00589596
8.3635e-007,0.00588055
8.364e-007,0.00585314
8.3645e-007,0.00586342
8.365e-007,0.00585143
8.3655e-007,0.00583258
8.366e-007,0.00581888
8.3665e-007,0.00579319
8.367e-007,0.00576235
8.3675e-007,0.00575379
8.368e-007,0.00571782
8.3685e-007,0.00569555
8.369e-007,0.00567671
8.3695e-007,0.00570069
8.37e-007,0.00567671
8.3705e-007,0.00567671
8.371e-007,0.00570925
8.3715e-007,0.0057161
8.372e-007,0.00570754
8.3725e-007,0.00571953
8.373e-007,0.00571096
8.3735e-007,0.00569897
8.374e-007,0.00567157
8.3745e-007,0.00564416
8.375e-007,0.00559962
8.3755e-007,0.0055962
8.376e-007,0.00558421
8.3765e-007,0.00559791
8.377e-007,0.00565786
8.3775e-007,0.00569555
8.378e-007,0.00577092
8.3785e-007,0.00581032
8.379e-007,0.00589596
8.3795e-007,0.00596448
8.38e-007,0.00601758
8.3805e-007,0.00604842
8.381e-007,0.00610666
8.3815e-007,0.00607754
8.382e-007,0.00607411
8.3825e-007,0.00602443
8.383e-007,0.00596448
8.3835e-007,0.00593879
8.384e-007,0.0058617
8.3845e-007,0.00583258
8.385e-007,0.00580004
8.3855e-007,0.0057812
8.386e-007,0.00575036
8.3865e-007,0.00575893
8.387e-007,0.00576749
8.3875e-007,0.00576407
8.388e-007,0.00577263
8.3885e-007,0.00580346
8.389e-007,0.00580175
8.3895e-007,0.00582745
8.39e-007,0.00586856
8.3905e-007,0.00588055
8.391e-007,0.0059011
8.3915e-007,0.00590795
8.392e-007,0.00594393
8.3925e-007,0.00596791
8.393e-007,0.00598504
8.3935e-007,0.00600388
8.394e-007,0.00599874
8.3945e-007,0.00599531
8.395e-007,0.00598332
8.3955e-007,0.00596448
8.396e-007,0.00596791
8.3965e-007,0.00595592
8.397e-007,0.00594393
8.3975e-007,0.00593365
8.398e-007,0.00594393
8.3985e-007,0.0059799
8.399e-007,0.00601244
8.3995e-007,0.00609295
8.4e-007,0.00612379
8.4005e-007,0.00616661
8.401e-007,0.00620601
8.4015e-007,0.00621286
8.402e-007,0.00620943
8.4025e-007,0.00617175
8.403e-007,0.00612207
8.4035e-007,0.00605013
8.404e-007,0.00596619
8.4045e-007,0.00590281
8.405e-007,0.00583087
8.4055e-007,0.00578291
8.406e-007,0.00575721
8.4065e-007,0.0057555
8.407e-007,0.00575721
8.4075e-007,0.00580004
8.408e-007,0.00583601
8.4085e-007,0.00590453
8.409e-007,0.00594564
8.4095e-007,0.00598161
8.41e-007,0.00602101
8.4105e-007,0.006033
8.411e-007,0.00604328
8.4115e-007,0.00603814
8.412e-007,0.00601416
8.4125e-007,0.00598332
8.413e-007,0.00598332
8.4135e-007,0.00594564
8.414e-007,0.00591138
8.4145e-007,0.00590281
8.415e-007,0.00590967
8.4155e-007,0.00593879
8.416e-007,0.00594564
8.4165e-007,0.00596448
8.417e-007,0.00596277
8.4175e-007,0.00597133
8.418e-007,0.00595592
8.4185e-007,0.00593194
8.419e-007,0.00589768
8.4195e-007,0.00586856
8.42e-007,0.00586684
8.4205e-007,0.00582745
8.421e-007,0.00581203
8.4215e-007,0.00581374
8.422e-007,0.00581374
8.4225e-007,0.00583772
8.423e-007,0.00586513
8.4235e-007,0.00590795
8.424e-007,0.00590281
8.4245e-007,0.00592166
8.425e-007,0.0059011
8.4255e-007,0.00589596
8.426e-007,0.00587027
8.4265e-007,0.00581032
8.427e-007,0.00577606
8.4275e-007,0.00574694
8.428e-007,0.00571268
8.4285e-007,0.00569041
8.429e-007,0.00570583
8.4295e-007,0.00572467
8.43e-007,0.00571782
8.4305e-007,0.00573323
8.431e-007,0.00576064
8.4315e-007,0.00577777
8.432e-007,0.00577434
8.4325e-007,0.00575208
8.433e-007,0.00574522
8.4335e-007,0.00572981
8.434e-007,0.00571268
8.4345e-007,0.00568527
8.435e-007,0.00565958
8.4355e-007,0.0056493
8.436e-007,0.00566643
8.4365e-007,0.00564587
8.437e-007,0.00567499
8.4375e-007,0.00565272
8.438e-007,0.00566129
8.4385e-007,0.00564587
8.439e-007,0.00565958
8.4395e-007,0.00567842
8.44e-007,0.00567842
8.4405e-007,0.00569212
8.441e-007,0.00570583
8.4415e-007,0.00572124
8.442e-007,0.00571782
8.4425e-007,0.0057418
8.443e-007,0.0057418
8.4435e-007,0.00575893
8.444e-007,0.00575036
8.4445e-007,0.00575379
8.445e-007,0.00572981
8.4455e-007,0.00569897
8.446e-007,0.00567671
8.4465e-007,0.00565958
8.447e-007,0.00564073
8.4475e-007,0.00565615
8.448e-007,0.00569212
8.4485e-007,0.0057161
8.449e-007,0.00577948
8.4495e-007,0.00582573
8.45e-007,0.00590624
8.4505e-007,0.00595763
8.451e-007,0.00598504
8.4515e-007,0.00599018
8.452e-007,0.0059799
8.4525e-007,0.00595592
8.453e-007,0.00590967
8.4535e-007,0.00587369
8.454e-007,0.00580689
8.4545e-007,0.00576578
8.455e-007,0.00570754
8.4555e-007,0.005663
8.456e-007,0.00565272
8.4565e-007,0.00561161
8.457e-007,0.00558421
8.4575e-007,0.00556365
8.458e-007,0.00553282
8.4585e-007,0.00551226
8.459e-007,0.00550541
8.4595e-007,0.00550027
8.46e-007,0.00548486
8.4605e-007,0.00547972
8.461e-007,0.00549171
8.4615e-007,0.00549171
8.462e-007,0.00552254
8.4625e-007,0.00555509
8.463e-007,0.00559277
8.4635e-007,0.0056493
8.464e-007,0.00568013
8.4645e-007,0.00572296
8.465e-007,0.00576578
8.4655e-007,0.00577606
8.466e-007,0.00579147
8.4665e-007,0.00577092
8.467e-007,0.0057418
8.4675e-007,0.00572638
8.468e-007,0.00569897
8.4685e-007,0.00570583
8.469e-007,0.00571782
8.4695e-007,0.00571439
8.47e-007,0.00571439
8.4705e-007,0.00578462
8.471e-007,0.00582402
8.4715e-007,0.00589425
8.472e-007,0.0059542
8.4725e-007,0.00601244
8.473e-007,0.0060861
8.4735e-007,0.0061255
8.474e-007,0.00614434
8.4745e-007,0.00613749
8.475e-007,0.00611865
8.4755e-007,0.00606383
8.476e-007,0.00604328
8.4765e-007,0.00603642
8.477e-007,0.00599531
8.4775e-007,0.00600388
8.478e-007,0.00603814
8.4785e-007,0.00607582
8.479e-007,0.00610666
8.4795e-007,0.00615633
8.48e-007,0.00621457
8.4805e-007,0.0062711
8.481e-007,0.0063105
8.4815e-007,0.00636702
8.482e-007,0.00636531
8.4825e-007,0.00638073
8.483e-007,0.00636017
8.4835e-007,0.00631735
8.484e-007,0.00625911
8.4845e-007,0.00620772
8.485e-007,0.00612721
8.4855e-007,0.00606554
8.486e-007,0.00599874
8.4865e-007,0.00596619
8.487e-007,0.00588055
8.4875e-007,0.00583601
8.488e-007,0.00577777
8.4885e-007,0.00573837
8.489e-007,0.0057161
8.4895e-007,0.00569041
8.49e-007,0.00566814
8.4905e-007,0.00569212
8.491e-007,0.00568356
8.4915e-007,0.00571439
8.492e-007,0.00570411
8.4925e-007,0.0057024
8.493e-007,0.00572296
8.4935e-007,0.00574008
8.494e-007,0.00573837
8.4945e-007,0.00577092
8.495e-007,0.00578462
8.4955e-007,0.00576749
8.496e-007,0.00574522
8.4965e-007,0.00573837
8.497e-007,0.0057024
8.4975e-007,0.00567157
8.498e-007,0.00562703
8.4985e-007,0.00557907
8.499e-007,0.00554823
8.4995e-007,0.00548143
8.5e-007,0.00542662
8.5005e-007,0.00537865
8.501e-007,0.0053718
8.5015e-007,0.0053718
8.502e-007,0.00539407
8.5025e-007,0.00543518
8.503e-007,0.00547458
8.5035e-007,0.00557736
8.504e-007,0.00565272
8.5045e-007,0.00576578
8.505e-007,0.00587883
8.5055e-007,0.00595763
8.506e-007,0.00601073
8.5065e-007,0.00610666
8.507e-007,0.00618716
8.5075e-007,0.00620601
8.508e-007,0.00619402
8.5085e-007,0.00617175
8.509e-007,0.00613578
8.5095e-007,0.00607754
8.51e-007,0.00600559
8.5105e-007,0.00590453
8.511e-007,0.00580004
8.5115e-007,0.00569726
8.512e-007,0.00561504
8.5125e-007,0.00552768
8.513e-007,0.0054643
8.5135e-007,0.00541976
8.514e-007,0.00535296
8.5145e-007,0.00534611
8.515e-007,0.00534953
8.5155e-007,0.00535638
8.516e-007,0.00540949
8.5165e-007,0.00544717
8.517e-007,0.00551226
8.5175e-007,0.00557564
8.518e-007,0.00570069
8.5185e-007,0.00578633
8.519e-007,0.00587883
8.5195e-007,0.00595763
8.52e-007,0.0060467
8.5205e-007,0.00608267
8.521e-007,0.00611522
8.5215e-007,0.00613406
8.522e-007,0.0060998
8.5225e-007,0.00606554
8.523e-007,0.00599531
8.5235e-007,0.00593365
8.524e-007,0.00585485
8.5245e-007,0.00580175
8.525e-007,0.00574351
8.5255e-007,0.00573495
8.526e-007,0.00573323
8.5265e-007,0.00579661
8.527e-007,0.00583087
8.5275e-007,0.00593707
8.528e-007,0.00600217
8.5285e-007,0.00606726
8.529e-007,0.00610323
8.5295e-007,0.00614434
8.53e-007,0.0061392
8.5305e-007,0.0060998
8.531e-007,0.00606554
8.5315e-007,0.00599018
8.532e-007,0.00591138
8.5325e-007,0.00583601
8.533e-007,0.00579661
8.5335e-007,0.00577434
8.534e-007,0.00577777
8.5345e-007,0.0057812
8.535e-007,0.00583601
8.5355e-007,0.00591309
8.536e-007,0.00594906
8.5365e-007,0.0060073
8.537e-007,0.00602272
8.5375e-007,0.0060467
8.538e-007,0.00601416
8.5385e-007,0.00598161
8.539e-007,0.0059268
8.5395e-007,0.00588055
8.54e-007,0.00586684
8.5405e-007,0.00580175
8.541e-007,0.0057812
8.5415e-007,0.00577263
8.542e-007,0.00578462
8.5425e-007,0.0057949
8.543e-007,0.00581888
8.5435e-007,0.00584971
8.544e-007,0.0058617
8.5445e-007,0.00588055
8.545e-007,0.00589254
8.5455e-007,0.00588397
8.546e-007,0.00586856
8.5465e-007,0.00585143
8.547e-007,0.00585485
8.5475e-007,0.00584115
8.548e-007,0.00585314
8.5485e-007,0.00586684
8.549e-007,0.00588397
8.5495e-007,0.00590453
8.55e-007,0.00595078
8.5505e-007,0.00596106
8.551e-007,0.00601244
8.5515e-007,0.00603642
8.552e-007,0.0060724
8.5525e-007,0.00611008
8.553e-007,0.00611865
8.5535e-007,0.00615633
8.554e-007,0.00615291
8.5545e-007,0.00616147
8.555e-007,0.00615976
8.5555e-007,0.00615976
8.556e-007,0.00611693
8.5565e-007,0.0060724
8.557e-007,0.00599018
8.5575e-007,0.00593022
8.558e-007,0.00585314
8.5585e-007,0.00578291
8.559e-007,0.00575893
8.5595e-007,0.00571953
8.56e-007,0.00572981
8.5605e-007,0.00576921
8.561e-007,0.00583087
8.5615e-007,0.00594393
8.562e-007,0.00600902
8.5625e-007,0.00613749
8.563e-007,0.00622485
8.5635e-007,0.00627452
8.564e-007,0.00630536
8.5645e-007,0.00628309
8.565e-007,0.00623341
8.5655e-007,0.0061649
8.566e-007,0.00603471
8.5665e-007,0.00594906
8.567e-007,0.00585657
8.5675e-007,0.00578976
8.568e-007,0.00578805
8.5685e-007,0.00581032
8.569e-007,0.00582573
8.5695e-007,0.00589596
8.57e-007,0.00597476
8.5705e-007,0.00605184
8.571e-007,0.00613749
8.5715e-007,0.00616832
8.572e-007,0.00619744
8.5725e-007,0.00618545
8.573e-007,0.00612721
8.5735e-007,0.00606041
8.574e-007,0.00599018
8.5745e-007,0.0059011
8.575e-007,0.00581203
8.5755e-007,0.0057555
8.576e-007,0.00569212
8.5765e-007,0.00566643
8.577e-007,0.00563388
8.5775e-007,0.00565272
8.578e-007,0.00566985
8.5785e-007,0.0056887
8.579e-007,0.00569384
8.5795e-007,0.00570583
8.58e-007,0.00570583
8.5805e-007,0.0057024
8.581e-007,0.00569555
8.5815e-007,0.0056887
8.582e-007,0.00566472
8.5825e-007,0.00564073
8.583e-007,0.00564759
8.5835e-007,0.0056099
8.584e-007,0.00559277
8.5845e-007,0.00559962
8.585e-007,0.00560134
8.5855e-007,0.00559962
8.586e-007,0.00562874
8.5865e-007,0.00563388
8.587e-007,0.00565101
8.5875e-007,0.00565444
8.588e-007,0.00565101
8.5885e-007,0.00565444
8.589e-007,0.00566985
8.5895e-007,0.00565444
8.59e-007,0.00562189
8.5905e-007,0.00562874
8.591e-007,0.00567328
8.5915e-007,0.00570411
8.592e-007,0.00571953
8.5925e-007,0.00577606
8.593e-007,0.00582231
8.5935e-007,0.00587883
8.594e-007,0.00589254
8.5945e-007,0.00592166
8.595e-007,0.0059268
8.5955e-007,0.00589082
8.596e-007,0.00586684
8.5965e-007,0.0058086
8.597e-007,0.00575208
8.5975e-007,0.00571096
8.598e-007,0.00566985
8.5985e-007,0.00562018
8.599e-007,0.00558763
8.5995e-007,0.00556708
8.6e-007,0.00558763
8.6005e-007,0.00560134
8.601e-007,0.00563388
8.6015e-007,0.005663
8.602e-007,0.00569726
8.6025e-007,0.0057161
8.603e-007,0.00573837
8.6035e-007,0.00573495
8.604e-007,0.00574008
8.6045e-007,0.00573837
8.605e-007,0.0057418
8.6055e-007,0.00577092
8.606e-007,0.00579661
8.6065e-007,0.00584629
8.607e-007,0.00588055
8.6075e-007,0.00593879
8.608e-007,0.00599531
8.6085e-007,0.0060193
8.609e-007,0.00603129
8.6095e-007,0.0060193
8.61e-007,0.00599189
8.6105e-007,0.00595763
8.611e-007,0.00589082
8.6115e-007,0.0057949
8.612e-007,0.00569726
8.6125e-007,0.00563217
8.613e-007,0.00556708
8.6135e-007,0.00553453
8.614e-007,0.0055037
8.6145e-007,0.00553967
8.615e-007,0.00555851
8.6155e-007,0.00562018
8.616e-007,0.00570411
8.6165e-007,0.00578805
8.617e-007,0.00588569
8.6175e-007,0.00594906
8.618e-007,0.00600559
8.6185e-007,0.00603985
8.619e-007,0.00602786
8.6195e-007,0.00600045
8.62e-007,0.0059542
8.6205e-007,0.00590624
8.621e-007,0.00584457
8.6215e-007,0.00580689
8.622e-007,0.00575036
8.6225e-007,0.00573152
8.623e-007,0.00569384
8.6235e-007,0.005663
8.624e-007,0.00564245
8.6245e-007,0.00564416
8.625e-007,0.005663
8.6255e-007,0.00565958
8.626e-007,0.00565958
8.6265e-007,0.00566129
8.627e-007,0.00565786
8.6275e-007,0.00564587
8.628e-007,0.00562189
8.6285e-007,0.0056099
8.629e-007,0.00560134
8.6295e-007,0.00559106
8.63e-007,0.00562018
8.6305e-007,0.00564245
8.631e-007,0.00569726
8.6315e-007,0.00574522
8.632e-007,0.00578291
8.6325e-007,0.00585999
8.633e-007,0.00587883
8.6335e-007,0.00591481
8.634e-007,0.00596277
8.6345e-007,0.00598675
8.635e-007,0.00596619
8.6355e-007,0.00597133
8.636e-007,0.0059542
8.6365e-007,0.0059268
8.637e-007,0.00590624
8.6375e-007,0.00585828
8.638e-007,0.00581545
8.6385e-007,0.00578805
8.639e-007,0.00576921
8.6395e-007,0.00577606
8.64e-007,0.00576749
8.6405e-007,0.00579147
8.641e-007,0.00581545
8.6415e-007,0.00585999
8.642e-007,0.00589425
8.6425e-007,0.00594735
8.643e-007,0.00599531
8.6435e-007,0.00604328
8.644e-007,0.00609466
8.6445e-007,0.0061255
8.645e-007,0.00615291
8.6455e-007,0.0061786
8.646e-007,0.00616661
8.6465e-007,0.00614091
8.647e-007,0.00610323
8.6475e-007,0.00603985
8.648e-007,0.00597818
8.6485e-007,0.00593194
8.649e-007,0.00585485
8.6495e-007,0.00581374
8.65e-007,0.00574522
8.6505e-007,0.0057161
8.651e-007,0.00567842
8.6515e-007,0.0056493
8.652e-007,0.00567671
8.6525e-007,0.0057024
8.653e-007,0.00572809
8.6535e-007,0.00578291
8.654e-007,0.00584971
8.6545e-007,0.00591481
8.655e-007,0.00596277
8.6555e-007,0.00596962
8.656e-007,0.00596791
8.6565e-007,0.00591309
8.657e-007,0.00582745
8.6575e-007,0.00574865
8.658e-007,0.00561675
8.6585e-007,0.00550027
8.659e-007,0.00538037
8.6595e-007,0.00529643
8.66e-007,0.00523305
8.6605e-007,0.00519879
8.661e-007,0.00520565
8.6615e-007,0.0052519
8.662e-007,0.00534439
8.6625e-007,0.00543518
8.663e-007,0.0055705
8.6635e-007,0.00567842
8.664e-007,0.00577606
8.6645e-007,0.00585143
8.665e-007,0.00590453
8.6655e-007,0.00595249
8.666e-007,0.00596277
8.6665e-007,0.00594564
8.667e-007,0.00591309
8.6675e-007,0.00590453
8.668e-007,0.00589768
8.6685e-007,0.00587883
8.669e-007,0.00587712
8.6695e-007,0.00589082
8.67e-007,0.00588911
8.6705e-007,0.00587712
8.671e-007,0.00582231
8.6715e-007,0.00580175
8.672e-007,0.00571953
8.6725e-007,0.00566985
8.673e-007,0.00557393
8.6735e-007,0.0055431
8.674e-007,0.00548143
8.6745e-007,0.00547629
8.675e-007,0.00546944
8.6755e-007,0.00553282
8.676e-007,0.00559448
8.6765e-007,0.00567499
8.677e-007,0.00576749
8.6775e-007,0.00586684
8.678e-007,0.00597818
8.6785e-007,0.00605527
8.679e-007,0.00609295
8.6795e-007,0.00612892
8.68e-007,0.00609124
8.6805e-007,0.00602443
8.681e-007,0.0059542
8.6815e-007,0.0058874
8.682e-007,0.00580346
8.6825e-007,0.00574351
8.683e-007,0.00570411
8.6835e-007,0.0056887
8.684e-007,0.00569384
8.6845e-007,0.0057161
8.685e-007,0.00574351
8.6855e-007,0.00578633
8.686e-007,0.00583944
8.6865e-007,0.00586856
8.687e-007,0.00591138
8.6875e-007,0.00593707
8.688e-007,0.0059405
8.6885e-007,0.00593194
8.689e-007,0.00591652
8.6895e-007,0.00588911
8.69e-007,0.00587883
8.6905e-007,0.00589082
8.691e-007,0.00587712
8.6915e-007,0.00588397
8.692e-007,0.00590624
8.6925e-007,0.0059405
8.693e-007,0.00596962
8.6935e-007,0.00599874
8.694e-007,0.0060193
8.6945e-007,0.00605013
8.695e-007,0.00607582
8.6955e-007,0.00608096
8.696e-007,0.0060861
8.6965e-007,0.00607925
8.697e-007,0.00605013
8.6975e-007,0.00603814
8.698e-007,0.00600045
8.6985e-007,0.00595934
8.699e-007,0.00590281
8.6995e-007,0.00585314
8.7e-007,0.00578291
8.7005e-007,0.00570925
8.701e-007,0.00565786
8.7015e-007,0.00558078
8.702e-007,0.00551911
8.7025e-007,0.00549171
8.703e-007,0.00547629
8.7035e-007,0.00546087
8.704e-007,0.00544375
8.7045e-007,0.00546773
8.705e-007,0.00547972
8.7055e-007,0.00551398
8.706e-007,0.00551911
8.7065e-007,0.00557222
8.707e-007,0.00558935
8.7075e-007,0.00558421
8.708e-007,0.00558421
8.7085e-007,0.00558935
8.709e-007,0.00555851
8.7095e-007,0.00554995
8.71e-007,0.00548314
8.7105e-007,0.00545745
8.711e-007,0.00542833
8.7115e-007,0.00540092
8.712e-007,0.00539921
8.7125e-007,0.0053975
8.713e-007,0.00542319
8.7135e-007,0.00548657
8.714e-007,0.00559277
8.7145e-007,0.00569726
8.715e-007,0.00578462
8.7155e-007,0.00592166
8.716e-007,0.00601587
8.7165e-007,0.00610323
8.717e-007,0.00615462
8.7175e-007,0.00618031
8.718e-007,0.00617346
8.7185e-007,0.00614091
8.719e-007,0.00607068
8.7195e-007,0.00599703
8.72e-007,0.00591309
8.7205e-007,0.00583087
8.721e-007,0.00576578
8.7215e-007,0.00570583
8.722e-007,0.00565615
8.7225e-007,0.00565958
8.723e-007,0.00566472
8.7235e-007,0.00568356
8.724e-007,0.00569555
8.7245e-007,0.00572638
8.725e-007,0.00575379
8.7255e-007,0.0057812
8.726e-007,0.00578805
8.7265e-007,0.00580689
8.727e-007,0.00580346
8.7275e-007,0.00579147
8.728e-007,0.0057949
8.7285e-007,0.00582402
8.729e-007,0.00586684
8.7295e-007,0.00589768
8.73e-007,0.00596106
8.7305e-007,0.00602101
8.731e-007,0.00608096
8.7315e-007,0.00615633
8.732e-007,0.00620943
8.7325e-007,0.00626425
8.733e-007,0.00629851
8.7335e-007,0.00629508
8.734e-007,0.00628994
8.7345e-007,0.00623341
8.735e-007,0.00617003
8.7355e-007,0.00610494
8.736e-007,0.00601073
8.7365e-007,0.00593707
8.737e-007,0.00588911
8.7375e-007,0.00584971
8.738e-007,0.0058343
8.7385e-007,0.00587369
8.739e-007,0.00591652
8.7395e-007,0.00599018
8.74e-007,0.00605527
8.7405e-007,0.00612036
8.741e-007,0.00618203
8.7415e-007,0.00622827
8.742e-007,0.00626082
8.7425e-007,0.00625911
8.743e-007,0.00623513
8.7435e-007,0.00619059
8.744e-007,0.0061649
8.7445e-007,0.00616147
8.745e-007,0.00612892
8.7455e-007,0.00609124
8.746e-007,0.00608267
8.7465e-007,0.00609295
8.747e-007,0.0060998
8.7475e-007,0.00612207
8.748e-007,0.00611179
8.7485e-007,0.00611693
8.749e-007,0.00607925
8.7495e-007,0.00602443
8.75e-007,0.00594735
8.7505e-007,0.00588226
8.751e-007,0.00578633
8.7515e-007,0.00568013
8.752e-007,0.00561504
8.7525e-007,0.00556194
8.753e-007,0.00549342
8.7535e-007,0.00549342
8.754e-007,0.00549513
8.7545e-007,0.00550199
8.755e-007,0.00552425
8.7555e-007,0.00556536
8.756e-007,0.00560819
8.7565e-007,0.00564245
8.757e-007,0.00568698
8.7575e-007,0.00571439
8.758e-007,0.00574008
8.7585e-007,0.00574694
8.759e-007,0.00573323
8.7595e-007,0.00572981
8.76e-007,0.00571953
8.7605e-007,0.00573666
8.761e-007,0.00570583
8.7615e-007,0.00570411
8.762e-007,0.00571096
8.7625e-007,0.00575721
8.763e-007,0.00579833
8.7635e-007,0.00585657
8.764e-007,0.00595763
8.7645e-007,0.00602101
8.765e-007,0.00605698
8.7655e-007,0.0060998
8.766e-007,0.00611865
8.7665e-007,0.00611008
8.767e-007,0.00607754
8.7675e-007,0.00603471
8.768e-007,0.00596962
8.7685e-007,0.00590967
8.769e-007,0.00583087
8.7695e-007,0.00578805
8.77e-007,0.00571268
8.7705e-007,0.00568184
8.771e-007,0.005663
8.7715e-007,0.00569041
8.772e-007,0.00568184
8.7725e-007,0.00570411
8.773e-007,0.00572296
8.7735e-007,0.00572638
8.774e-007,0.00572809
8.7745e-007,0.00571782
8.775e-007,0.00572467
8.7755e-007,0.00572981
8.776e-007,0.00569726
8.7765e-007,0.00572467
8.777e-007,0.00573666
8.7775e-007,0.00576064
8.778e-007,0.00580004
8.7785e-007,0.00582402
8.779e-007,0.00584457
8.7795e-007,0.00586342
8.78e-007,0.00589768
8.7805e-007,0.00592851
8.781e-007,0.00592508
8.7815e-007,0.0059011
8.782e-007,0.00588911
8.7825e-007,0.00588226
8.783e-007,0.00586513
8.7835e-007,0.00585657
8.784e-007,0.00587883
8.7845e-007,0.00589768
8.785e-007,0.0059405
8.7855e-007,0.00598504
8.786e-007,0.00604156
8.7865e-007,0.00612721
8.787e-007,0.00617517
8.7875e-007,0.00623341
8.788e-007,0.00626596
8.7885e-007,0.00628138
8.789e-007,0.00628823
8.7895e-007,0.00627452
8.79e-007,0.00625911
8.7905e-007,0.00619744
8.791e-007,0.0061392
8.7915e-007,0.00606726
8.792e-007,0.00599531
8.7925e-007,0.00593707
8.793e-007,0.00585485
8.7935e-007,0.00577777
8.794e-007,0.00570583
8.7945e-007,0.0056493
8.795e-007,0.00561161
8.7955e-007,0.00559962
8.796e-007,0.00556365
8.7965e-007,0.00555509
8.797e-007,0.00553282
8.7975e-007,0.0055431
8.798e-007,0.0055568
8.7985e-007,0.00554823
8.799e-007,0.0055431
8.7995e-007,0.00556708
8.8e-007,0.00556879
8.8005e-007,0.00557564
8.801e-007,0.00557393
8.8015e-007,0.00556194
8.802e-007,0.00556879
8.8025e-007,0.00554823
8.803e-007,0.00556194
8.8035e-007,0.00559106
8.804e-007,0.00560819
8.8045e-007,0.00565272
8.805e-007,0.00568356
8.8055e-007,0.00572296
8.806e-007,0.00575893
8.8065e-007,0.00578462
8.807e-007,0.00578805
8.8075e-007,0.00579147
8.808e-007,0.00578291
8.8085e-007,0.0057812
8.809e-007,0.00577263
8.8095e-007,0.00576064
8.81e-007,0.00572467
8.8105e-007,0.00572296
8.811e-007,0.00571096
8.8115e-007,0.00571953
8.812e-007,0.00570411
8.8125e-007,0.00571268
8.813e-007,0.00575036
8.8135e-007,0.00574008
8.814e-007,0.00574522
8.8145e-007,0.00574865
8.815e-007,0.00574351
8.8155e-007,0.00573837
8.816e-007,0.0057161
8.8165e-007,0.00572467
8.817e-007,0.00573152
8.8175e-007,0.00573495
8.818e-007,0.00576064
8.8185e-007,0.00574694
8.819e-007,0.00576235
8.8195e-007,0.00577263
8.82e-007,0.00576749
8.8205e-007,0.00578633
8.821e-007,0.00577777
8.8215e-007,0.00577263
8.822e-007,0.00578976
8.8225e-007,0.00581717
8.823e-007,0.00583258
8.8235e-007,0.00584286
8.824e-007,0.00586513
8.8245e-007,0.00589939
8.825e-007,0.00592166
8.8255e-007,0.00594906
8.826e-007,0.00596277
8.8265e-007,0.00598332
8.827e-007,0.00596962
8.8275e-007,0.00596791
8.828e-007,0.00597476
8.8285e-007,0.00597305
8.829e-007,0.00596962
8.8295e-007,0.00594221
8.83e-007,0.00591481
8.8305e-007,0.00585999
8.831e-007,0.00578976
8.8315e-007,0.00572809
8.832e-007,0.00566985
8.8325e-007,0.00559962
8.833e-007,0.0055568
8.8335e-007,0.00553111
8.834e-007,0.00554138
8.8345e-007,0.00553967
8.835e-007,0.00555509
8.8355e-007,0.0056099
8.836e-007,0.0057024
8.8365e-007,0.00576407
8.837e-007,0.00584971
8.8375e-007,0.00591309
8.838e-007,0.00600559
8.8385e-007,0.00606212
8.839e-007,0.00606726
8.8395e-007,0.00606554
8.84e-007,0.0060193
8.8405e-007,0.00598846
8.841e-007,0.00592851
8.8415e-007,0.00584629
8.842e-007,0.00579147
8.8425e-007,0.00570411
8.843e-007,0.00562874
8.8435e-007,0.00562532
8.844e-007,0.00557393
8.8445e-007,0.00556023
8.845e-007,0.00554995
8.8455e-007,0.00558078
8.846e-007,0.0056236
8.8465e-007,0.00569212
8.847e-007,0.00576407
8.8475e-007,0.00583601
8.848e-007,0.0059011
8.8485e-007,0.00598504
8.849e-007,0.00603471
8.8495e-007,0.00607925
8.85e-007,0.00611865
8.8505e-007,0.00613064
8.851e-007,0.00612892
8.8515e-007,0.00613578
8.852e-007,0.00608439
8.8525e-007,0.00605013
8.853e-007,0.00604499
8.8535e-007,0.0059936
8.854e-007,0.00595592
8.8545e-007,0.00591481
8.855e-007,0.00589768
8.8555e-007,0.00589082
8.856e-007,0.00586342
8.8565e-007,0.00586684
8.857e-007,0.00587369
8.8575e-007,0.00587712
8.858e-007,0.00585657
8.8585e-007,0.00585657
8.859e-007,0.00584115
8.8595e-007,0.0058343
8.86e-007,0.00581545
8.8605e-007,0.00577948
8.861e-007,0.00574694
8.8615e-007,0.00569212
8.862e-007,0.00564759
8.8625e-007,0.00563902
8.863e-007,0.00562189
8.8635e-007,0.00564759
8.864e-007,0.0056887
8.8645e-007,0.0057418
8.865e-007,0.00579661
8.8655e-007,0.00586856
8.866e-007,0.00594906
8.8665e-007,0.00597476
8.867e-007,0.00601244
8.8675e-007,0.00600217
8.868e-007,0.00594906
8.8685e-007,0.00589425
8.869e-007,0.00580346
8.8695e-007,0.00569726
8.87e-007,0.00561847
8.8705e-007,0.00555509
8.871e-007,0.0055037
8.8715e-007,0.00547458
8.872e-007,0.00549513
8.8725e-007,0.00553796
8.873e-007,0.00558421
8.8735e-007,0.00567499
8.874e-007,0.00577777
8.8745e-007,0.00584629
8.875e-007,0.00590624
8.8755e-007,0.00594564
8.876e-007,0.00595592
8.8765e-007,0.00594564
8.877e-007,0.00591481
8.8775e-007,0.005848
8.878e-007,0.00577948
8.8785e-007,0.00572981
8.879e-007,0.00571953
8.8795e-007,0.00568527
8.88e-007,0.00568013
8.8805e-007,0.00570754
8.881e-007,0.00574694
8.8815e-007,0.00578805
8.882e-007,0.00583258
8.8825e-007,0.00588226
8.883e-007,0.00591481
8.8835e-007,0.00593365
8.884e-007,0.00590624
8.8845e-007,0.00589082
8.885e-007,0.00583601
8.8855e-007,0.00577434
8.886e-007,0.00570583
8.8865e-007,0.00565786
8.887e-007,0.00557907
8.8875e-007,0.00556194
8.888e-007,0.00555509
8.8885e-007,0.00558249
8.889e-007,0.00563902
8.8895e-007,0.00569041
8.89e-007,0.00576064
8.8905e-007,0.00579833
8.891e-007,0.00584629
8.8915e-007,0.00586856
8.892e-007,0.00584286
8.8925e-007,0.00584286
8.893e-007,0.00576578
8.8935e-007,0.00574351
8.894e-007,0.0057024
8.8945e-007,0.00563217
8.895e-007,0.00558763
8.8955e-007,0.00554138
8.896e-007,0.00552254
8.8965e-007,0.00551911
8.897e-007,0.00553111
8.8975e-007,0.00557736
8.898e-007,0.0056493
8.8985e-007,0.00575036
8.899e-007,0.00581888
8.8995e-007,0.00588226
8.9e-007,0.00595078
8.9005e-007,0.00602272
8.901e-007,0.00607925
8.9015e-007,0.00611351
8.902e-007,0.00614091
8.9025e-007,0.00612207
8.903e-007,0.00612721
8.9035e-007,0.00611179
8.904e-007,0.00608781
8.9045e-007,0.00606554
8.905e-007,0.00603642
8.9055e-007,0.00602786
8.906e-007,0.00599531
8.9065e-007,0.00597818
8.907e-007,0.00596448
8.9075e-007,0.00595934
8.908e-007,0.00593707
8.9085e-007,0.00590967
8.909e-007,0.00588226
8.9095e-007,0.00585485
8.91e-007,0.00582231
8.9105e-007,0.00580689
8.911e-007,0.00579661
8.9115e-007,0.00580346
8.912e-007,0.00579661
8.9125e-007,0.00582402
8.913e-007,0.005848
8.9135e-007,0.00588397
8.914e-007,0.00592166
8.9145e-007,0.00596619
8.915e-007,0.00602272
8.9155e-007,0.00605355
8.916e-007,0.00609638
8.9165e-007,0.00611693
8.917e-007,0.00613406
8.9175e-007,0.00612379
8.918e-007,0.00612036
8.9185e-007,0.00609466
8.919e-007,0.00604156
8.9195e-007,0.00600559
8.92e-007,0.00593707
8.9205e-007,0.00586342
8.921e-007,0.00578976
8.9215e-007,0.00572124
8.922e-007,0.00563388
8.9225e-007,0.00557907
8.923e-007,0.00553624
8.9235e-007,0.00548828
8.924e-007,0.00547287
8.9245e-007,0.00546259
8.925e-007,0.00548657
8.9255e-007,0.00552597
8.926e-007,0.00557222
8.9265e-007,0.00562874
8.927e-007,0.005663
8.9275e-007,0.00571953
8.928e-007,0.00576749
8.9285e-007,0.0058086
8.929e-007,0.00581374
8.9295e-007,0.00582916
8.93e-007,0.00581203
8.9305e-007,0.00579319
8.931e-007,0.00578291
8.9315e-007,0.00576749
8.932e-007,0.00574008
8.9325e-007,0.00570069
8.933e-007,0.00569897
8.9335e-007,0.00570411
8.934e-007,0.00570583
8.9345e-007,0.00569555
8.935e-007,0.0056887
8.9355e-007,0.00568356
8.936e-007,0.00568013
8.9365e-007,0.00567842
8.937e-007,0.00566814
8.9375e-007,0.00568184
8.938e-007,0.00566472
8.9385e-007,0.00565958
8.939e-007,0.00569555
8.9395e-007,0.00572467
8.94e-007,0.00574865
8.9405e-007,0.00579319
8.941e-007,0.00581374
8.9415e-007,0.00581545
8.942e-007,0.00581717
8.9425e-007,0.00583772
8.943e-007,0.00584286
8.9435e-007,0.00583601
8.944e-007,0.00583258
8.9445e-007,0.00583087
8.945e-007,0.00581545
8.9455e-007,0.00579319
8.946e-007,0.00574694
8.9465e-007,0.00572809
8.947e-007,0.00566985
8.9475e-007,0.00560476
8.948e-007,0.00556708
8.9485e-007,0.00554652
8.949e-007,0.00549685
8.9495e-007,0.0055037
8.95e-007,0.00546259
8.9505e-007,0.00548486
8.951e-007,0.00549513
8.9515e-007,0.00552425
8.952e-007,0.00554823
8.9525e-007,0.00561161
8.953e-007,0.00564759
8.9535e-007,0.0056887
8.954e-007,0.00572809
8.9545e-007,0.00577434
8.955e-007,0.00582916
8.9555e-007,0.00586513
8.956e-007,0.00591138
8.9565e-007,0.00595592
8.957e-007,0.00596619
8.9575e-007,0.00599531
8.958e-007,0.00598161
8.9585e-007,0.00597476
8.959e-007,0.00594564
8.9595e-007,0.00592508
8.96e-007,0.00585657
8.9605e-007,0.00581374
8.961e-007,0.00573666
8.9615e-007,0.00569897
8.962e-007,0.00564759
8.9625e-007,0.00561675
8.963e-007,0.00558935
8.9635e-007,0.00558078
8.964e-007,0.00559448
8.9645e-007,0.00562018
8.965e-007,0.00564245
8.9655e-007,0.00568184
8.966e-007,0.00571439
8.9665e-007,0.00576749
8.967e-007,0.0058086
8.9675e-007,0.00583087
8.968e-007,0.00583601
8.9685e-007,0.00585143
8.969e-007,0.00585314
8.9695e-007,0.00585314
8.97e-007,0.00585485
8.9705e-007,0.00585314
8.971e-007,0.00586342
8.9715e-007,0.00586342
8.972e-007,0.00589425
8.9725e-007,0.00593536
8.973e-007,0.0059542
8.9735e-007,0.00599703
8.974e-007,0.00602101
8.9745e-007,0.0060467
8.975e-007,0.00604499
8.9755e-007,0.00603814
8.976e-007,0.00600559
8.9765e-007,0.00598161
8.977e-007,0.00591994
8.9775e-007,0.00585828
8.978e-007,0.00579833
8.9785e-007,0.00570754
8.979e-007,0.00564416
8.9795e-007,0.00555851
8.98e-007,0.00548999
8.9805e-007,0.00544203
8.981e-007,0.00538037
8.9815e-007,0.0053855
8.982e-007,0.0053855
8.9825e-007,0.00541634
8.983e-007,0.00544032
8.9835e-007,0.0055037
8.984e-007,0.00558421
8.9845e-007,0.00567842
8.985e-007,0.00578462
8.9855e-007,0.00589254
8.986e-007,0.00597305
8.9865e-007,0.00604328
8.987e-007,0.00607411
8.9875e-007,0.00605184
8.988e-007,0.00603814
8.9885e-007,0.00598161
8.989e-007,0.00590967
8.9895e-007,0.00582231
8.99e-007,0.00573323
8.9905e-007,0.00568356
8.991e-007,0.00560476
8.9915e-007,0.00556365
8.992e-007,0.00555166
8.9925e-007,0.00556708
8.993e-007,0.00557736
8.9935e-007,0.00561675
8.994e-007,0.00564759
8.9945e-007,0.00567328
8.995e-007,0.00572467
8.9955e-007,0.00574694
8.996e-007,0.00580518
8.9965e-007,0.00586684
8.997e-007,0.00591309
8.9975e-007,0.0059405
8.998e-007,0.00596448
8.9985e-007,0.00599874
8.999e-007,0.0060193
8.9995e-007,0.00601758
9e-007,0.00599874
9.0005e-007,0.00596448
9.001e-007,0.00592166
9.0015e-007,0.00585999
9.002e-007,0.00581374
9.0025e-007,0.00574694
9.003e-007,0.00572124
9.0035e-007,0.00572124
9.004e-007,0.00574865
9.0045e-007,0.00578291
9.005e-007,0.00582402
9.0055e-007,0.00589425
9.006e-007,0.0059405
9.0065e-007,0.00597476
9.007e-007,0.00598846
9.0075e-007,0.00598504
9.008e-007,0.00595249
9.0085e-007,0.00591652
9.009e-007,0.00588226
9.0095e-007,0.00583258
9.01e-007,0.00573837
9.0105e-007,0.00573495
9.011e-007,0.00569555
9.0115e-007,0.00566643
9.012e-007,0.00564073
9.0125e-007,0.00562532
9.013e-007,0.00562703
9.0135e-007,0.00563902
9.014e-007,0.00564416
9.0145e-007,0.00567499
9.015e-007,0.00568184
9.0155e-007,0.0056887
9.016e-007,0.0057161
9.0165e-007,0.00572809
9.017e-007,0.0057812
9.0175e-007,0.00582573
9.018e-007,0.00584115
9.0185e-007,0.00589425
9.019e-007,0.00589768
9.0195e-007,0.00586513
9.02e-007,0.00580175
9.0205e-007,0.00571953
9.021e-007,0.00561504
9.0215e-007,0.00551398
9.022e-007,0.0054249
9.0225e-007,0.00535981
9.023e-007,0.005305
9.0235e-007,0.00526902
9.024e-007,0.0052656
9.0245e-007,0.00529986
9.025e-007,0.00536152
9.0255e-007,0.00543347
9.026e-007,0.00556879
9.0265e-007,0.00565958
9.027e-007,0.00578291
9.0275e-007,0.00586684
9.028e-007,0.00592508
9.0285e-007,0.00594221
9.029e-007,0.00595592
9.0295e-007,0.00594906
9.03e-007,0.00593879
9.0305e-007,0.00589939
9.031e-007,0.00587883
9.0315e-007,0.00586856
9.032e-007,0.00585314
9.0325e-007,0.00587027
9.033e-007,0.00584457
9.0335e-007,0.00587369
9.034e-007,0.00589596
9.0345e-007,0.0059011
9.035e-007,0.00591309
9.0355e-007,0.00591994
9.036e-007,0.00591138
9.0365e-007,0.00591823
9.037e-007,0.00591309
9.0375e-007,0.00590967
9.038e-007,0.00591994
9.0385e-007,0.00592166
9.039e-007,0.00597133
9.0395e-007,0.00599874
9.04e-007,0.00602272
9.0405e-007,0.00603471
9.041e-007,0.00603814
9.0415e-007,0.00604842
9.042e-007,0.00602615
9.0425e-007,0.00600559
9.043e-007,0.00595592
9.0435e-007,0.00589939
9.044e-007,0.00585828
9.0445e-007,0.00581545
9.045e-007,0.00576407
9.0455e-007,0.00575036
9.046e-007,0.0057555
9.0465e-007,0.00576235
9.047e-007,0.00581032
9.0475e-007,0.00584115
9.048e-007,0.00588569
9.0485e-007,0.00595249
9.049e-007,0.00602272
9.0495e-007,0.00607754
9.05e-007,0.00613235
9.0505e-007,0.00618203
9.051e-007,0.00620429
9.0515e-007,0.00624369
9.052e-007,0.00620943
9.0525e-007,0.00615462
9.053e-007,0.00609295
9.0535e-007,0.00598161
9.054e-007,0.0059011
9.0545e-007,0.00576407
9.055e-007,0.00563046
9.0555e-007,0.00552425
9.056e-007,0.00541976
9.0565e-007,0.00535467
9.057e-007,0.00531527
9.0575e-007,0.00534097
9.058e-007,0.00536495
9.0585e-007,0.00540606
9.059e-007,0.00548999
9.0595e-007,0.00560819
9.06e-007,0.00571268
9.0605e-007,0.00576235
9.061e-007,0.00582916
9.0615e-007,0.00588055
9.062e-007,0.00589254
9.0625e-007,0.00591309
9.063e-007,0.00589425
9.0635e-007,0.00586513
9.064e-007,0.00581545
9.0645e-007,0.00578805
9.065e-007,0.00578805
9.0655e-007,0.00579147
9.066e-007,0.00579147
9.0665e-007,0.0058086
9.067e-007,0.00582059
9.0675e-007,0.00583772
9.068e-007,0.005848
9.0685e-007,0.00584115
9.069e-007,0.00585143
9.0695e-007,0.00582231
9.07e-007,0.00579833
9.0705e-007,0.00575379
9.071e-007,0.00572124
9.0715e-007,0.00568698
9.072e-007,0.00565444
9.0725e-007,0.00561675
9.073e-007,0.00557907
9.0735e-007,0.00555851
9.074e-007,0.00555337
9.0745e-007,0.00555337
9.075e-007,0.00556536
9.0755e-007,0.00560476
9.076e-007,0.00560476
9.0765e-007,0.00564073
9.077e-007,0.00567671
9.0775e-007,0.00573495
9.078e-007,0.00577434
9.0785e-007,0.00581032
9.079e-007,0.00582916
9.0795e-007,0.00583772
9.08e-007,0.00588055
9.0805e-007,0.0059011
9.081e-007,0.00590453
9.0815e-007,0.00589425
9.082e-007,0.00589254
9.0825e-007,0.00588569
9.083e-007,0.00587712
9.0835e-007,0.00587027
9.084e-007,0.00588055
9.0845e-007,0.00585828
9.085e-007,0.00583944
9.0855e-007,0.00583601
9.086e-007,0.00584629
9.0865e-007,0.00584457
9.087e-007,0.00583944
9.0875e-007,0.00584629
9.088e-007,0.0058343
9.0885e-007,0.00584286
9.089e-007,0.0058343
9.0895e-007,0.00586684
9.09e-007,0.00585485
9.0905e-007,0.00588397
9.091e-007,0.00592166
9.0915e-007,0.00590453
9.092e-007,0.00592851
9.0925e-007,0.00592166
9.093e-007,0.0059268
9.0935e-007,0.00591994
9.094e-007,0.00588397
9.0945e-007,0.00588226
9.095e-007,0.0058617
9.0955e-007,0.00585657
9.096e-007,0.00585143
9.0965e-007,0.00584629
9.097e-007,0.005848
9.0975e-007,0.005848
9.098e-007,0.00585143
9.0985e-007,0.00584629
9.099e-007,0.00582059
9.0995e-007,0.00580518
9.1e-007,0.0057949
9.1005e-007,0.00576235
9.101e-007,0.00571782
9.1015e-007,0.00567499
9.102e-007,0.0056356
9.1025e-007,0.00560134
9.103e-007,0.0055568
9.1035e-007,0.00553282
9.104e-007,0.00551398
9.1045e-007,0.00551911
9.105e-007,0.00554652
9.1055e-007,0.00561847
9.106e-007,0.00566643
9.1065e-007,0.00569897
9.107e-007,0.00574694
9.1075e-007,0.00579661
9.108e-007,0.00584286
9.1085e-007,0.00587541
9.109e-007,0.00590624
9.1095e-007,0.00590281
9.11e-007,0.00591823
9.1105e-007,0.00591823
9.111e-007,0.00589939
9.1115e-007,0.00587027
9.112e-007,0.00584971
9.1125e-007,0.00582059
9.113e-007,0.00580175
9.1135e-007,0.00578291
9.114e-007,0.00576578
9.1145e-007,0.0057418
9.115e-007,0.00571782
9.1155e-007,0.00568184
9.116e-007,0.00566643
9.1165e-007,0.00568356
9.117e-007,0.00569041
9.1175e-007,0.00567671
9.118e-007,0.00567671
9.1185e-007,0.00565444
9.119e-007,0.00566985
9.1195e-007,0.00566129
9.12e-007,0.00562189
9.1205e-007,0.0055962
9.121e-007,0.0055431
9.1215e-007,0.00548143
9.122e-007,0.00540949
9.1225e-007,0.00535125
9.123e-007,0.00529643
9.1235e-007,0.00520907
9.124e-007,0.00515083
9.1245e-007,0.00511315
9.125e-007,0.00509259
9.1255e-007,0.00508231
9.126e-007,0.00509259
9.1265e-007,0.00514055
9.127e-007,0.00518852
9.1275e-007,0.0052519
9.128e-007,0.0053581
9.1285e-007,0.0054643
9.129e-007,0.0055705
9.1295e-007,0.00563731
9.13e-007,0.00570069
9.1305e-007,0.00573666
9.131e-007,0.00576749
9.1315e-007,0.00577948
9.132e-007,0.00577092
9.1325e-007,0.00570411
9.133e-007,0.00565615
9.1335e-007,0.00559277
9.134e-007,0.00555509
9.1345e-007,0.00553282
9.135e-007,0.00551398
9.1355e-007,0.00552254
9.136e-007,0.00553796
9.1365e-007,0.00558078
9.137e-007,0.00565615
9.1375e-007,0.00571439
9.138e-007,0.00576064
9.1385e-007,0.00581374
9.139e-007,0.00584457
9.1395e-007,0.0058874
9.14e-007,0.00588397
9.1405e-007,0.00589254
9.141e-007,0.00585485
9.1415e-007,0.00584457
9.142e-007,0.00585143
9.1425e-007,0.00584115
9.143e-007,0.00583944
9.1435e-007,0.00587883
9.144e-007,0.00587883
9.1445e-007,0.0059268
9.145e-007,0.0059799
9.1455e-007,0.00602443
9.146e-007,0.00602786
9.1465e-007,0.00604842
9.147e-007,0.00608096
9.1475e-007,0.00605698
9.148e-007,0.00603129
9.1485e-007,0.00601587
9.149e-007,0.00593879
9.1495e-007,0.00589768
9.15e-007,0.00583944
9.1505e-007,0.00575893
9.151e-007,0.00568527
9.1515e-007,0.00561333
9.152e-007,0.00554823
9.1525e-007,0.00551911
9.153e-007,0.00550541
9.1535e-007,0.00550199
9.154e-007,0.00551911
9.1545e-007,0.00556023
9.155e-007,0.00561675
9.1555e-007,0.00568698
9.156e-007,0.00570069
9.1565e-007,0.00575208
9.157e-007,0.00579833
9.1575e-007,0.0058086
9.158e-007,0.00581032
9.1585e-007,0.00577434
9.159e-007,0.00576407
9.1595e-007,0.00571096
9.16e-007,0.00563902
9.1605e-007,0.00559448
9.161e-007,0.00555337
9.1615e-007,0.00552597
9.162e-007,0.00549342
9.1625e-007,0.00548828
9.163e-007,0.00548828
9.1635e-007,0.00547629
9.164e-007,0.00548828
9.1645e-007,0.00550712
9.165e-007,0.00552254
9.1655e-007,0.00554481
9.166e-007,0.00556536
9.1665e-007,0.0055705
9.167e-007,0.00559448
9.1675e-007,0.00561847
9.168e-007,0.00563731
9.1685e-007,0.005663
9.169e-007,0.00568527
9.1695e-007,0.00573495
9.17e-007,0.00578805
9.1705e-007,0.00582916
9.171e-007,0.00586684
9.1715e-007,0.00590281
9.172e-007,0.00592337
9.1725e-007,0.0059011
9.173e-007,0.00588055
9.1735e-007,0.00585485
9.174e-007,0.00583944
9.1745e-007,0.00577948
9.175e-007,0.00572981
9.1755e-007,0.00568527
9.176e-007,0.00566985
9.1765e-007,0.00564759
9.177e-007,0.00563217
9.1775e-007,0.0056493
9.178e-007,0.00566472
9.1785e-007,0.00569726
9.179e-007,0.00573837
9.1795e-007,0.00576921
9.18e-007,0.00579147
9.1805e-007,0.00581374
9.181e-007,0.00582059
9.1815e-007,0.00580346
9.182e-007,0.00579319
9.1825e-007,0.00581032
9.183e-007,0.00582231
9.1835e-007,0.00583087
9.184e-007,0.00583258
9.1845e-007,0.00587712
9.185e-007,0.00591138
9.1855e-007,0.00596962
9.186e-007,0.00600388
9.1865e-007,0.00603129
9.187e-007,0.00603985
9.1875e-007,0.00606041
9.188e-007,0.00603985
9.1885e-007,0.00600388
9.189e-007,0.00597818
9.1895e-007,0.00592851
9.19e-007,0.00589939
9.1905e-007,0.00589768
9.191e-007,0.00588569
9.1915e-007,0.00588226
9.192e-007,0.00589254
9.1925e-007,0.00590967
9.193e-007,0.00592166
9.1935e-007,0.00598504
9.194e-007,0.00599874
9.1945e-007,0.00601073
9.195e-007,0.00601244
9.1955e-007,0.00601073
9.196e-007,0.0059799
9.1965e-007,0.00595592
9.197e-007,0.00590624
9.1975e-007,0.00585314
9.198e-007,0.00581374
9.1985e-007,0.00580004
9.199e-007,0.00576407
9.1995e-007,0.00573152
9.2e-007,0.0057161
9.2005e-007,0.00569384
9.201e-007,0.005663
9.2015e-007,0.00564073
9.202e-007,0.00560134
9.2025e-007,0.00556879
9.203e-007,0.0055705
9.2035e-007,0.00555509
9.204e-007,0.00553453
9.2045e-007,0.00551055
9.205e-007,0.00548999
9.2055e-007,0.00548486
9.206e-007,0.00547287
9.2065e-007,0.0055037
9.207e-007,0.00552083
9.2075e-007,0.00552768
9.208e-007,0.0055037
9.2085e-007,0.00550712
9.209e-007,0.00547629
9.2095e-007,0.00550712
9.21e-007,0.00550199
9.2105e-007,0.0055037
9.211e-007,0.00550712
9.2115e-007,0.00552425
9.212e-007,0.00557564
9.2125e-007,0.00564073
9.213e-007,0.00568527
9.2135e-007,0.00573152
9.214e-007,0.00580346
9.2145e-007,0.00580518
9.215e-007,0.00583944
9.2155e-007,0.00581717
9.216e-007,0.0057949
9.2165e-007,0.00574694
9.217e-007,0.00569041
9.2175e-007,0.00562532
9.218e-007,0.00560476
9.2185e-007,0.00558592
9.219e-007,0.0055705
9.2195e-007,0.00561504
9.22e-007,0.00566814
9.2205e-007,0.00575036
9.221e-007,0.00583944
9.2215e-007,0.00594735
9.222e-007,0.00603642
9.2225e-007,0.00609466
9.223e-007,0.00612721
9.2235e-007,0.00612721
9.224e-007,0.00609124
9.2245e-007,0.00605527
9.225e-007,0.0059799
9.2255e-007,0.00590624
9.226e-007,0.00582059
9.2265e-007,0.00576921
9.227e-007,0.00574008
9.2275e-007,0.00571439
9.228e-007,0.00568527
9.2285e-007,0.00570754
9.229e-007,0.00572981
9.2295e-007,0.00576578
9.23e-007,0.00576578
9.2305e-007,0.00581203
9.231e-007,0.00581545
9.2315e-007,0.00581888
9.232e-007,0.0057949
9.2325e-007,0.00577263
9.233e-007,0.00574008
9.2335e-007,0.00570069
9.234e-007,0.00564759
9.2345e-007,0.00561333
9.235e-007,0.00560134
9.2355e-007,0.00555851
9.236e-007,0.0055431
9.2365e-007,0.00557222
9.237e-007,0.00557564
9.2375e-007,0.00557564
9.238e-007,0.00561504
9.2385e-007,0.00562703
9.239e-007,0.00560476
9.2395e-007,0.00559448
9.24e-007,0.00557564
9.2405e-007,0.00551569
9.241e-007,0.00544203
9.2415e-007,0.00536152
9.242e-007,0.00530157
9.2425e-007,0.00526046
9.243e-007,0.0052399
9.2435e-007,0.00525018
9.244e-007,0.00529814
9.2445e-007,0.0053581
9.245e-007,0.00543004
9.2455e-007,0.00554481
9.246e-007,0.00565958
9.2465e-007,0.00578976
9.247e-007,0.00587712
9.2475e-007,0.00596791
9.248e-007,0.00601073
9.2485e-007,0.00603985
9.249e-007,0.00603471
9.2495e-007,0.00598161
9.25e-007,0.00593707
9.2505e-007,0.00589254
9.251e-007,0.00582916
9.2515e-007,0.00579319
9.252e-007,0.00576064
9.2525e-007,0.00577777
9.253e-007,0.00577092
9.2535e-007,0.00577777
9.254e-007,0.0058086
9.2545e-007,0.0058343
9.255e-007,0.00586684
9.2555e-007,0.00590281
9.256e-007,0.00592508
9.2565e-007,0.00595249
9.257e-007,0.00595078
9.2575e-007,0.00596448
9.258e-007,0.00594221
9.2585e-007,0.00592166
9.259e-007,0.00588569
9.2595e-007,0.00583944
9.26e-007,0.00578462
9.2605e-007,0.00572638
9.261e-007,0.00570411
9.2615e-007,0.00568698
9.262e-007,0.00566985
9.2625e-007,0.00565786
9.263e-007,0.00568698
9.2635e-007,0.00571782
9.264e-007,0.00575208
9.2645e-007,0.00578976
9.265e-007,0.00581545
9.2655e-007,0.00589254
9.266e-007,0.0059405
9.2665e-007,0.00597476
9.267e-007,0.00599874
9.2675e-007,0.00602786
9.268e-007,0.00599018
9.2685e-007,0.00597818
9.269e-007,0.00591994
9.2695e-007,0.00585485
9.27e-007,0.00577948
9.2705e-007,0.00571782
9.271e-007,0.00563731
9.2715e-007,0.00556536
9.272e-007,0.00554481
9.2725e-007,0.0055174
9.273e-007,0.00550541
9.2735e-007,0.00552254
9.274e-007,0.00552425
9.2745e-007,0.00554823
9.275e-007,0.00554652
9.2755e-007,0.00560305
9.276e-007,0.00560305
9.2765e-007,0.00560305
9.277e-007,0.00559962
9.2775e-007,0.00557393
9.278e-007,0.00554138
9.2785e-007,0.00552939
9.279e-007,0.00553624
9.2795e-007,0.00554652
9.28e-007,0.00555509
9.2805e-007,0.00557736
9.281e-007,0.00560305
9.2815e-007,0.0056356
9.282e-007,0.00567328
9.2825e-007,0.00568698
9.283e-007,0.00567842
9.2835e-007,0.00569897
9.284e-007,0.00571782
9.2845e-007,0.00570925
9.285e-007,0.00567671
9.2855e-007,0.00567328
9.286e-007,0.00563388
9.2865e-007,0.00563217
9.287e-007,0.00565101
9.2875e-007,0.00566472
9.288e-007,0.00570583
9.2885e-007,0.00572638
9.289e-007,0.00573323
9.2895e-007,0.00571782
9.29e-007,0.00570754
9.2905e-007,0.00568013
9.291e-007,0.0056356
9.2915e-007,0.00559448
9.292e-007,0.0055705
9.2925e-007,0.00556536
9.293e-007,0.00556708
9.2935e-007,0.00558935
9.294e-007,0.00561675
9.2945e-007,0.00567499
9.295e-007,0.00573837
9.2955e-007,0.00577777
9.296e-007,0.00582745
9.2965e-007,0.0058617
9.297e-007,0.00589425
9.2975e-007,0.0058617
9.298e-007,0.00580689
9.2985e-007,0.00574008
9.299e-007,0.00565958
9.2995e-007,0.00558592
9.3e-007,0.0055174
9.3005e-007,0.00545402
9.301e-007,0.00542148
9.3015e-007,0.0053975
9.302e-007,0.00540606
9.3025e-007,0.00543004
9.303e-007,0.00547115
9.3035e-007,0.00552254
9.304e-007,0.0055705
9.3045e-007,0.00561161
9.305e-007,0.00567842
9.3055e-007,0.0057161
9.306e-007,0.00573495
9.3065e-007,0.00573323
9.307e-007,0.00575893
9.3075e-007,0.00573666
9.308e-007,0.00572467
9.3085e-007,0.0057161
9.309e-007,0.00571953
9.3095e-007,0.00569555
9.31e-007,0.0057024
9.3105e-007,0.00568184
9.311e-007,0.0056887
9.3115e-007,0.00569726
9.312e-007,0.00572124
9.3125e-007,0.00573323
9.313e-007,0.00572809
9.3135e-007,0.00572467
9.314e-007,0.00570925
9.3145e-007,0.00571096
9.315e-007,0.00567328
9.3155e-007,0.00565272
9.316e-007,0.00565615
9.3165e-007,0.00568698
9.317e-007,0.00571953
9.3175e-007,0.00576749
9.318e-007,0.00580346
9.3185e-007,0.00583772
9.319e-007,0.00587541
9.3195e-007,0.00589082
9.32e-007,0.00591823
9.3205e-007,0.00592508
9.321e-007,0.00592851
9.3215e-007,0.00591309
9.322e-007,0.00587883
9.3225e-007,0.00584629
9.323e-007,0.00580004
9.3235e-007,0.00574008
9.324e-007,0.00569041
9.3245e-007,0.00566643
9.325e-007,0.00565272
9.3255e-007,0.00567671
9.326e-007,0.00570583
9.3265e-007,0.00577948
9.327e-007,0.00581374
9.3275e-007,0.00587027
9.328e-007,0.00592166
9.3285e-007,0.00597476
9.329e-007,0.00598332
9.3295e-007,0.00597647
9.33e-007,0.00596106
9.3305e-007,0.0059405
9.331e-007,0.00587369
9.3315e-007,0.00577948
9.332e-007,0.00569041
9.3325e-007,0.00560476
9.333e-007,0.00553453
9.3335e-007,0.00551911
9.334e-007,0.005478
9.3345e-007,0.00548657
9.335e-007,0.00552254
9.3355e-007,0.00559106
9.336e-007,0.00564759
9.3365e-007,0.00570069
9.337e-007,0.00571096
9.3375e-007,0.0057418
9.338e-007,0.00575379
9.3385e-007,0.00574694
9.339e-007,0.00574522
9.3395e-007,0.00569041
9.34e-007,0.00564759
9.3405e-007,0.00562018
9.341e-007,0.0055962
9.3415e-007,0.00558078
9.342e-007,0.00555509
9.3425e-007,0.00557222
9.343e-007,0.00556708
9.3435e-007,0.00559277
9.344e-007,0.00562532
9.3445e-007,0.0056236
9.345e-007,0.00560305
9.3455e-007,0.00558249
9.346e-007,0.00555851
9.3465e-007,0.00554995
9.347e-007,0.00554823
9.3475e-007,0.0055568
9.348e-007,0.00559962
9.3485e-007,0.00566643
9.349e-007,0.00570069
9.3495e-007,0.00576921
9.35e-007,0.00582231
9.3505e-007,0.00585828
9.351e-007,0.00589425
9.3515e-007,0.00591823
9.352e-007,0.00591138
9.3525e-007,0.00586342
9.353e-007,0.00581545
9.3535e-007,0.00576749
9.354e-007,0.00569555
9.3545e-007,0.0056356
9.355e-007,0.00561847
9.3555e-007,0.00561675
9.356e-007,0.00560476
9.3565e-007,0.00565101
9.357e-007,0.00569041
9.3575e-007,0.00574008
9.358e-007,0.00580175
9.3585e-007,0.00583944
9.359e-007,0.00586342
9.3595e-007,0.00588569
9.36e-007,0.00589939
9.3605e-007,0.00589596
9.361e-007,0.00585999
9.3615e-007,0.00585143
9.362e-007,0.00582402
9.3625e-007,0.00577263
9.363e-007,0.00576407
9.3635e-007,0.00575036
9.364e-007,0.0057418
9.3645e-007,0.00573323
9.365e-007,0.00575208
9.3655e-007,0.00575036
9.366e-007,0.00576921
9.3665e-007,0.00579319
9.367e-007,0.00581032
9.3675e-007,0.00581032
9.368e-007,0.00583087
9.3685e-007,0.00587198
9.369e-007,0.00589254
9.3695e-007,0.00590967
9.37e-007,0.00591823
9.3705e-007,0.00596106
9.371e-007,0.00598675
9.3715e-007,0.00603471
9.372e-007,0.00604842
9.3725e-007,0.00605698
9.373e-007,0.00606554
9.3735e-007,0.00606726
9.374e-007,0.00605698
9.3745e-007,0.00604842
9.375e-007,0.00602443
9.3755e-007,0.00597818
9.376e-007,0.00593365
9.3765e-007,0.00589254
9.377e-007,0.00588055
9.3775e-007,0.00585657
9.378e-007,0.00584457
9.3785e-007,0.00584629
9.379e-007,0.00585485
9.3795e-007,0.00584457
9.38e-007,0.00586684
9.3805e-007,0.00589254
9.381e-007,0.0058874
9.3815e-007,0.00587541
9.382e-007,0.00583258
9.3825e-007,0.00581374
9.383e-007,0.00578976
9.3835e-007,0.00573495
9.384e-007,0.00567671
9.3845e-007,0.0056493
9.385e-007,0.00559962
9.3855e-007,0.00557564
9.386e-007,0.0055568
9.3865e-007,0.00556365
9.387e-007,0.00557736
9.3875e-007,0.00560648
9.388e-007,0.00565958
9.3885e-007,0.00570583
9.389e-007,0.00574008
9.3895e-007,0.00577092
9.39e-007,0.00580346
9.3905e-007,0.00580004
9.391e-007,0.00577777
9.3915e-007,0.00576407
9.392e-007,0.00571268
9.3925e-007,0.00566985
9.393e-007,0.0055962
9.3935e-007,0.00550027
9.394e-007,0.00543175
9.3945e-007,0.00537351
9.395e-007,0.0053324
9.3955e-007,0.00531014
9.396e-007,0.00529643
9.3965e-007,0.00533412
9.397e-007,0.00535125
9.3975e-007,0.00539578
9.398e-007,0.00544888
9.3985e-007,0.00554138
9.399e-007,0.00559962
9.3995e-007,0.00564416
9.4e-007,0.00567157
9.4005e-007,0.00570754
9.401e-007,0.00571439
9.4015e-007,0.00572467
9.402e-007,0.00573152
9.4025e-007,0.00572296
9.403e-007,0.00567671
9.4035e-007,0.00564073
9.404e-007,0.00561847
9.4045e-007,0.00559448
9.405e-007,0.0055705
9.4055e-007,0.00553453
9.406e-007,0.00548314
9.4065e-007,0.0054506
9.407e-007,0.00542662
9.4075e-007,0.0054249
9.408e-007,0.00540263
9.4085e-007,0.00543175
9.409e-007,0.00543518
9.4095e-007,0.00545916
9.41e-007,0.00550199
9.4105e-007,0.00551055
9.411e-007,0.00552597
9.4115e-007,0.00556708
9.412e-007,0.00557393
9.4125e-007,0.00559106
9.413e-007,0.00563217
9.4135e-007,0.00567157
9.414e-007,0.00571268
9.4145e-007,0.00576235
9.415e-007,0.00580004
9.4155e-007,0.00583944
9.416e-007,0.00593194
9.4165e-007,0.00596106
9.417e-007,0.0060193
9.4175e-007,0.00607582
9.418e-007,0.00608096
9.4185e-007,0.00607068
9.419e-007,0.00605184
9.4195e-007,0.00602957
9.42e-007,0.00597647
9.4205e-007,0.00592508
9.421e-007,0.0059011
9.4215e-007,0.00587369
9.422e-007,0.00583944
9.4225e-007,0.00581374
9.423e-007,0.00581717
9.4235e-007,0.00581888
9.424e-007,0.00581717
9.4245e-007,0.0057812
9.425e-007,0.00576921
9.4255e-007,0.00576235
9.426e-007,0.00575721
9.4265e-007,0.00574522
9.427e-007,0.00573495
9.4275e-007,0.0057555
9.428e-007,0.00578805
9.4285e-007,0.00582916
9.429e-007,0.00586342
9.4295e-007,0.00588226
9.43e-007,0.00590453
9.4305e-007,0.00593536
9.431e-007,0.00593365
9.4315e-007,0.00591652
9.432e-007,0.00589254
9.4325e-007,0.00584971
9.433e-007,0.00579147
9.4335e-007,0.00573495
9.434e-007,0.00565272
9.4345e-007,0.00560648
9.435e-007,0.00556194
9.4355e-007,0.00554823
9.436e-007,0.00552768
9.4365e-007,0.00553111
9.437e-007,0.0055705
9.4375e-007,0.00563731
9.438e-007,0.00569897
9.4385e-007,0.00578291
9.439e-007,0.005848
9.4395e-007,0.00593194
9.44e-007,0.0059936
9.4405e-007,0.006033
9.441e-007,0.00605355
9.4415e-007,0.00604842
9.442e-007,0.00605698
9.4425e-007,0.00604156
9.443e-007,0.00601073
9.4435e-007,0.00596791
9.444e-007,0.00590624
9.4445e-007,0.00586342
9.445e-007,0.00580346
9.4455e-007,0.00577606
9.446e-007,0.00576064
9.4465e-007,0.00575379
9.447e-007,0.00573666
9.4475e-007,0.00574865
9.448e-007,0.00576064
9.4485e-007,0.00580175
9.449e-007,0.00583087
9.4495e-007,0.00587027
9.45e-007,0.0058874
9.4505e-007,0.00591138
9.451e-007,0.00595592
9.4515e-007,0.00596277
9.452e-007,0.0060073
9.4525e-007,0.00605869
9.453e-007,0.0060724
9.4535e-007,0.0060861
9.454e-007,0.0060861
9.4545e-007,0.00607411
9.455e-007,0.00604499
9.4555e-007,0.00599018
9.456e-007,0.00593536
9.4565e-007,0.00589082
9.457e-007,0.00581203
9.4575e-007,0.00570754
9.458e-007,0.00563902
9.4585e-007,0.00556023
9.459e-007,0.00547972
9.4595e-007,0.0054249
9.46e-007,0.00535467
9.4605e-007,0.00534782
9.461e-007,0.00536838
9.4615e-007,0.0053855
9.462e-007,0.00546259
9.4625e-007,0.00556023
9.463e-007,0.00567499
9.4635e-007,0.00578291
9.464e-007,0.00592166
9.4645e-007,0.00603985
9.465e-007,0.00611693
9.4655e-007,0.00619915
9.466e-007,0.00620601
9.4665e-007,0.00619573
9.467e-007,0.00614777
9.4675e-007,0.00609638
9.468e-007,0.00599703
9.4685e-007,0.00588226
9.469e-007,0.00576749
9.4695e-007,0.0056887
9.47e-007,0.00563217
9.4705e-007,0.00560476
9.471e-007,0.00558249
9.4715e-007,0.00562189
9.472e-007,0.00564245
9.4725e-007,0.00570583
9.473e-007,0.00576921
9.4735e-007,0.0058343
9.474e-007,0.00589939
9.4745e-007,0.00594564
9.475e-007,0.00598846
9.4755e-007,0.00598675
9.476e-007,0.00597818
9.4765e-007,0.00595763
9.477e-007,0.00592166
9.4775e-007,0.00588569
9.478e-007,0.00587027
9.4785e-007,0.0058617
9.479e-007,0.00588055
9.4795e-007,0.00589939
9.48e-007,0.00589254
9.4805e-007,0.00589939
9.481e-007,0.00589082
9.4815e-007,0.00588397
9.482e-007,0.00586342
9.4825e-007,0.00581545
9.483e-007,0.0057949
9.4835e-007,0.00573495
9.484e-007,0.00567842
9.4845e-007,0.00562532
9.485e-007,0.00557736
9.4855e-007,0.0055431
9.486e-007,0.00552597
9.4865e-007,0.00555851
9.487e-007,0.00558078
9.4875e-007,0.00562874
9.488e-007,0.00568184
9.4885e-007,0.00573666
9.489e-007,0.00578976
9.4895e-007,0.00582059
9.49e-007,0.00583087
9.4905e-007,0.00578291
9.491e-007,0.00573495
9.4915e-007,0.0056493
9.492e-007,0.00557222
9.4925e-007,0.00548143
9.493e-007,0.00541291
9.4935e-007,0.00533583
9.494e-007,0.00532041
9.4945e-007,0.0053187
9.495e-007,0.00534097
9.4955e-007,0.0053855
9.496e-007,0.00546601
9.4965e-007,0.00556194
9.497e-007,0.00564416
9.4975e-007,0.00571439
9.498e-007,0.00580346
9.4985e-007,0.0058343
9.499e-007,0.00585657
9.4995e-007,0.00582745
9.5e-007,0.00575893
9.5005e-007,0.00568527
9.501e-007,0.00562703
9.5015e-007,0.00557222
9.502e-007,0.00549342
9.5025e-007,0.00547287
9.503e-007,0.00546259
9.5035e-007,0.00544375
9.504e-007,0.0054506
9.5045e-007,0.00546773
9.505e-007,0.00550027
9.5055e-007,0.00550712
9.506e-007,0.00553111
9.5065e-007,0.00551226
9.507e-007,0.00548657
9.5075e-007,0.00545745
9.508e-007,0.00543175
9.5085e-007,0.00538722
9.509e-007,0.00536495
9.5095e-007,0.00534953
9.51e-007,0.00536152
9.5105e-007,0.00542833
9.511e-007,0.00547972
9.5115e-007,0.00555337
9.512e-007,0.00563217
9.5125e-007,0.00570069
9.513e-007,0.00578633
9.5135e-007,0.00583258
9.514e-007,0.00589768
9.5145e-007,0.00593879
9.515e-007,0.0059405
9.5155e-007,0.00596448
9.516e-007,0.00597133
9.5165e-007,0.00596277
9.517e-007,0.00595763
9.5175e-007,0.0059542
9.518e-007,0.00593194
9.5185e-007,0.00592337
9.519e-007,0.00588569
9.5195e-007,0.00587369
9.52e-007,0.00584457
9.5205e-007,0.00582231
9.521e-007,0.00579319
9.5215e-007,0.00576578
9.522e-007,0.00574865
9.5225e-007,0.00569384
9.523e-007,0.00565444
9.5235e-007,0.00563902
9.524e-007,0.00558421
9.5245e-007,0.00559791
9.525e-007,0.00557564
9.5255e-007,0.00557736
9.526e-007,0.00557736
9.5265e-007,0.00557907
9.527e-007,0.0055705
9.5275e-007,0.00556879
9.528e-007,0.00556879
9.5285e-007,0.00557564
9.529e-007,0.0055705
9.5295e-007,0.00557907
9.53e-007,0.00559791
9.5305e-007,0.00559448
9.531e-007,0.00561675
9.5315e-007,0.00563388
9.532e-007,0.00562189
9.5325e-007,0.00565444
9.533e-007,0.00567842
9.5335e-007,0.00572467
9.534e-007,0.00576235
9.5345e-007,0.00583087
9.535e-007,0.00586856
9.5355e-007,0.00591652
9.536e-007,0.00592337
9.5365e-007,0.00593194
9.537e-007,0.00594564
9.5375e-007,0.00593194
9.538e-007,0.00589939
9.5385e-007,0.00587883
9.539e-007,0.00587712
9.5395e-007,0.00582402
9.54e-007,0.0057812
9.5405e-007,0.00576749
9.541e-007,0.00576749
9.5415e-007,0.00575893
9.542e-007,0.00576921
9.5425e-007,0.00579661
9.543e-007,0.00581888
9.5435e-007,0.00582573
9.544e-007,0.00585657
9.5445e-007,0.00587027
9.545e-007,0.00587027
9.5455e-007,0.00587541
9.546e-007,0.00588055
9.5465e-007,0.00587027
9.547e-007,0.00584286
9.5475e-007,0.00583772
9.548e-007,0.00579833
9.5485e-007,0.0057949
9.549e-007,0.00577434
9.5495e-007,0.00575893
9.55e-007,0.00572809
9.5505e-007,0.00569384
9.551e-007,0.00566643
9.5515e-007,0.00565101
9.552e-007,0.0056236
9.5525e-007,0.00560134
9.553e-007,0.00558421
9.5535e-007,0.00558421
9.554e-007,0.00559791
9.5545e-007,0.00565272
9.555e-007,0.00565786
9.5555e-007,0.00568698
9.556e-007,0.00571953
9.5565e-007,0.00575208
9.557e-007,0.00575036
9.5575e-007,0.00578462
9.558e-007,0.00577092
9.5585e-007,0.00578805
9.559e-007,0.00577606
9.5595e-007,0.00575036
9.56e-007,0.00571782
9.5605e-007,0.00571096
9.561e-007,0.00569897
9.5615e-007,0.00570411
9.562e-007,0.0056887
9.5625e-007,0.00569555
9.563e-007,0.00572467
9.5635e-007,0.00577092
9.564e-007,0.00580175
9.5645e-007,0.0058343
9.565e-007,0.00585999
9.5655e-007,0.00588911
9.566e-007,0.00591138
9.5665e-007,0.00594906
9.567e-007,0.00593707
9.5675e-007,0.00594564
9.568e-007,0.00591481
9.5685e-007,0.00587027
9.569e-007,0.00583258
9.5695e-007,0.00576064
9.57e-007,0.00568184
9.5705e-007,0.00562189
9.571e-007,0.00555166
9.5715e-007,0.00548486
9.572e-007,0.00545574
9.5725e-007,0.00544546
9.573e-007,0.00542319
9.5735e-007,0.00543518
9.574e-007,0.00545916
9.5745e-007,0.00548657
9.575e-007,0.00551569
9.5755e-007,0.00554995
9.576e-007,0.00560819
9.5765e-007,0.00562703
9.577e-007,0.00560476
9.5775e-007,0.0056236
9.578e-007,0.00560819
9.5785e-007,0.00558249
9.579e-007,0.00551569
9.5795e-007,0.00546601
9.58e-007,0.00541634
9.5805e-007,0.00537865
9.581e-007,0.00533412
9.5815e-007,0.00529814
9.582e-007,0.00530671
9.5825e-007,0.00534097
9.583e-007,0.00537009
9.5835e-007,0.00544203
9.584e-007,0.00549513
9.5845e-007,0.00562532
9.585e-007,0.00572296
9.5855e-007,0.00584115
9.586e-007,0.00591481
9.5865e-007,0.00596619
9.587e-007,0.00599874
9.5875e-007,0.00599703
9.588e-007,0.00596277
9.5885e-007,0.00588569
9.589e-007,0.00577263
9.5895e-007,0.00567671
9.59e-007,0.00553282
9.5905e-007,0.00542319
9.591e-007,0.00535125
9.5915e-007,0.00531014
9.592e-007,0.00529472
9.5925e-007,0.00530157
9.593e-007,0.00534268
9.5935e-007,0.00543004
9.594e-007,0.00552254
9.5945e-007,0.00561504
9.595e-007,0.00568013
9.5955e-007,0.00576578
9.596e-007,0.00582231
9.5965e-007,0.00580689
9.597e-007,0.00581717
9.5975e-007,0.0058086
9.598e-007,0.00577606
9.5985e-007,0.00575893
9.599e-007,0.00572638
9.5995e-007,0.00569384
9.6e-007,0.00568527
9.6005e-007,0.00567842
9.601e-007,0.0057161
9.6015e-007,0.00574865
9.602e-007,0.0057555
9.6025e-007,0.00577948
9.603e-007,0.00582402
9.6035e-007,0.00581545
9.604e-007,0.00579147
9.6045e-007,0.00580004
9.605e-007,0.00576578
9.6055e-007,0.00570583
9.606e-007,0.00566643
9.6065e-007,0.00564759
9.607e-007,0.00560134
9.6075e-007,0.00556708
9.608e-007,0.00554138
9.6085e-007,0.00550027
9.609e-007,0.00545916
9.6095e-007,0.00542319
9.61e-007,0.00540606
9.6105e-007,0.00536838
9.611e-007,0.00533926
9.6115e-007,0.00529643
9.612e-007,0.00525703
9.6125e-007,0.00524504
9.613e-007,0.00520736
9.6135e-007,0.00517995
9.614e-007,0.00516625
9.6145e-007,0.00519194
9.615e-007,0.00519708
9.6155e-007,0.00521764
9.616e-007,0.00523477
9.6165e-007,0.00527245
9.617e-007,0.00532213
9.6175e-007,0.00534953
9.618e-007,0.00539578
9.6185e-007,0.00541805
9.619e-007,0.00545745
9.6195e-007,0.00547287
9.62e-007,0.00548657
9.6205e-007,0.00550199
9.621e-007,0.00552083
9.6215e-007,0.00553453
9.622e-007,0.00556023
9.6225e-007,0.00558078
9.623e-007,0.00558763
9.6235e-007,0.00557907
9.624e-007,0.00560134
9.6245e-007,0.00560648
9.625e-007,0.00562018
9.6255e-007,0.00564416
9.626e-007,0.00565444
9.6265e-007,0.00567328
9.627e-007,0.00566472
9.6275e-007,0.00568527
9.628e-007,0.0056887
9.6285e-007,0.00567671
9.629e-007,0.00569384
9.6295e-007,0.005663
9.63e-007,0.005663
9.6305e-007,0.0056493
9.631e-007,0.00564073
9.6315e-007,0.00564245
9.632e-007,0.00562189
9.6325e-007,0.00563388
9.633e-007,0.00566643
9.6335e-007,0.00566814
9.634e-007,0.00569041
9.6345e-007,0.00570583
9.635e-007,0.00569555
9.6355e-007,0.00569555
9.636e-007,0.00568527
9.6365e-007,0.00566472
9.637e-007,0.00563388
9.6375e-007,0.00561504
9.638e-007,0.00561504
9.6385e-007,0.0056356
9.639e-007,0.00563731
9.6395e-007,0.00570925
9.64e-007,0.00576921
9.6405e-007,0.00580346
9.641e-007,0.00585657
9.6415e-007,0.00590281
9.642e-007,0.00589768
9.6425e-007,0.00587027
9.643e-007,0.00584457
9.6435e-007,0.00576921
9.644e-007,0.00570925
9.6445e-007,0.00565272
9.645e-007,0.00560648
9.6455e-007,0.00554138
9.646e-007,0.00548828
9.6465e-007,0.00550027
9.647e-007,0.00552254
9.6475e-007,0.00556365
9.648e-007,0.00560648
9.6485e-007,0.00565444
9.649e-007,0.00569726
9.6495e-007,0.00570754
9.65e-007,0.00568698
9.6505e-007,0.00566472
9.651e-007,0.00559962
9.6515e-007,0.00554823
9.652e-007,0.00547287
9.6525e-007,0.00540263
9.653e-007,0.0053324
9.6535e-007,0.00531527
9.654e-007,0.0053187
9.6545e-007,0.00530671
9.655e-007,0.00534439
9.6555e-007,0.00537865
9.656e-007,0.00540263
9.6565e-007,0.00541463
9.657e-007,0.00544203
9.6575e-007,0.00540949
9.658e-007,0.0054112
9.6585e-007,0.00538722
9.659e-007,0.00537694
9.6595e-007,0.00534953
9.66e-007,0.00532898
9.6605e-007,0.00537351
9.661e-007,0.00540777
9.6615e-007,0.0054643
9.662e-007,0.00551911
9.6625e-007,0.00558763
9.663e-007,0.00564416
9.6635e-007,0.00573323
9.664e-007,0.00576064
9.6645e-007,0.00580004
9.665e-007,0.00580004
9.6655e-007,0.00577263
9.666e-007,0.00574694
9.6665e-007,0.0056887
9.667e-007,0.00558935
9.6675e-007,0.00551911
9.668e-007,0.00543004
9.6685e-007,0.00535125
9.669e-007,0.0052656
9.6695e-007,0.00519879
9.67e-007,0.00512685
9.6705e-007,0.00509944
9.671e-007,0.00506861
9.6715e-007,0.00505833
9.672e-007,0.00506347
9.6725e-007,0.00508917
9.673e-007,0.00510287
9.6735e-007,0.00517139
9.674e-007,0.00519537
9.6745e-007,0.00526217
9.675e-007,0.00534782
9.6755e-007,0.00541976
9.676e-007,0.00547972
9.6765e-007,0.00553796
9.677e-007,0.00555851
9.6775e-007,0.0056236
9.678e-007,0.00564759
9.6785e-007,0.00567157
9.679e-007,0.00566814
9.6795e-007,0.00566643
9.68e-007,0.00565615
9.6805e-007,0.00565958
9.681e-007,0.00566129
9.6815e-007,0.00564073
9.682e-007,0.00562532
9.6825e-007,0.00561675
9.683e-007,0.00562018
9.6835e-007,0.00562874
9.684e-007,0.00564416
9.6845e-007,0.00563902
9.685e-007,0.00563217
9.6855e-007,0.00565272
9.686e-007,0.00566129
9.6865e-007,0.00568527
9.687e-007,0.00566643
9.6875e-007,0.00568527
9.688e-007,0.00571439
9.6885e-007,0.00573152
9.689e-007,0.00574694
9.6895e-007,0.00576064
9.69e-007,0.0057555
9.6905e-007,0.00577263
9.691e-007,0.00577434
9.6915e-007,0.00577948
9.692e-007,0.00577948
9.6925e-007,0.00577434
9.693e-007,0.00576407
9.6935e-007,0.00576064
9.694e-007,0.00572981
9.6945e-007,0.00569726
9.695e-007,0.00565444
9.6955e-007,0.00563902
9.696e-007,0.0056099
9.6965e-007,0.0056099
9.697e-007,0.00560819
9.6975e-007,0.00559448
9.698e-007,0.00561333
9.6985e-007,0.00561333
9.699e-007,0.00565101
9.6995e-007,0.00565786
9.7e-007,0.00565786
9.7005e-007,0.00570069
9.701e-007,0.00572124
9.7015e-007,0.00572809
9.702e-007,0.00571953
9.7025e-007,0.00573495
9.703e-007,0.00572638
9.7035e-007,0.00573323
9.704e-007,0.00569897
9.7045e-007,0.00569555
9.705e-007,0.005663
9.7055e-007,0.00563731
9.706e-007,0.00560134
9.7065e-007,0.00555851
9.707e-007,0.00550027
9.7075e-007,0.00545745
9.708e-007,0.0054249
9.7085e-007,0.00535638
9.709e-007,0.00533412
9.7095e-007,0.00529986
9.71e-007,0.005305
9.7105e-007,0.00532041
9.711e-007,0.00538037
9.7115e-007,0.00541805
9.712e-007,0.00547287
9.7125e-007,0.00551569
9.713e-007,0.00556708
9.7135e-007,0.00561333
9.714e-007,0.00563046
9.7145e-007,0.00562018
9.715e-007,0.00558249
9.7155e-007,0.00555509
9.716e-007,0.00547972
9.7165e-007,0.00542319
9.717e-007,0.00537009
9.7175e-007,0.0053187
9.718e-007,0.00527416
9.7185e-007,0.00527245
9.719e-007,0.00528273
9.7195e-007,0.00529301
9.72e-007,0.00529814
9.7205e-007,0.00536666
9.721e-007,0.00539236
9.7215e-007,0.00541805
9.722e-007,0.00543347
9.7225e-007,0.0054643
9.723e-007,0.00549342
9.7235e-007,0.00550027
9.724e-007,0.00553453
9.7245e-007,0.00551398
9.725e-007,0.00550199
9.7255e-007,0.00548999
9.726e-007,0.00550199
9.7265e-007,0.00548999
9.727e-007,0.00544888
9.7275e-007,0.00542833
9.728e-007,0.00543175
9.7285e-007,0.00543347
9.729e-007,0.00547115
9.7295e-007,0.00553282
9.73e-007,0.00560819
9.7305e-007,0.00565958
9.731e-007,0.00571096
9.7315e-007,0.00580689
9.732e-007,0.00583772
9.7325e-007,0.00586342
9.733e-007,0.00587369
9.7335e-007,0.00585657
9.734e-007,0.00584457
9.7345e-007,0.00581717
9.735e-007,0.0057949
9.7355e-007,0.00576921
9.736e-007,0.00579147
9.7365e-007,0.00582231
9.737e-007,0.00589939
9.7375e-007,0.00598161
9.738e-007,0.0060861
9.7385e-007,0.00614948
9.739e-007,0.00622485
9.7395e-007,0.00628823
9.74e-007,0.00629508
9.7405e-007,0.00629679
9.741e-007,0.00626082
9.7415e-007,0.00620087
9.742e-007,0.00611522
9.7425e-007,0.00600902
9.743e-007,0.00591138
9.7435e-007,0.00585314
9.744e-007,0.00574865
9.7445e-007,0.00569041
9.745e-007,0.00564587
9.7455e-007,0.00563388
9.746e-007,0.00566129
9.7465e-007,0.005663
9.747e-007,0.00567671
9.7475e-007,0.00569555
9.748e-007,0.00571782
9.7485e-007,0.00572296
9.749e-007,0.00571268
9.7495e-007,0.00571439
9.75e-007,0.00572124
9.7505e-007,0.0057161
9.751e-007,0.0057161
9.7515e-007,0.00570925
9.752e-007,0.0057161
9.7525e-007,0.00572638
9.753e-007,0.00575379
9.7535e-007,0.00579147
9.754e-007,0.00581717
9.7545e-007,0.00583087
9.755e-007,0.0058874
9.7555e-007,0.00591994
9.756e-007,0.00590453
9.7565e-007,0.00589768
9.757e-007,0.00588397
9.7575e-007,0.00580004
9.758e-007,0.00573152
9.7585e-007,0.00564416
9.759e-007,0.00557222
9.7595e-007,0.00551569
9.76e-007,0.00545916
9.7605e-007,0.0054506
9.761e-007,0.00542148
9.7615e-007,0.00545745
9.762e-007,0.0055174
9.7625e-007,0.00557736
9.763e-007,0.00568184
9.7635e-007,0.00576921
9.764e-007,0.00587712
9.7645e-007,0.00591994
9.765e-007,0.00597818
9.7655e-007,0.00598846
9.766e-007,0.00595249
9.7665e-007,0.00588055
9.767e-007,0.00582916
9.7675e-007,0.00575721
9.768e-007,0.00568013
9.7685e-007,0.00559962
9.769e-007,0.00554138
9.7695e-007,0.00550884
9.77e-007,0.00552254
9.7705e-007,0.00552597
9.771e-007,0.00556536
9.7715e-007,0.0055962
9.772e-007,0.0056099
9.7725e-007,0.0056356
9.773e-007,0.00561847
9.7735e-007,0.00558763
9.774e-007,0.00555166
9.7745e-007,0.00551055
9.775e-007,0.00545574
9.7755e-007,0.00540777
9.776e-007,0.00539236
9.7765e-007,0.00538379
9.777e-007,0.00539236
9.7775e-007,0.00545402
9.778e-007,0.00552254
9.7785e-007,0.00560476
9.779e-007,0.00569041
9.7795e-007,0.00579147
9.78e-007,0.00591309
9.7805e-007,0.0059799
9.781e-007,0.00601073
9.7815e-007,0.00604328
9.782e-007,0.0060467
9.7825e-007,0.00599018
9.783e-007,0.00590795
9.7835e-007,0.00578805
9.784e-007,0.00568013
9.7845e-007,0.00556708
9.785e-007,0.00543518
9.7855e-007,0.00533069
9.786e-007,0.00525703
9.7865e-007,0.0051868
9.787e-007,0.00514227
9.7875e-007,0.00514741
9.788e-007,0.00518166
9.7885e-007,0.00520393
9.789e-007,0.00526217
9.7895e-007,0.00534782
9.79e-007,0.0054249
9.7905e-007,0.00547458
9.791e-007,0.00554652
9.7915e-007,0.00557907
9.792e-007,0.00561847
9.7925e-007,0.00560305
9.793e-007,0.00558763
9.7935e-007,0.00558078
9.794e-007,0.00553624
9.7945e-007,0.00548657
9.795e-007,0.00544717
9.7955e-007,0.00541805
9.796e-007,0.00538037
9.7965e-007,0.00534439
9.797e-007,0.00534953
9.7975e-007,0.00535467
9.798e-007,0.00536666
9.7985e-007,0.00538208
9.799e-007,0.00542833
9.7995e-007,0.00546259
9.8e-007,0.00552425
9.8005e-007,0.00557222
9.801e-007,0.00560819
9.8015e-007,0.00568698
9.802e-007,0.0057161
9.8025e-007,0.00574522
9.803e-007,0.00576235
9.8035e-007,0.00577777
9.804e-007,0.00575721
9.8045e-007,0.00573666
9.805e-007,0.0057161
9.8055e-007,0.00566472
9.806e-007,0.00563388
9.8065e-007,0.00560305
9.807e-007,0.00557907
9.8075e-007,0.0055705
9.808e-007,0.00556708
9.8085e-007,0.00560648
9.809e-007,0.00562874
9.8095e-007,0.0057024
9.81e-007,0.00573495
9.8105e-007,0.00577092
9.811e-007,0.00578805
9.8115e-007,0.00578976
9.812e-007,0.00577948
9.8125e-007,0.00579319
9.813e-007,0.00577092
9.8135e-007,0.00574694
9.814e-007,0.00570925
9.8145e-007,0.00565958
9.815e-007,0.00561161
9.8155e-007,0.0055568
9.816e-007,0.00548143
9.8165e-007,0.00545402
9.817e-007,0.00541634
9.8175e-007,0.00538893
9.818e-007,0.00540606
9.8185e-007,0.00543004
9.819e-007,0.00547115
9.8195e-007,0.0055431
9.82e-007,0.00559962
9.8205e-007,0.00565615
9.821e-007,0.00570925
9.8215e-007,0.00576578
9.822e-007,0.00577948
9.8225e-007,0.00577434
9.823e-007,0.00577606
9.8235e-007,0.00576235
9.824e-007,0.00572809
9.8245e-007,0.00568356
9.825e-007,0.00564416
9.8255e-007,0.00565272
9.826e-007,0.00565786
9.8265e-007,0.00569726
9.827e-007,0.00575721
9.8275e-007,0.00584971
9.828e-007,0.00593194
9.8285e-007,0.00600902
9.829e-007,0.00606897
9.8295e-007,0.00613406
9.83e-007,0.00612379
9.8305e-007,0.00608439
9.831e-007,0.00601244
9.8315e-007,0.00592337
9.832e-007,0.00581374
9.8325e-007,0.00572296
9.833e-007,0.00562189
9.8335e-007,0.00551226
9.834e-007,0.00546087
9.8345e-007,0.00543689
9.835e-007,0.00542833
9.8355e-007,0.00545402
9.836e-007,0.00550712
9.8365e-007,0.00557393
9.837e-007,0.00563217
9.8375e-007,0.00567499
9.838e-007,0.0056887
9.8385e-007,0.00569555
9.839e-007,0.00566472
9.8395e-007,0.005663
9.84e-007,0.00561504
9.8405e-007,0.0055705
9.841e-007,0.00551911
9.8415e-007,0.00549856
9.842e-007,0.00545916
9.8425e-007,0.0054643
9.843e-007,0.00546601
9.8435e-007,0.00544888
9.844e-007,0.00542833
9.8445e-007,0.00542148
9.845e-007,0.00540606
9.8455e-007,0.00538379
9.846e-007,0.00535125
9.8465e-007,0.0053187
9.847e-007,0.00532726
9.8475e-007,0.00532213
9.848e-007,0.00533069
9.8485e-007,0.00538893
9.849e-007,0.00546601
9.8495e-007,0.00554138
9.85e-007,0.00565615
9.8505e-007,0.00572638
9.851e-007,0.00582916
9.8515e-007,0.00589596
9.852e-007,0.00594906
9.8525e-007,0.00595934
9.853e-007,0.00596791
9.8535e-007,0.00589082
9.854e-007,0.00581545
9.8545e-007,0.00575379
9.855e-007,0.00568013
9.8555e-007,0.00560819
9.856e-007,0.00553282
9.8565e-007,0.00548657
9.857e-007,0.00547287
9.8575e-007,0.00547458
9.858e-007,0.00548314
9.8585e-007,0.00549513
9.859e-007,0.00551569
9.8595e-007,0.00550541
9.86e-007,0.00551569
9.8605e-007,0.0055174
9.861e-007,0.0055037
9.8615e-007,0.00546087
9.862e-007,0.00543689
9.8625e-007,0.00537694
9.863e-007,0.00532384
9.8635e-007,0.00528102
9.864e-007,0.00525703
9.8645e-007,0.00524676
9.865e-007,0.00524847
9.8655e-007,0.00523819
9.866e-007,0.00529643
9.8665e-007,0.00533754
9.867e-007,0.00541291
9.8675e-007,0.00546773
9.868e-007,0.00550712
9.8685e-007,0.00555166
9.869e-007,0.0055962
9.8695e-007,0.0056236
9.87e-007,0.00562874
9.8705e-007,0.00563046
9.871e-007,0.00560476
9.8715e-007,0.00558249
9.872e-007,0.00557393
9.8725e-007,0.00556879
9.873e-007,0.00554652
9.8735e-007,0.00554823
9.874e-007,0.00552597
9.8745e-007,0.00553796
9.875e-007,0.00553624
9.8755e-007,0.00554481
9.876e-007,0.00555166
9.8765e-007,0.00553453
9.877e-007,0.00549513
9.8775e-007,0.00544032
9.878e-007,0.0053975
9.8785e-007,0.00535981
9.879e-007,0.00529472
9.8795e-007,0.00523134
9.88e-007,0.00523648
9.8805e-007,0.00523819
9.881e-007,0.00525018
9.8815e-007,0.00529129
9.882e-007,0.00536838
9.8825e-007,0.00541976
9.883e-007,0.00551055
9.8835e-007,0.00559791
9.884e-007,0.00566814
9.8845e-007,0.00572296
9.885e-007,0.0057555
9.8855e-007,0.0058086
9.886e-007,0.00577434
9.8865e-007,0.00573323
9.887e-007,0.00569555
9.8875e-007,0.00566129
9.888e-007,0.00559791
9.8885e-007,0.00553282
9.889e-007,0.0054643
9.8895e-007,0.0054249
9.89e-007,0.00535125
9.8905e-007,0.00531699
9.891e-007,0.00526731
9.8915e-007,0.00522449
9.892e-007,0.00520051
9.8925e-007,0.00521935
9.893e-007,0.00522449
9.8935e-007,0.0052519
9.894e-007,0.0053187
9.8945e-007,0.00539407
9.895e-007,0.00551055
9.8955e-007,0.00563388
9.896e-007,0.00573495
9.8965e-007,0.00587369
9.897e-007,0.00596619
9.8975e-007,0.006033
9.898e-007,0.00606726
9.8985e-007,0.00609295
9.899e-007,0.0060861
9.8995e-007,0.00604156
9.9e-007,0.0060073
9.9005e-007,0.00595249
9.901e-007,0.00593022
9.9015e-007,0.00589939
9.902e-007,0.00586856
9.9025e-007,0.00588055
9.903e-007,0.00587541
9.9035e-007,0.00588911
9.904e-007,0.00591138
9.9045e-007,0.00593536
9.905e-007,0.00589939
9.9055e-007,0.00588055
9.906e-007,0.00585314
9.9065e-007,0.00581888
9.907e-007,0.00578633
9.9075e-007,0.00575721
9.908e-007,0.00576064
9.9085e-007,0.00581374
9.909e-007,0.00584286
9.9095e-007,0.00589254
9.91e-007,0.00594564
9.9105e-007,0.00597818
9.911e-007,0.00599874
9.9115e-007,0.00599703
9.912e-007,0.00596619
9.9125e-007,0.00589254
9.913e-007,0.00581888
9.9135e-007,0.00576749
9.914e-007,0.00569041
9.9145e-007,0.0056356
9.915e-007,0.0055962
9.9155e-007,0.00558421
9.916e-007,0.00561504
9.9165e-007,0.00564587
9.917e-007,0.00570069
9.9175e-007,0.00576578
9.918e-007,0.00581545
9.9185e-007,0.00586684
9.919e-007,0.00589596
9.9195e-007,0.0058617
9.92e-007,0.00582059
9.9205e-007,0.00577948
9.921e-007,0.00568356
9.9215e-007,0.00558935
9.922e-007,0.00545402
9.9225e-007,0.00532384
9.923e-007,0.00522963
9.9235e-007,0.00517653
9.924e-007,0.00514055
9.9245e-007,0.00514912
9.925e-007,0.00517481
9.9255e-007,0.00522963
9.926e-007,0.00532384
9.9265e-007,0.00543518
9.927e-007,0.00554995
9.9275e-007,0.00567499
9.928e-007,0.00579319
9.9285e-007,0.00590795
9.929e-007,0.00599018
9.9295e-007,0.00604328
9.93e-007,0.00609638
9.9305e-007,0.00610494
9.931e-007,0.00608267
9.9315e-007,0.00605013
9.932e-007,0.00601073
9.9325e-007,0.00595592
9.933e-007,0.00589939
9.9335e-007,0.00584286
9.934e-007,0.00578633
9.9345e-007,0.00573837
9.935e-007,0.00569041
9.9355e-007,0.00569555
9.936e-007,0.0056887
9.9365e-007,0.0057024
9.937e-007,0.0057024
9.9375e-007,0.00572124
9.938e-007,0.00575208
9.9385e-007,0.00580175
9.939e-007,0.00581203
9.9395e-007,0.00587198
9.94e-007,0.00590624
9.9405e-007,0.00594564
9.941e-007,0.00596277
9.9415e-007,0.00599531
9.942e-007,0.00600045
9.9425e-007,0.0059799
9.943e-007,0.00596277
9.9435e-007,0.00590281
9.944e-007,0.00582573
9.9445e-007,0.00573666
9.945e-007,0.00565272
9.9455e-007,0.00556879
9.946e-007,0.00547458
9.9465e-007,0.00538893
9.947e-007,0.00532726
9.9475e-007,0.00530328
9.948e-007,0.00526902
9.9485e-007,0.00526902
9.949e-007,0.00529472
9.9495e-007,0.00532898
9.95e-007,0.00540435
9.9505e-007,0.00553111
9.951e-007,0.00558763
9.9515e-007,0.00565615
9.952e-007,0.00572296
9.9525e-007,0.00577263
9.953e-007,0.00581717
9.9535e-007,0.00582402
9.954e-007,0.00582573
9.9545e-007,0.00580518
9.955e-007,0.0057949
9.9555e-007,0.00578291
9.956e-007,0.00575208
9.9565e-007,0.00573323
9.957e-007,0.0057418
9.9575e-007,0.00575379
9.958e-007,0.00577092
9.9585e-007,0.00580689
9.959e-007,0.00581032
9.9595e-007,0.00581717
9.96e-007,0.00578633
9.9605e-007,0.00576235
9.961e-007,0.00569555
9.9615e-007,0.00560819
9.962e-007,0.00554138
9.9625e-007,0.00544888
9.963e-007,0.00534953
9.9635e-007,0.00528958
9.964e-007,0.00522791
9.9645e-007,0.00522791
9.965e-007,0.00522278
9.9655e-007,0.0052519
9.966e-007,0.00529986
9.9665e-007,0.00538037
9.967e-007,0.00545916
9.9675e-007,0.00553967
9.968e-007,0.00558078
9.9685e-007,0.00563388
9.969e-007,0.00564245
9.9695e-007,0.0056493
9.97e-007,0.00560819
9.9705e-007,0.00558935
9.971e-007,0.00550712
9.9715e-007,0.00542833
9.972e-007,0.00538037
9.9725e-007,0.00531014
9.973e-007,0.00524162
9.9735e-007,0.0052262
9.974e-007,0.00524162
9.9745e-007,0.00526902
9.975e-007,0.00532898
9.9755e-007,0.00537523
9.976e-007,0.00545231
9.9765e-007,0.00552425
9.977e-007,0.0055962
9.9775e-007,0.00564245
9.978e-007,0.00569726
9.9785e-007,0.00570411
9.979e-007,0.00570583
9.9795e-007,0.00564416
9.98e-007,0.00560819
9.9805e-007,0.0055568
9.981e-007,0.00547629
9.9815e-007,0.0053855
9.982e-007,0.0053187
9.9825e-007,0.00522963
9.983e-007,0.00518338
9.9835e-007,0.00515597
9.984e-007,0.00516111
9.9845e-007,0.00516796
9.985e-007,0.0051868
9.9855e-007,0.0052519
9.986e-007,0.00532898
9.9865e-007,0.0054112
9.987e-007,0.00549856
9.9875e-007,0.00557736
9.988e-007,0.00562703
9.9885e-007,0.00566985
9.989e-007,0.00565958
9.9895e-007,0.0056356
9.99e-007,0.00561333
9.9905e-007,0.00556023
9.991e-007,0.00548657
9.9915e-007,0.00546087
9.992e-007,0.00540263
9.9925e-007,0.00536324
9.993e-007,0.00534439
9.9935e-007,0.00535467
9.994e-007,0.00535981
9.9945e-007,0.00540435
9.995e-007,0.00544203
9.9955e-007,0.00545916
9.996e-007,0.00545574
9.9965e-007,0.00544717
9.997e-007,0.00544546
9.9975e-007,0.00540263
9.998e-007,0.00539578
9.9985e-007,0.00539236
9.999e-007,0.00537523
9.9995e-007,0.00538893
1e-006,0.00539578
1.00005e-006,0.0054112
1.0001e-006,0.00544032
1.00015e-006,0.00547115
1.0002e-006,0.00550199
1.00025e-006,0.00555509
1.0003e-006,0.00560648
1.00035e-006,0.00565958
1.0004e-006,0.00568013
1.00045e-006,0.00571953
1.0005e-006,0.00576064
1.00055e-006,0.00580175
1.0006e-006,0.00583601
1.00065e-006,0.00585828
1.0007e-006,0.00589254
1.00075e-006,0.00591138
1.0008e-006,0.00589768
1.00085e-006,0.00586684
1.0009e-006,0.00582573
1.00095e-006,0.00575893
1.001e-006,0.00569897
1.00105e-006,0.00560476
1.0011e-006,0.00553796
1.00115e-006,0.00550199
1.0012e-006,0.00545916
1.00125e-006,0.00544375
1.0013e-006,0.00547458
1.00135e-006,0.00551226
1.0014e-006,0.00556194
1.00145e-006,0.00564073
1.0015e-006,0.00568356
1.00155e-006,0.00576749
1.0016e-006,0.00579661
1.00165e-006,0.00582745
1.0017e-006,0.00583601
1.00175e-006,0.00580689
1.0018e-006,0.00576749
1.00185e-006,0.00569212
1.0019e-006,0.0056099
1.00195e-006,0.00556365
1.002e-006,0.00550884
1.00205e-006,0.00547629
1.0021e-006,0.00544717
1.00215e-006,0.00543861
1.0022e-006,0.00547287
1.00225e-006,0.00552083
1.0023e-006,0.00557393
1.00235e-006,0.00561847
1.0024e-006,0.00564416
1.00245e-006,0.0057024
1.0025e-006,0.0057418
1.00255e-006,0.00577777
1.0026e-006,0.00578805
1.00265e-006,0.00577777
1.0027e-006,0.0057555
1.00275e-006,0.0057418
1.0028e-006,0.00568698
1.00285e-006,0.00564587
1.0029e-006,0.00560648
1.00295e-006,0.00556879
1.003e-006,0.00553282
1.00305e-006,0.00550884
1.0031e-006,0.00551055
1.00315e-006,0.0055037
1.0032e-006,0.00548486
1.00325e-006,0.00545916
1.0033e-006,0.00545574
1.00335e-006,0.0054506
1.0034e-006,0.00545745
1.00345e-006,0.00547115
1.0035e-006,0.00547458
1.00355e-006,0.00545402
1.0036e-006,0.0054643
1.00365e-006,0.00546601
1.0037e-006,0.00543518
1.00375e-006,0.00543347
1.0038e-006,0.00542662
1.00385e-006,0.0054249
1.0039e-006,0.00543004
1.00395e-006,0.00543689
1.004e-006,0.00542833
1.00405e-006,0.00542319
1.0041e-006,0.00542833
1.00415e-006,0.0054249
1.0042e-006,0.00540777
1.00425e-006,0.00541463
1.0043e-006,0.00544032
1.00435e-006,0.0054249
1.0044e-006,0.00543518
1.00445e-006,0.00543175
1.0045e-006,0.00540606
1.00455e-006,0.0053975
1.0046e-006,0.00536838
1.00465e-006,0.00535638
1.0047e-006,0.00535296
1.00475e-006,0.00532726
1.0048e-006,0.00532898
1.00485e-006,0.00534268
1.0049e-006,0.00532726
1.00495e-006,0.00534268
1.005e-006,0.00536666
1.00505e-006,0.00539407
1.0051e-006,0.00539236
1.00515e-006,0.00543004
1.0052e-006,0.00543689
1.00525e-006,0.00545916
1.0053e-006,0.0054506
1.00535e-006,0.00545402
1.0054e-006,0.00542833
1.00545e-006,0.00541463
1.0055e-006,0.00540263
1.00555e-006,0.00539236
1.0056e-006,0.00538722
1.00565e-006,0.00537865
1.0057e-006,0.00540263
1.00575e-006,0.00541463
1.0058e-006,0.00545231
1.00585e-006,0.00547287
1.0059e-006,0.00551569
1.00595e-006,0.00553796
1.006e-006,0.00553453
1.00605e-006,0.00553282
1.0061e-006,0.00555337
1.00615e-006,0.00553796
1.0062e-006,0.00552597
1.00625e-006,0.00549685
1.0063e-006,0.00548486
1.00635e-006,0.00549342
1.0064e-006,0.0054506
1.00645e-006,0.00545231
1.0065e-006,0.00545745
1.00655e-006,0.00544717
1.0066e-006,0.00545402
1.00665e-006,0.00546773
1.0067e-006,0.00548143
1.00675e-006,0.00547972
1.0068e-006,0.0055174
1.00685e-006,0.00555509
1.0069e-006,0.00557907
1.00695e-006,0.00562189
1.007e-006,0.00565958
1.00705e-006,0.00568527
1.0071e-006,0.00572467
1.00715e-006,0.0057418
1.0072e-006,0.00577777
1.00725e-006,0.00577606
1.0073e-006,0.00577606
1.00735e-006,0.00577777
1.0074e-006,0.0057418
1.00745e-006,0.00567671
1.0075e-006,0.0056236
1.00755e-006,0.00557736
1.0076e-006,0.00548828
1.00765e-006,0.00543689
1.0077e-006,0.00538208
1.00775e-006,0.00535467
1.0078e-006,0.00532041
1.00785e-006,0.00534268
1.0079e-006,0.00534268
1.00795e-006,0.00541634
1.008e-006,0.00547458
1.00805e-006,0.00554823
1.0081e-006,0.00561847
1.00815e-006,0.00568356
1.0082e-006,0.00571782
1.00825e-006,0.00576235
1.0083e-006,0.00581203
1.00835e-006,0.00580518
1.0084e-006,0.00576064
1.00845e-006,0.0057161
1.0085e-006,0.0056493
1.00855e-006,0.0056099
1.0086e-006,0.0055431
1.00865e-006,0.00547287
1.0087e-006,0.00543689
1.00875e-006,0.00542662
1.0088e-006,0.00543518
1.00885e-006,0.00547972
1.0089e-006,0.00554138
1.00895e-006,0.00560134
1.009e-006,0.00563731
1.00905e-006,0.00567671
1.0091e-006,0.00571096
1.00915e-006,0.00571953
1.0092e-006,0.00570754
1.00925e-006,0.00568013
1.0093e-006,0.00563388
1.00935e-006,0.00558249
1.0094e-006,0.00554481
1.00945e-006,0.00553282
1.0095e-006,0.00548999
1.00955e-006,0.00546944
1.0096e-006,0.00543689
1.00965e-006,0.00547115
1.0097e-006,0.00547115
1.00975e-006,0.005478
1.0098e-006,0.00547287
1.00985e-006,0.00547972
1.0099e-006,0.00548828
1.00995e-006,0.005478
1.01e-006,0.00551055
1.01005e-006,0.00550884
1.0101e-006,0.00550884
1.01015e-006,0.00550884
1.0102e-006,0.00551398
1.01025e-006,0.00552254
1.0103e-006,0.00548314
1.01035e-006,0.00546773
1.0104e-006,0.00547287
1.01045e-006,0.00545745
1.0105e-006,0.00540092
1.01055e-006,0.00540092
1.0106e-006,0.00535467
1.01065e-006,0.0053718
1.0107e-006,0.00537694
1.01075e-006,0.00538208
1.0108e-006,0.00539407
1.01085e-006,0.00543689
1.0109e-006,0.00546944
1.01095e-006,0.0055037
1.011e-006,0.00550884
1.01105e-006,0.00549685
1.0111e-006,0.00547115
1.01115e-006,0.00541634
1.0112e-006,0.00539578
1.01125e-006,0.0053581
1.0113e-006,0.00534782
1.01135e-006,0.00536495
1.0114e-006,0.00540777
1.01145e-006,0.00546944
1.0115e-006,0.00554138
1.01155e-006,0.00565272
1.0116e-006,0.00575721
1.01165e-006,0.00584629
1.0117e-006,0.00590795
1.01175e-006,0.00594564
1.0118e-006,0.00594564
1.01185e-006,0.00592508
1.0119e-006,0.00585485
1.01195e-006,0.00576064
1.012e-006,0.00565615
1.01205e-006,0.00554823
1.0121e-006,0.00543175
1.01215e-006,0.00535467
1.0122e-006,0.00530671
1.01225e-006,0.00527074
1.0123e-006,0.00528273
1.01235e-006,0.00529643
1.0124e-006,0.005305
1.01245e-006,0.00534782
1.0125e-006,0.00539578
1.01255e-006,0.00546259
1.0126e-006,0.00552597
1.01265e-006,0.0055705
1.0127e-006,0.00559962
1.01275e-006,0.00563046
1.0128e-006,0.00563731
1.01285e-006,0.00562189
1.0129e-006,0.00559448
1.01295e-006,0.00556708
1.013e-006,0.00555166
1.01305e-006,0.00553453
1.0131e-006,0.00553453
1.01315e-006,0.00553967
1.0132e-006,0.00555166
1.01325e-006,0.00557564
1.0133e-006,0.00557222
1.01335e-006,0.00558421
1.0134e-006,0.00559962
1.01345e-006,0.00560819
1.0135e-006,0.00559448
1.01355e-006,0.00557736
1.0136e-006,0.00554995
1.01365e-006,0.00551569
1.0137e-006,0.00547287
1.01375e-006,0.00544888
1.0138e-006,0.00544546
1.01385e-006,0.00542319
1.0139e-006,0.00544032
1.01395e-006,0.00546944
1.014e-006,0.00550199
1.01405e-006,0.00556023
1.0141e-006,0.00558249
1.01415e-006,0.00561847
1.0142e-006,0.00564587
1.01425e-006,0.00565786
1.0143e-006,0.00565615
1.01435e-006,0.00566472
1.0144e-006,0.00563731
1.01445e-006,0.00564587
1.0145e-006,0.0056356
1.01455e-006,0.00566129
1.0146e-006,0.00569726
1.01465e-006,0.0057161
1.0147e-006,0.00575893
1.01475e-006,0.0057812
1.0148e-006,0.00581888
1.01485e-006,0.00583258
1.0149e-006,0.00586513
1.01495e-006,0.00585143
1.015e-006,0.00583601
1.01505e-006,0.00578633
1.0151e-006,0.00573323
1.01515e-006,0.005663
1.0152e-006,0.00557564
1.01525e-006,0.00551911
1.0153e-006,0.00545745
1.01535e-006,0.0054249
1.0154e-006,0.00537865
1.01545e-006,0.0054112
1.0155e-006,0.00544546
1.01555e-006,0.00548314
1.0156e-006,0.00557907
1.01565e-006,0.00569726
1.0157e-006,0.0057812
1.01575e-006,0.0058874
1.0158e-006,0.00598161
1.01585e-006,0.00603985
1.0159e-006,0.00606897
1.01595e-006,0.00606212
1.016e-006,0.00602443
1.01605e-006,0.00596619
1.0161e-006,0.00591138
1.01615e-006,0.00586513
1.0162e-006,0.00578805
1.01625e-006,0.00573323
1.0163e-006,0.00574694
1.01635e-006,0.00574522
1.0164e-006,0.00575208
1.01645e-006,0.00575208
1.0165e-006,0.00573495
1.01655e-006,0.00571439
1.0166e-006,0.00566643
1.01665e-006,0.00562703
1.0167e-006,0.00555337
1.01675e-006,0.00547287
1.0168e-006,0.00537009
1.01685e-006,0.00528102
1.0169e-006,0.0052125
1.01695e-006,0.00516625
1.017e-006,0.00513028
1.01705e-006,0.00512685
1.0171e-006,0.0051594
1.01715e-006,0.00520393
1.0172e-006,0.00526389
1.01725e-006,0.00532555
1.0173e-006,0.00536838
1.01735e-006,0.00540263
1.0174e-006,0.00542148
1.01745e-006,0.00544546
1.0175e-006,0.0054249
1.01755e-006,0.00541634
1.0176e-006,0.00540606
1.01765e-006,0.00539407
1.0177e-006,0.00540435
1.01775e-006,0.00542833
1.0178e-006,0.00544032
1.01785e-006,0.005478
1.0179e-006,0.00550712
1.01795e-006,0.00552425
1.018e-006,0.00554823
1.01805e-006,0.00553282
1.0181e-006,0.00551226
1.01815e-006,0.0055037
1.0182e-006,0.0054643
1.01825e-006,0.00541805
1.0183e-006,0.00537009
1.01835e-006,0.00532898
1.0184e-006,0.00527245
1.01845e-006,0.0052519
1.0185e-006,0.00523819
1.01855e-006,0.00521935
1.0186e-006,0.00519708
1.01865e-006,0.00517995
1.0187e-006,0.00518166
1.01875e-006,0.00516625
1.0188e-006,0.00517481
1.01885e-006,0.00517481
1.0189e-006,0.00516625
1.01895e-006,0.00520736
1.019e-006,0.00521764
1.01905e-006,0.00523134
1.0191e-006,0.00522963
1.01915e-006,0.00524847
1.0192e-006,0.00524504
1.01925e-006,0.00523648
1.0193e-006,0.00520565
1.01935e-006,0.00517139
1.0194e-006,0.00511486
1.01945e-006,0.0050669
1.0195e-006,0.0050412
1.01955e-006,0.00501208
1.0196e-006,0.00500352
1.01965e-006,0.00504805
1.0197e-006,0.00507546
1.01975e-006,0.00514912
1.0198e-006,0.00524676
1.01985e-006,0.00535296
1.0199e-006,0.0054643
1.01995e-006,0.0055568
1.02e-006,0.00564759
1.02005e-006,0.00572296
1.0201e-006,0.00575208
1.02015e-006,0.00577092
1.0202e-006,0.00576921
1.02025e-006,0.00573152
1.0203e-006,0.00571096
1.02035e-006,0.00569384
1.0204e-006,0.00566129
1.02045e-006,0.00562189
1.0205e-006,0.00562018
1.02055e-006,0.00561161
1.0206e-006,0.00558592
1.02065e-006,0.00556879
1.0207e-006,0.0055174
1.02075e-006,0.00548314
1.0208e-006,0.00544546
1.02085e-006,0.00539407
1.0209e-006,0.00535981
1.02095e-006,0.00533926
1.021e-006,0.00532384
1.02105e-006,0.00532384
1.0211e-006,0.00532726
1.02115e-006,0.00536152
1.0212e-006,0.00541805
1.02125e-006,0.00548657
1.0213e-006,0.00553624
1.02135e-006,0.00556708
1.0214e-006,0.00556023
1.02145e-006,0.00555166
1.0215e-006,0.00552425
1.02155e-006,0.00546259
1.0216e-006,0.00537865
1.02165e-006,0.0053324
1.0217e-006,0.00526389
1.02175e-006,0.00523477
1.0218e-006,0.00519708
1.02185e-006,0.00518852
1.0219e-006,0.00520736
1.02195e-006,0.00527416
1.022e-006,0.00533069
1.02205e-006,0.00543175
1.0221e-006,0.00551911
1.02215e-006,0.00559791
1.0222e-006,0.00565958
1.02225e-006,0.00573495
1.0223e-006,0.00572638
1.02235e-006,0.00571096
1.0224e-006,0.00569897
1.02245e-006,0.00563046
1.0225e-006,0.00556194
1.02255e-006,0.00548314
1.0226e-006,0.00539921
1.02265e-006,0.00532898
1.0227e-006,0.0052793
1.02275e-006,0.00523305
1.0228e-006,0.0051731
1.02285e-006,0.00517481
1.0229e-006,0.0052125
1.02295e-006,0.00525875
1.023e-006,0.00535467
1.02305e-006,0.00544032
1.0231e-006,0.00551226
1.02315e-006,0.00560476
1.0232e-006,0.00566472
1.02325e-006,0.00569384
1.0233e-006,0.00570069
1.02335e-006,0.00571782
1.0234e-006,0.00568013
1.02345e-006,0.0055962
1.0235e-006,0.00551569
1.02355e-006,0.0054249
1.0236e-006,0.00533754
1.02365e-006,0.00526046
1.0237e-006,0.00520565
1.02375e-006,0.00517995
1.0238e-006,0.00519194
1.02385e-006,0.00522106
1.0239e-006,0.00528273
1.02395e-006,0.0053855
1.024e-006,0.0054643
1.02405e-006,0.00558078
1.0241e-006,0.00568527
1.02415e-006,0.00576578
1.0242e-006,0.00581374
1.02425e-006,0.0058343
1.0243e-006,0.00584457
1.02435e-006,0.00584115
1.0244e-006,0.00578976
1.02445e-006,0.00573323
1.0245e-006,0.00568527
1.02455e-006,0.005663
1.0246e-006,0.00561504
1.02465e-006,0.00557393
1.0247e-006,0.00554823
1.02475e-006,0.00554138
1.0248e-006,0.00553624
1.02485e-006,0.00554138
1.0249e-006,0.00552768
1.02495e-006,0.00554652
1.025e-006,0.0055431
1.02505e-006,0.00553624
1.0251e-006,0.00553624
1.02515e-006,0.00550884
1.0252e-006,0.00547287
1.02525e-006,0.00544546
1.0253e-006,0.00543004
1.02535e-006,0.00540435
1.0254e-006,0.00538208
1.02545e-006,0.00538037
1.0255e-006,0.00537351
1.02555e-006,0.00536324
1.0256e-006,0.0053718
1.02565e-006,0.00536324
1.0257e-006,0.00538037
1.02575e-006,0.00538893
1.0258e-006,0.00541634
1.02585e-006,0.0054249
1.0259e-006,0.00545745
1.02595e-006,0.00548828
1.026e-006,0.00551398
1.02605e-006,0.0055037
1.0261e-006,0.00552939
1.02615e-006,0.0055431
1.0262e-006,0.0055431
1.02625e-006,0.0055568
1.0263e-006,0.00559791
1.02635e-006,0.00558249
1.0264e-006,0.00559277
1.02645e-006,0.00557907
1.0265e-006,0.00557393
1.02655e-006,0.00556023
1.0266e-006,0.00556708
1.02665e-006,0.00557393
1.0267e-006,0.0055962
1.02675e-006,0.00559791
1.0268e-006,0.00561333
1.02685e-006,0.00561161
1.0269e-006,0.00559791
1.02695e-006,0.00558421
1.027e-006,0.00557736
1.02705e-006,0.0055431
1.0271e-006,0.00551398
1.02715e-006,0.00550199
1.0272e-006,0.00547972
1.02725e-006,0.00544888
1.0273e-006,0.00546259
1.02735e-006,0.0054643
1.0274e-006,0.00545231
1.02745e-006,0.00546944
1.0275e-006,0.00550884
1.02755e-006,0.00553796
1.0276e-006,0.00555509
1.02765e-006,0.00559277
1.0277e-006,0.00558592
1.02775e-006,0.00560648
1.0278e-006,0.00563902
1.02785e-006,0.00567328
1.0279e-006,0.00563902
1.02795e-006,0.00562703
1.028e-006,0.00560476
1.02805e-006,0.00559791
1.0281e-006,0.00557736
1.02815e-006,0.00555166
1.0282e-006,0.00554652
1.02825e-006,0.00558078
1.0283e-006,0.00560134
1.02835e-006,0.00564759
1.0284e-006,0.00569041
1.02845e-006,0.0057418
1.0285e-006,0.00577092
1.02855e-006,0.00578805
1.0286e-006,0.00578976
1.02865e-006,0.00578805
1.0287e-006,0.00576749
1.02875e-006,0.00572809
1.0288e-006,0.00565958
1.02885e-006,0.00564073
1.0289e-006,0.00558249
1.02895e-006,0.00553453
1.029e-006,0.00546601
1.02905e-006,0.00545231
1.0291e-006,0.00543004
1.02915e-006,0.00541805
1.0292e-006,0.00543689
1.02925e-006,0.00544546
1.0293e-006,0.00543861
1.02935e-006,0.00543689
1.0294e-006,0.00541463
1.02945e-006,0.00541463
1.0295e-006,0.0054249
1.02955e-006,0.00540435
1.0296e-006,0.00540263
1.02965e-006,0.00537351
1.0297e-006,0.00538037
1.02975e-006,0.00539407
1.0298e-006,0.00539064
1.02985e-006,0.00542833
1.0299e-006,0.00543347
1.02995e-006,0.00546773
1.03e-006,0.00550712
1.03005e-006,0.00550541
1.0301e-006,0.00553624
1.03015e-006,0.00552254
1.0302e-006,0.00554995
1.03025e-006,0.00557393
1.0303e-006,0.0055705
1.03035e-006,0.00554823
1.0304e-006,0.00550884
1.03045e-006,0.00548486
1.0305e-006,0.00542662
1.03055e-006,0.00537865
1.0306e-006,0.00533754
1.03065e-006,0.00528787
1.0307e-006,0.00525018
1.03075e-006,0.00521764
1.0308e-006,0.00521421
1.03085e-006,0.00520051
1.0309e-006,0.00519708
1.03095e-006,0.00523134
1.031e-006,0.0052793
1.03105e-006,0.0053324
1.0311e-006,0.00539921
1.03115e-006,0.00545402
1.0312e-006,0.00552597
1.03125e-006,0.00557907
1.0313e-006,0.00563046
1.03135e-006,0.00566985
1.0314e-006,0.00572124
1.03145e-006,0.00578462
1.0315e-006,0.00582059
1.03155e-006,0.00585657
1.0316e-006,0.00590795
1.03165e-006,0.0059405
1.0317e-006,0.00596962
1.03175e-006,0.00599531
1.0318e-006,0.0060073
1.03185e-006,0.0059936
1.0319e-006,0.0059542
1.03195e-006,0.00591309
1.032e-006,0.00585485
1.03205e-006,0.00576407
1.0321e-006,0.00567157
1.03215e-006,0.00558078
1.0322e-006,0.00549342
1.03225e-006,0.00541291
1.0323e-006,0.00536838
1.03235e-006,0.00534782
1.0324e-006,0.00534439
1.03245e-006,0.00539236
1.0325e-006,0.00541634
1.03255e-006,0.00545745
1.0326e-006,0.00549342
1.03265e-006,0.00550199
1.0327e-006,0.00551226
1.03275e-006,0.00548486
1.0328e-006,0.00541634
1.03285e-006,0.00534097
1.0329e-006,0.00527245
1.03295e-006,0.00520222
1.033e-006,0.00516967
1.03305e-006,0.00514912
1.0331e-006,0.00516111
1.03315e-006,0.00518852
1.0332e-006,0.0052656
1.03325e-006,0.00535467
1.0333e-006,0.00544546
1.03335e-006,0.00553967
1.0334e-006,0.00563731
1.03345e-006,0.00567842
1.0335e-006,0.00569555
1.03355e-006,0.00567328
1.0336e-006,0.00562018
1.03365e-006,0.00558078
1.0337e-006,0.00553624
1.03375e-006,0.00546087
1.0338e-006,0.00540092
1.03385e-006,0.0053975
1.0339e-006,0.00537865
1.03395e-006,0.00537523
1.034e-006,0.00540092
1.03405e-006,0.00545745
1.0341e-006,0.00550199
1.03415e-006,0.00556879
1.0342e-006,0.00560476
1.03425e-006,0.005663
1.0343e-006,0.00568184
1.03435e-006,0.00573837
1.0344e-006,0.0057555
1.03445e-006,0.00576578
1.0345e-006,0.00579147
1.03455e-006,0.00582745
1.0346e-006,0.00581374
1.03465e-006,0.00580689
1.0347e-006,0.00579147
1.03475e-006,0.00577948
1.0348e-006,0.00573495
1.03485e-006,0.00570754
1.0349e-006,0.00562874
1.03495e-006,0.0055705
1.035e-006,0.00549342
1.03505e-006,0.00541634
1.0351e-006,0.00537009
1.03515e-006,0.00534782
1.0352e-006,0.00535638
1.03525e-006,0.00540606
1.0353e-006,0.00545574
1.03535e-006,0.00554138
1.0354e-006,0.00562874
1.03545e-006,0.00572296
1.0355e-006,0.0058086
1.03555e-006,0.00588226
1.0356e-006,0.00590281
1.03565e-006,0.00589939
1.0357e-006,0.00585143
1.03575e-006,0.00577606
1.0358e-006,0.00571268
1.03585e-006,0.00563046
1.0359e-006,0.00553967
1.03595e-006,0.00547115
1.036e-006,0.00540435
1.03605e-006,0.00537523
1.0361e-006,0.00536666
1.03615e-006,0.00536838
1.0362e-006,0.00539921
1.03625e-006,0.00544888
1.0363e-006,0.00548657
1.03635e-006,0.00559106
1.0364e-006,0.00564587
1.03645e-006,0.00571096
1.0365e-006,0.00577948
1.03655e-006,0.00583944
1.0366e-006,0.00587883
1.03665e-006,0.00592851
1.0367e-006,0.00594393
1.03675e-006,0.00593536
1.0368e-006,0.00591652
1.03685e-006,0.00589254
1.0369e-006,0.00582231
1.03695e-006,0.00575893
1.037e-006,0.00569726
1.03705e-006,0.00560134
1.0371e-006,0.00552597
1.03715e-006,0.00543175
1.0372e-006,0.00537694
1.03725e-006,0.00532898
1.0373e-006,0.00530157
1.03735e-006,0.00526217
1.0374e-006,0.0052399
1.03745e-006,0.00525018
1.0375e-006,0.00527245
1.03755e-006,0.00527416
1.0376e-006,0.0052793
1.03765e-006,0.00529301
1.0377e-006,0.00529986
1.03775e-006,0.00528787
1.0378e-006,0.00529472
1.03785e-006,0.0053187
1.0379e-006,0.00532213
1.03795e-006,0.00534439
1.038e-006,0.00538208
1.03805e-006,0.00541291
1.0381e-006,0.00548828
1.03815e-006,0.00555851
1.0382e-006,0.00563388
1.03825e-006,0.00570754
1.0383e-006,0.00575721
1.03835e-006,0.00578805
1.0384e-006,0.0057949
1.03845e-006,0.00577434
1.0385e-006,0.00569384
1.03855e-006,0.00561504
1.0386e-006,0.00552597
1.03865e-006,0.00542319
1.0387e-006,0.00528615
1.03875e-006,0.00518166
1.0388e-006,0.00508403
1.03885e-006,0.00503778
1.0389e-006,0.00500866
1.03895e-006,0.00503092
1.039e-006,0.0050669
1.03905e-006,0.00517139
1.0391e-006,0.00524847
1.03915e-006,0.0053718
1.0392e-006,0.00544888
1.03925e-006,0.00554138
1.0393e-006,0.00558421
1.03935e-006,0.0056236
1.0394e-006,0.00564416
1.03945e-006,0.00564759
1.0395e-006,0.00562532
1.03955e-006,0.00561333
1.0396e-006,0.00559277
1.03965e-006,0.00556023
1.0397e-006,0.00551911
1.03975e-006,0.00552597
1.0398e-006,0.00549342
1.03985e-006,0.00549342
1.0399e-006,0.00549513
1.03995e-006,0.00546601
1.04e-006,0.00541976
1.04005e-006,0.00540263
1.0401e-006,0.00534953
1.04015e-006,0.00533926
1.0402e-006,0.00529986
1.04025e-006,0.00528273
1.0403e-006,0.00528444
1.04035e-006,0.00527074
1.0404e-006,0.00529814
1.04045e-006,0.0053581
1.0405e-006,0.00541634
1.04055e-006,0.00547972
1.0406e-006,0.00553624
1.04065e-006,0.00560648
1.0407e-006,0.00565958
1.04075e-006,0.00567499
1.0408e-006,0.00570583
1.04085e-006,0.00573323
1.0409e-006,0.0057418
1.04095e-006,0.00571953
1.041e-006,0.00571268
1.04105e-006,0.00569897
1.0411e-006,0.00568013
1.04115e-006,0.00566814
1.0412e-006,0.00567328
1.04125e-006,0.00564759
1.0413e-006,0.00563046
1.04135e-006,0.00563046
1.0414e-006,0.00562874
1.04145e-006,0.00564416
1.0415e-006,0.00565615
1.04155e-006,0.00566643
1.0416e-006,0.00564073
1.04165e-006,0.00564245
1.0417e-006,0.00560476
1.04175e-006,0.00560134
1.0418e-006,0.00555509
1.04185e-006,0.00553967
1.0419e-006,0.00548828
1.04195e-006,0.00544717
1.042e-006,0.00540777
1.04205e-006,0.00536152
1.0421e-006,0.00533412
1.04215e-006,0.00529643
1.0422e-006,0.00527759
1.04225e-006,0.0052399
1.0423e-006,0.00521078
1.04235e-006,0.00518852
1.0424e-006,0.00516796
1.04245e-006,0.00516453
1.0425e-006,0.0051594
1.04255e-006,0.0051868
1.0426e-006,0.00522449
1.04265e-006,0.00525361
1.0427e-006,0.00532213
1.04275e-006,0.00540263
1.0428e-006,0.0054643
1.04285e-006,0.0055174
1.0429e-006,0.00557736
1.04295e-006,0.00558763
1.043e-006,0.00558078
1.04305e-006,0.00554481
1.0431e-006,0.00549685
1.04315e-006,0.0054112
1.0432e-006,0.00531699
1.04325e-006,0.0052262
1.0433e-006,0.00512856
1.04335e-006,0.0050669
1.0434e-006,0.00502236
1.04345e-006,0.00501551
1.0435e-006,0.00503092
1.04355e-006,0.00506176
1.0436e-006,0.00512
1.04365e-006,0.00521935
1.0437e-006,0.00530157
1.04375e-006,0.0053975
1.0438e-006,0.005478
1.04385e-006,0.00554481
1.0439e-006,0.00558935
1.04395e-006,0.00562189
1.044e-006,0.00563388
1.04405e-006,0.0056493
1.0441e-006,0.00567671
1.04415e-006,0.00569041
1.0442e-006,0.00572809
1.04425e-006,0.00577434
1.0443e-006,0.00579661
1.04435e-006,0.00583944
1.0444e-006,0.00585999
1.04445e-006,0.00587883
1.0445e-006,0.0058874
1.04455e-006,0.00587541
1.0446e-006,0.00583944
1.04465e-006,0.00579833
1.0447e-006,0.00573837
1.04475e-006,0.00566472
1.0448e-006,0.00558421
1.04485e-006,0.00551569
1.0449e-006,0.00544203
1.04495e-006,0.00544032
1.045e-006,0.00541805
1.04505e-006,0.00543861
1.0451e-006,0.00546259
1.04515e-006,0.00552939
1.0452e-006,0.00560305
1.04525e-006,0.00562703
1.0453e-006,0.00565786
1.04535e-006,0.00565958
1.0454e-006,0.00564073
1.04545e-006,0.00558421
1.0455e-006,0.00551226
1.04555e-006,0.00544375
1.0456e-006,0.0053718
1.04565e-006,0.00528787
1.0457e-006,0.00522791
1.04575e-006,0.00520051
1.0458e-006,0.00520907
1.04585e-006,0.00520736
1.0459e-006,0.00524504
1.04595e-006,0.0052793
1.046e-006,0.00531527
1.04605e-006,0.00533583
1.0461e-006,0.00537523
1.04615e-006,0.00538722
1.0462e-006,0.00539064
1.04625e-006,0.00536838
1.0463e-006,0.0053581
1.04635e-006,0.00534953
1.0464e-006,0.00532898
1.04645e-006,0.00533412
1.0465e-006,0.00532898
1.04655e-006,0.00531527
1.0466e-006,0.00533583
1.04665e-006,0.00534782
1.0467e-006,0.00534611
1.04675e-006,0.00537865
1.0468e-006,0.00537009
1.04685e-006,0.00535296
1.0469e-006,0.00531185
1.04695e-006,0.00527074
1.047e-006,0.00524333
1.04705e-006,0.00516625
1.0471e-006,0.00511486
1.04715e-006,0.00509944
1.0472e-006,0.0050943
1.04725e-006,0.00507032
1.0473e-006,0.00509259
1.04735e-006,0.00515597
1.0474e-006,0.00519365
1.04745e-006,0.00524847
1.0475e-006,0.00535467
1.04755e-006,0.00541976
1.0476e-006,0.00548143
1.04765e-006,0.00552254
1.0477e-006,0.0055174
1.04775e-006,0.0055174
1.0478e-006,0.00546944
1.04785e-006,0.00542148
1.0479e-006,0.00535125
1.04795e-006,0.00526902
1.048e-006,0.00521078
1.04805e-006,0.00513713
1.0481e-006,0.00511829
1.04815e-006,0.00510972
1.0482e-006,0.0050806
1.04825e-006,0.00507375
1.0483e-006,0.00505833
1.04835e-006,0.00507546
1.0484e-006,0.00506518
1.04845e-006,0.00505662
1.0485e-006,0.00503778
1.04855e-006,0.00502921
1.0486e-006,0.00500352
1.04865e-006,0.0050275
1.0487e-006,0.00502579
1.04875e-006,0.00503092
1.0488e-006,0.00504634
1.04885e-006,0.00510458
1.0489e-006,0.00517995
1.04895e-006,0.00524333
1.049e-006,0.00533069
1.04905e-006,0.00541634
1.0491e-006,0.00546773
1.04915e-006,0.00551569
1.0492e-006,0.00556023
1.04925e-006,0.00558421
1.0493e-006,0.00556536
1.04935e-006,0.00552083
1.0494e-006,0.00547115
1.04945e-006,0.00541634
1.0495e-006,0.00534611
1.04955e-006,0.00529301
1.0496e-006,0.00527074
1.04965e-006,0.00524162
1.0497e-006,0.0052399
1.04975e-006,0.00524333
1.0498e-006,0.00528444
1.04985e-006,0.0053187
1.0499e-006,0.00537351
1.04995e-006,0.0054112
1.05e-006,0.00543347
1.05005e-006,0.00546259
1.0501e-006,0.00547287
1.05015e-006,0.00547629
1.0502e-006,0.00547629
1.05025e-006,0.00547629
1.0503e-006,0.0054643
1.05035e-006,0.0054506
1.0504e-006,0.00546087
1.05045e-006,0.00546087
1.0505e-006,0.00543689
1.05055e-006,0.00544888
1.0506e-006,0.00544717
1.05065e-006,0.00545574
1.0507e-006,0.00546259
1.05075e-006,0.00544546
1.0508e-006,0.00545402
1.05085e-006,0.00542833
1.0509e-006,0.00539407
1.05095e-006,0.0053855
1.051e-006,0.00537351
1.05105e-006,0.00538037
1.0511e-006,0.0053581
1.05115e-006,0.00537523
1.0512e-006,0.00536838
1.05125e-006,0.00536838
1.0513e-006,0.00537694
1.05135e-006,0.00539236
1.0514e-006,0.00539064
1.05145e-006,0.00541976
1.0515e-006,0.00540435
1.05155e-006,0.00540435
1.0516e-006,0.00537694
1.05165e-006,0.00537009
1.0517e-006,0.00538722
1.05175e-006,0.00537694
1.0518e-006,0.00538208
1.05185e-006,0.00539064
1.0519e-006,0.00537694
1.05195e-006,0.00539407
1.052e-006,0.00541976
1.05205e-006,0.00543518
1.0521e-006,0.00547115
1.05215e-006,0.00553796
1.0522e-006,0.00557564
1.05225e-006,0.00558421
1.0523e-006,0.00558078
1.05235e-006,0.00558592
1.0524e-006,0.00559448
1.05245e-006,0.00556708
1.0525e-006,0.00550199
1.05255e-006,0.00543347
1.0526e-006,0.00537523
1.05265e-006,0.00529472
1.0527e-006,0.00522278
1.05275e-006,0.00516453
1.0528e-006,0.00511657
1.05285e-006,0.00510287
1.0529e-006,0.00510116
1.05295e-006,0.00513028
1.053e-006,0.00516967
1.05305e-006,0.00522278
1.0531e-006,0.00526389
1.05315e-006,0.00531356
1.0532e-006,0.00535125
1.05325e-006,0.00539578
1.0533e-006,0.00543004
1.05335e-006,0.00543347
1.0534e-006,0.00545745
1.05345e-006,0.00542833
1.0535e-006,0.00541634
1.05355e-006,0.00540949
1.0536e-006,0.00537694
1.05365e-006,0.00534097
1.0537e-006,0.00532898
1.05375e-006,0.00530842
1.0538e-006,0.0052793
1.05385e-006,0.00523819
1.0539e-006,0.00520736
1.05395e-006,0.00516796
1.054e-006,0.00512342
1.05405e-006,0.00508574
1.0541e-006,0.00504805
1.05415e-006,0.00502065
1.0542e-006,0.00501893
1.05425e-006,0.00503092
1.0543e-006,0.00506005
1.05435e-006,0.00510116
1.0544e-006,0.00514055
1.05445e-006,0.00520222
1.0545e-006,0.0052656
1.05455e-006,0.0053324
1.0546e-006,0.00536324
1.05465e-006,0.00540263
1.0547e-006,0.00543347
1.05475e-006,0.00544717
1.0548e-006,0.00544032
1.05485e-006,0.00544032
1.0549e-006,0.0054249
1.05495e-006,0.00539921
1.055e-006,0.00536324
1.05505e-006,0.00534611
1.0551e-006,0.00531699
1.05515e-006,0.00533583
1.0552e-006,0.00532213
1.05525e-006,0.00533069
1.0553e-006,0.00534439
1.05535e-006,0.00535981
1.0554e-006,0.00538893
1.05545e-006,0.00538379
1.0555e-006,0.00538208
1.05555e-006,0.0053855
1.0556e-006,0.00541463
1.05565e-006,0.0054249
1.0557e-006,0.00543004
1.05575e-006,0.00543861
1.0558e-006,0.00544203
1.05585e-006,0.00544717
1.0559e-006,0.00545916
1.05595e-006,0.00547458
1.056e-006,0.00544032
1.05605e-006,0.00543518
1.0561e-006,0.00542148
1.05615e-006,0.00541634
1.0562e-006,0.00540435
1.05625e-006,0.00536495
1.0563e-006,0.00535638
1.05635e-006,0.00533583
1.0564e-006,0.00532213
1.05645e-006,0.00529301
1.0565e-006,0.00528615
1.05655e-006,0.00529814
1.0566e-006,0.00531699
1.05665e-006,0.00531356
1.0567e-006,0.00532213
1.05675e-006,0.00534097
1.0568e-006,0.00534782
1.05685e-006,0.0053187
1.0569e-006,0.0053187
1.05695e-006,0.00529814
1.057e-006,0.00529301
1.05705e-006,0.00531014
1.0571e-006,0.00529472
1.05715e-006,0.00531185
1.0572e-006,0.00531699
1.05725e-006,0.00534611
1.0573e-006,0.00537865
1.05735e-006,0.00541291
1.0574e-006,0.0054506
1.05745e-006,0.00549685
1.0575e-006,0.00552597
1.05755e-006,0.00556194
1.0576e-006,0.00559962
1.05765e-006,0.00562018
1.0577e-006,0.0056099
1.05775e-006,0.0056356
1.0578e-006,0.00560134
1.05785e-006,0.00555509
1.0579e-006,0.00550884
1.05795e-006,0.00548657
1.058e-006,0.00544546
1.05805e-006,0.00545231
1.0581e-006,0.00542833
1.05815e-006,0.00543689
1.0582e-006,0.00544717
1.05825e-006,0.00550199
1.0583e-006,0.00553624
1.05835e-006,0.00559448
1.0584e-006,0.00562874
1.05845e-006,0.005663
1.0585e-006,0.00570925
1.05855e-006,0.00573837
1.0586e-006,0.00574865
1.05865e-006,0.0057555
1.0587e-006,0.00573666
1.05875e-006,0.00570583
1.0588e-006,0.00569384
1.05885e-006,0.00567671
1.0589e-006,0.00562189
1.05895e-006,0.00560648
1.059e-006,0.00558763
1.05905e-006,0.00556365
1.0591e-006,0.00553111
1.05915e-006,0.00550199
1.0592e-006,0.0054506
1.05925e-006,0.00543689
1.0593e-006,0.00539921
1.05935e-006,0.00539064
1.0594e-006,0.00535981
1.05945e-006,0.00535296
1.0595e-006,0.00533926
1.05955e-006,0.00535296
1.0596e-006,0.00537694
1.05965e-006,0.00536324
1.0597e-006,0.00538208
1.05975e-006,0.0054112
1.0598e-006,0.00541805
1.05985e-006,0.00547629
1.0599e-006,0.00552768
1.05995e-006,0.00556536
1.06e-006,0.00562532
1.06005e-006,0.005663
1.0601e-006,0.0057161
1.06015e-006,0.00575721
1.0602e-006,0.00578633
1.06025e-006,0.00581374
1.0603e-006,0.00583601
1.06035e-006,0.005848
1.0604e-006,0.00582916
1.06045e-006,0.00581032
1.0605e-006,0.00573666
1.06055e-006,0.00564587
1.0606e-006,0.0055705
1.06065e-006,0.00547629
1.0607e-006,0.00538893
1.06075e-006,0.00529814
1.0608e-006,0.00520565
1.06085e-006,0.00514398
1.0609e-006,0.00512171
1.06095e-006,0.00510972
1.061e-006,0.00513884
1.06105e-006,0.00520565
1.0611e-006,0.0052793
1.06115e-006,0.00538037
1.0612e-006,0.00549513
1.06125e-006,0.00559791
1.0613e-006,0.00570411
1.06135e-006,0.00583601
1.0614e-006,0.00590795
1.06145e-006,0.00594221
1.0615e-006,0.00596619
1.06155e-006,0.00596448
1.0616e-006,0.00592508
1.06165e-006,0.00586342
1.0617e-006,0.00575721
1.06175e-006,0.00566814
1.0618e-006,0.00554995
1.06185e-006,0.00544375
1.0619e-006,0.00536666
1.06195e-006,0.00529472
1.062e-006,0.00522791
1.06205e-006,0.00523648
1.0621e-006,0.00522106
1.06215e-006,0.00523819
1.0622e-006,0.0052399
1.06225e-006,0.00526902
1.0623e-006,0.00532384
1.06235e-006,0.00537865
1.0624e-006,0.00539236
1.06245e-006,0.0054249
1.0625e-006,0.00543518
1.06255e-006,0.00541805
1.0626e-006,0.00539578
1.06265e-006,0.00538722
1.0627e-006,0.00535638
1.06275e-006,0.00531699
1.0628e-006,0.00530157
1.06285e-006,0.00528958
1.0629e-006,0.00529301
1.06295e-006,0.00527245
1.063e-006,0.00529986
1.06305e-006,0.0053324
1.0631e-006,0.00534953
1.06315e-006,0.0053855
1.0632e-006,0.0054112
1.06325e-006,0.00543518
1.0633e-006,0.00546944
1.06335e-006,0.00547287
1.0634e-006,0.00547287
1.06345e-006,0.00547458
1.0635e-006,0.00546944
1.06355e-006,0.00549856
1.0636e-006,0.00550884
1.06365e-006,0.00552425
1.0637e-006,0.0055568
1.06375e-006,0.0055962
1.0638e-006,0.0056356
1.06385e-006,0.00567499
1.0639e-006,0.00569041
1.06395e-006,0.0056887
1.064e-006,0.00569384
1.06405e-006,0.00569726
1.0641e-006,0.00569384
1.06415e-006,0.00566814
1.0642e-006,0.00564759
1.06425e-006,0.0056356
1.0643e-006,0.00564073
1.06435e-006,0.00565444
1.0644e-006,0.00566985
1.06445e-006,0.00571439
1.0645e-006,0.00574008
1.06455e-006,0.00574351
1.0646e-006,0.00575036
1.06465e-006,0.00573837
1.0647e-006,0.00571439
1.06475e-006,0.00566129
1.0648e-006,0.00557907
1.06485e-006,0.00549342
1.0649e-006,0.00540092
1.06495e-006,0.00529472
1.065e-006,0.00520565
1.06505e-006,0.00509944
1.0651e-006,0.00504805
1.06515e-006,0.00499667
1.0652e-006,0.00495213
1.06525e-006,0.00494356
1.0653e-006,0.00494014
1.06535e-006,0.00496241
1.0654e-006,0.00499153
1.06545e-006,0.00501722
1.0655e-006,0.00504977
1.06555e-006,0.00510287
1.0656e-006,0.00512171
1.06565e-006,0.00514741
1.0657e-006,0.00513541
1.06575e-006,0.00512
1.0658e-006,0.00506347
1.06585e-006,0.00501551
1.0659e-006,0.00496926
1.06595e-006,0.00495213
1.066e-006,0.00493843
1.06605e-006,0.00494699
1.0661e-006,0.00499495
1.06615e-006,0.00503606
1.0662e-006,0.00512
1.06625e-006,0.00523819
1.0663e-006,0.00535981
1.06635e-006,0.00544032
1.0664e-006,0.00553282
1.06645e-006,0.00561675
1.0665e-006,0.00567157
1.06655e-006,0.00570583
1.0666e-006,0.00571439
1.06665e-006,0.00569726
1.0667e-006,0.00563046
1.06675e-006,0.00558935
1.0668e-006,0.00551911
1.06685e-006,0.00544203
1.0669e-006,0.00535981
1.06695e-006,0.00529129
1.067e-006,0.00523305
1.06705e-006,0.00519194
1.0671e-006,0.00515597
1.06715e-006,0.00512171
1.0672e-006,0.00508574
1.06725e-006,0.00507375
1.0673e-006,0.00506176
1.06735e-006,0.00508403
1.0674e-006,0.00506176
1.06745e-006,0.00507889
1.0675e-006,0.00510801
1.06755e-006,0.00512342
1.0676e-006,0.00515254
1.06765e-006,0.00520565
1.0677e-006,0.00524162
1.06775e-006,0.0052793
1.0678e-006,0.00531356
1.06785e-006,0.00534953
1.0679e-006,0.00538722
1.06795e-006,0.00543347
1.068e-006,0.00547972
1.06805e-006,0.00549171
1.0681e-006,0.00550712
1.06815e-006,0.00551226
1.0682e-006,0.00551911
1.06825e-006,0.00549342
1.0683e-006,0.00545916
1.06835e-006,0.00544203
1.0684e-006,0.00540263
1.06845e-006,0.00536152
1.0685e-006,0.00533754
1.06855e-006,0.00531699
1.0686e-006,0.00528102
1.06865e-006,0.00524333
1.0687e-006,0.00520907
1.06875e-006,0.00520907
1.0688e-006,0.00521592
1.06885e-006,0.00522791
1.0689e-006,0.00524676
1.06895e-006,0.005305
1.069e-006,0.00533926
1.06905e-006,0.00540092
1.0691e-006,0.00543689
1.06915e-006,0.00548486
1.0692e-006,0.0055174
1.06925e-006,0.00556536
1.0693e-006,0.00558763
1.06935e-006,0.00558421
1.0694e-006,0.00558421
1.06945e-006,0.00556536
1.0695e-006,0.00553453
1.06955e-006,0.00550199
1.0696e-006,0.00544375
1.06965e-006,0.00541634
1.0697e-006,0.00536838
1.06975e-006,0.00533412
1.0698e-006,0.00531699
1.06985e-006,0.00531014
1.0699e-006,0.00528273
1.06995e-006,0.00528273
1.07e-006,0.00527588
1.07005e-006,0.00526731
1.0701e-006,0.0052399
1.07015e-006,0.00522106
1.0702e-006,0.00521935
1.07025e-006,0.00520222
1.0703e-006,0.00516282
1.07035e-006,0.00512514
1.0704e-006,0.00512171
1.07045e-006,0.00509602
1.0705e-006,0.00509088
1.07055e-006,0.0050943
1.0706e-006,0.00508745
1.07065e-006,0.00516282
1.0707e-006,0.00520393
1.07075e-006,0.00524333
1.0708e-006,0.00530671
1.07085e-006,0.00534953
1.0709e-006,0.00539064
1.07095e-006,0.00542319
1.071e-006,0.0054506
1.07105e-006,0.0054643
1.0711e-006,0.00544032
1.07115e-006,0.00541976
1.0712e-006,0.00538893
1.07125e-006,0.00534611
1.0713e-006,0.00532898
1.07135e-006,0.00529301
1.0714e-006,0.00528102
1.07145e-006,0.00526046
1.0715e-006,0.00525018
1.07155e-006,0.00526217
1.0716e-006,0.00527416
1.07165e-006,0.0052793
1.0717e-006,0.00524676
1.07175e-006,0.0052262
1.0718e-006,0.00521764
1.07185e-006,0.00521935
1.0719e-006,0.00519879
1.07195e-006,0.00520907
1.072e-006,0.0052125
1.07205e-006,0.00521935
1.0721e-006,0.00523305
1.07215e-006,0.00528958
1.0722e-006,0.00532726
1.07225e-006,0.00540606
1.0723e-006,0.0054643
1.07235e-006,0.00552083
1.0724e-006,0.00556023
1.07245e-006,0.0056099
1.0725e-006,0.00563731
1.07255e-006,0.00563731
1.0726e-006,0.00564073
1.07265e-006,0.00561847
1.0727e-006,0.00559106
1.07275e-006,0.00555851
1.0728e-006,0.00550541
1.07285e-006,0.00548486
1.0729e-006,0.00543518
1.07295e-006,0.00542319
1.073e-006,0.00539064
1.07305e-006,0.00540949
1.0731e-006,0.00537351
1.07315e-006,0.0053855
1.0732e-006,0.00538893
1.07325e-006,0.00541805
1.0733e-006,0.00540435
1.07335e-006,0.00539578
1.0734e-006,0.00539407
1.07345e-006,0.00539921
1.0735e-006,0.00534611
1.07355e-006,0.00532555
1.0736e-006,0.00529301
1.07365e-006,0.00527245
1.0737e-006,0.00526046
1.07375e-006,0.0052656
1.0738e-006,0.00525018
1.07385e-006,0.00527245
1.0739e-006,0.00531699
1.07395e-006,0.00536324
1.074e-006,0.00541805
1.07405e-006,0.00547458
1.0741e-006,0.00551398
1.07415e-006,0.00554995
1.0742e-006,0.00557222
1.07425e-006,0.00559277
1.0743e-006,0.00557907
1.07435e-006,0.00553967
1.0744e-006,0.00545916
1.07445e-006,0.00539578
1.0745e-006,0.00532213
1.07455e-006,0.00526217
1.0746e-006,0.00516282
1.07465e-006,0.00512685
1.0747e-006,0.00506176
1.07475e-006,0.00504805
1.0748e-006,0.00503264
1.07485e-006,0.00506347
1.0749e-006,0.00510116
1.07495e-006,0.00514227
1.075e-006,0.00519708
1.07505e-006,0.00526046
1.0751e-006,0.00532213
1.07515e-006,0.00537523
1.0752e-006,0.00542319
1.07525e-006,0.0054643
1.0753e-006,0.00552254
1.07535e-006,0.00558078
1.0754e-006,0.00561675
1.07545e-006,0.00563731
1.0755e-006,0.0056493
1.07555e-006,0.00565101
1.0756e-006,0.0056356
1.07565e-006,0.00558763
1.0757e-006,0.00552254
1.07575e-006,0.00547629
1.0758e-006,0.0054112
1.07585e-006,0.00537009
1.0759e-006,0.00527759
1.07595e-006,0.00524676
1.076e-006,0.00522963
1.07605e-006,0.00520736
1.0761e-006,0.00521078
1.07615e-006,0.0052519
1.0762e-006,0.00528615
1.07625e-006,0.00534268
1.0763e-006,0.00542148
1.07635e-006,0.00546601
1.0764e-006,0.00549171
1.07645e-006,0.00553796
1.0765e-006,0.00555851
1.07655e-006,0.00555851
1.0766e-006,0.00553624
1.07665e-006,0.00553624
1.0767e-006,0.00550199
1.07675e-006,0.00548143
1.0768e-006,0.00544717
1.07685e-006,0.00540263
1.0769e-006,0.00538379
1.07695e-006,0.00537523
1.077e-006,0.0053718
1.07705e-006,0.00537865
1.0771e-006,0.0053855
1.07715e-006,0.00538893
1.0772e-006,0.00541291
1.07725e-006,0.00544546
1.0773e-006,0.00547629
1.07735e-006,0.00551911
1.0774e-006,0.00556708
1.07745e-006,0.00561504
1.0775e-006,0.00564073
1.07755e-006,0.0056356
1.0776e-006,0.0056493
1.07765e-006,0.00564245
1.0777e-006,0.00562018
1.07775e-006,0.00558592
1.0778e-006,0.00552083
1.07785e-006,0.00550199
1.0779e-006,0.0054643
1.07795e-006,0.00543518
1.078e-006,0.00539407
1.07805e-006,0.0053975
1.0781e-006,0.0053855
1.07815e-006,0.00543861
1.0782e-006,0.00544717
1.07825e-006,0.00545231
1.0783e-006,0.00549685
1.07835e-006,0.00556879
1.0784e-006,0.00557564
1.07845e-006,0.00557564
1.0785e-006,0.00557222
1.07855e-006,0.00552254
1.0786e-006,0.00546773
1.07865e-006,0.00540606
1.0787e-006,0.00534097
1.07875e-006,0.00528787
1.0788e-006,0.00521421
1.07885e-006,0.00518166
1.0789e-006,0.0051868
1.07895e-006,0.0051731
1.079e-006,0.00518852
1.07905e-006,0.00520222
1.0791e-006,0.00524847
1.07915e-006,0.0052656
1.0792e-006,0.00531356
1.07925e-006,0.00535125
1.0793e-006,0.00535467
1.07935e-006,0.00536152
1.0794e-006,0.00532726
1.07945e-006,0.00528102
1.0795e-006,0.00523819
1.07955e-006,0.00516967
1.0796e-006,0.00512171
1.07965e-006,0.00509259
1.0797e-006,0.00507717
1.07975e-006,0.00510287
1.0798e-006,0.00510116
1.07985e-006,0.00513713
1.0799e-006,0.00519879
1.07995e-006,0.00524847
1.08e-006,0.00528102
1.08005e-006,0.00535467
1.0801e-006,0.00538722
1.08015e-006,0.00540092
1.0802e-006,0.00537694
1.08025e-006,0.00539407
1.0803e-006,0.00533412
1.08035e-006,0.005305
1.0804e-006,0.00527759
1.08045e-006,0.00520393
1.0805e-006,0.00516453
1.08055e-006,0.00514227
1.0806e-006,0.0051337
1.08065e-006,0.00514912
1.0807e-006,0.00517139
1.08075e-006,0.00521078
1.0808e-006,0.00527245
1.08085e-006,0.00533583
1.0809e-006,0.00540777
1.08095e-006,0.00546601
1.081e-006,0.00551055
1.08105e-006,0.0055568
1.0811e-006,0.00558592
1.08115e-006,0.00562874
1.0812e-006,0.00565101
1.08125e-006,0.00565958
1.0813e-006,0.00568184
1.08135e-006,0.00569212
1.0814e-006,0.00565958
1.08145e-006,0.00565101
1.0815e-006,0.00559962
1.08155e-006,0.0055705
1.0816e-006,0.00554138
1.08165e-006,0.00549685
1.0817e-006,0.00546773
1.08175e-006,0.00546773
1.0818e-006,0.00546259
1.08185e-006,0.00548828
1.0819e-006,0.00551055
1.08195e-006,0.0055705
1.082e-006,0.00560134
1.08205e-006,0.00564587
1.0821e-006,0.00569555
1.08215e-006,0.00572638
1.0822e-006,0.0057418
1.08225e-006,0.00571268
1.0823e-006,0.00569041
1.08235e-006,0.0056356
1.0824e-006,0.0055962
1.08245e-006,0.00553624
1.0825e-006,0.00545574
1.08255e-006,0.00541291
1.0826e-006,0.00535296
1.08265e-006,0.00529643
1.0827e-006,0.00524847
1.08275e-006,0.00522963
1.0828e-006,0.00523134
1.08285e-006,0.00525532
1.0829e-006,0.00526046
1.08295e-006,0.00528102
1.083e-006,0.00531699
1.08305e-006,0.00531699
1.0831e-006,0.00534611
1.08315e-006,0.0053324
1.0832e-006,0.00535467
1.08325e-006,0.0053581
1.0833e-006,0.00534097
1.08335e-006,0.00532898
1.0834e-006,0.00531699
1.08345e-006,0.00532213
1.0835e-006,0.00532213
1.08355e-006,0.00532041
1.0836e-006,0.00531356
1.08365e-006,0.00531356
1.0837e-006,0.00532384
1.08375e-006,0.00536324
1.0838e-006,0.00541463
1.08385e-006,0.00545402
1.0839e-006,0.00547287
1.08395e-006,0.00551055
1.084e-006,0.00552083
1.08405e-006,0.00553282
1.0841e-006,0.00553624
1.08415e-006,0.00554138
1.0842e-006,0.00553796
1.08425e-006,0.00552425
1.0843e-006,0.0055174
1.08435e-006,0.00546944
1.0844e-006,0.00544032
1.08445e-006,0.00541976
1.0845e-006,0.0054249
1.08455e-006,0.00543347
1.0846e-006,0.00541291
1.08465e-006,0.00540777
1.0847e-006,0.00539236
1.08475e-006,0.00537523
1.0848e-006,0.00535296
1.08485e-006,0.00531185
1.0849e-006,0.00527245
1.08495e-006,0.0052399
1.085e-006,0.00519365
1.08505e-006,0.00515768
1.0851e-006,0.00511315
1.08515e-006,0.00508231
1.0852e-006,0.00504292
1.08525e-006,0.00502065
1.0853e-006,0.0050412
1.08535e-006,0.00505491
1.0854e-006,0.00507375
1.08545e-006,0.00510801
1.0855e-006,0.00514741
1.08555e-006,0.00519023
1.0856e-006,0.00522963
1.08565e-006,0.00529472
1.0857e-006,0.00534439
1.08575e-006,0.00540435
1.0858e-006,0.00544717
1.08585e-006,0.00548486
1.0859e-006,0.00548314
1.08595e-006,0.00552597
1.086e-006,0.0055037
1.08605e-006,0.00551569
1.0861e-006,0.00549171
1.08615e-006,0.00548486
1.0862e-006,0.00545574
1.08625e-006,0.00544717
1.0863e-006,0.0054249
1.08635e-006,0.0054112
1.0864e-006,0.00540949
1.08645e-006,0.00540949
1.0865e-006,0.00539236
1.08655e-006,0.00540949
1.0866e-006,0.00540263
1.08665e-006,0.00539064
1.0867e-006,0.00536666
1.08675e-006,0.00533412
1.0868e-006,0.00529301
1.08685e-006,0.00526389
1.0869e-006,0.00525018
1.08695e-006,0.00522106
1.087e-006,0.00523134
1.08705e-006,0.00525018
1.0871e-006,0.00526902
1.08715e-006,0.00532555
1.0872e-006,0.00536838
1.08725e-006,0.00538037
1.0873e-006,0.00541976
1.08735e-006,0.00547458
1.0874e-006,0.00546601
1.08745e-006,0.00545231
1.0875e-006,0.00541976
1.08755e-006,0.00534782
1.0876e-006,0.00529986
1.08765e-006,0.00522791
1.0877e-006,0.00517481
1.08775e-006,0.00512342
1.0878e-006,0.00513884
1.08785e-006,0.0051594
1.0879e-006,0.00520051
1.08795e-006,0.00524676
1.088e-006,0.00534782
1.08805e-006,0.00538893
1.0881e-006,0.00546259
1.08815e-006,0.00551569
1.0882e-006,0.00553282
1.08825e-006,0.0055174
1.0883e-006,0.00552254
1.08835e-006,0.00546944
1.0884e-006,0.00540606
1.08845e-006,0.00532726
1.0885e-006,0.00525361
1.08855e-006,0.00518509
1.0886e-006,0.00512685
1.08865e-006,0.0051337
1.0887e-006,0.00514227
1.08875e-006,0.00518852
1.0888e-006,0.00522449
1.08885e-006,0.00526731
1.0889e-006,0.00531527
1.08895e-006,0.00536666
1.089e-006,0.00537694
1.08905e-006,0.00539921
1.0891e-006,0.00539064
1.08915e-006,0.0053855
1.0892e-006,0.00538722
1.08925e-006,0.00538893
1.0893e-006,0.00538379
1.08935e-006,0.00537523
1.0894e-006,0.00538893
1.08945e-006,0.00541291
1.0895e-006,0.0053975
1.08955e-006,0.0054249
1.0896e-006,0.00541291
1.08965e-006,0.0053975
1.0897e-006,0.0053581
1.08975e-006,0.0053324
1.0898e-006,0.00527588
1.08985e-006,0.00518852
1.0899e-006,0.00513028
1.08995e-006,0.00509602
1.09e-006,0.00503264
1.09005e-006,0.00503092
1.0901e-006,0.00503949
1.09015e-006,0.00510801
1.0902e-006,0.00518338
1.09025e-006,0.00528273
1.0903e-006,0.00537009
1.09035e-006,0.00548657
1.0904e-006,0.00559277
1.09045e-006,0.0056887
1.0905e-006,0.00573666
1.09055e-006,0.00576921
1.0906e-006,0.00575036
1.09065e-006,0.00567499
1.0907e-006,0.00558421
1.09075e-006,0.00551226
1.0908e-006,0.00540263
1.09085e-006,0.00529814
1.0909e-006,0.00521764
1.09095e-006,0.00512856
1.091e-006,0.00510629
1.09105e-006,0.00512685
1.0911e-006,0.00513028
1.09115e-006,0.00520051
1.0912e-006,0.00527245
1.09125e-006,0.00536495
1.0913e-006,0.00544375
1.09135e-006,0.00551055
1.0914e-006,0.00557222
1.09145e-006,0.00562874
1.0915e-006,0.0056356
1.09155e-006,0.00562189
1.0916e-006,0.00564759
1.09165e-006,0.00562703
1.0917e-006,0.00559106
1.09175e-006,0.00555851
1.0918e-006,0.00552597
1.09185e-006,0.00547972
1.0919e-006,0.00543347
1.09195e-006,0.00540949
1.092e-006,0.00539236
1.09205e-006,0.00534611
1.0921e-006,0.00533069
1.09215e-006,0.00527074
1.0922e-006,0.0052399
1.09225e-006,0.00522106
1.0923e-006,0.00521764
1.09235e-006,0.0052125
1.0924e-006,0.00519537
1.09245e-006,0.00523477
1.0925e-006,0.00528958
1.09255e-006,0.00532898
1.0926e-006,0.00532384
1.09265e-006,0.00537009
1.0927e-006,0.00537865
1.09275e-006,0.00543004
1.0928e-006,0.00540949
1.09285e-006,0.00541291
1.0929e-006,0.00537865
1.09295e-006,0.00535638
1.093e-006,0.00532213
1.09305e-006,0.00529986
1.0931e-006,0.00526217
1.09315e-006,0.00524333
1.0932e-006,0.00523134
1.09325e-006,0.00525361
1.0933e-006,0.00524162
1.09335e-006,0.00523134
1.0934e-006,0.00523648
1.09345e-006,0.0052519
1.0935e-006,0.00525018
1.09355e-006,0.00523819
1.0936e-006,0.00524162
1.09365e-006,0.00524333
1.0937e-006,0.00523305
1.09375e-006,0.00523305
1.0938e-006,0.00525875
1.09385e-006,0.00529129
1.0939e-006,0.00532213
1.09395e-006,0.00539064
1.094e-006,0.00543175
1.09405e-006,0.00547115
1.0941e-006,0.00546773
1.09415e-006,0.005478
1.0942e-006,0.00545574
1.09425e-006,0.00540435
1.0943e-006,0.00532726
1.09435e-006,0.00525361
1.0944e-006,0.00519194
1.09445e-006,0.0051337
1.0945e-006,0.00504805
1.09455e-006,0.00504463
1.0946e-006,0.00505491
1.09465e-006,0.00511143
1.0947e-006,0.00518852
1.09475e-006,0.00528787
1.0948e-006,0.00537865
1.09485e-006,0.00545745
1.0949e-006,0.00553624
1.09495e-006,0.00557907
1.095e-006,0.00558421
1.09505e-006,0.00557907
1.0951e-006,0.00554652
1.09515e-006,0.00550541
1.0952e-006,0.00545916
1.09525e-006,0.00540606
1.0953e-006,0.00535296
1.09535e-006,0.00529814
1.0954e-006,0.00525361
1.09545e-006,0.0052656
1.0955e-006,0.00526046
1.09555e-006,0.00525532
1.0956e-006,0.00527245
1.09565e-006,0.00528615
1.0957e-006,0.00529986
1.09575e-006,0.00531014
1.0958e-006,0.00529472
1.09585e-006,0.00532213
1.0959e-006,0.00531699
1.09595e-006,0.00534268
1.096e-006,0.0053581
1.09605e-006,0.00538208
1.0961e-006,0.00538893
1.09615e-006,0.00539236
1.0962e-006,0.00538208
1.09625e-006,0.00536152
1.0963e-006,0.00534268
1.09635e-006,0.00531185
1.0964e-006,0.00528444
1.09645e-006,0.00526046
1.0965e-006,0.00525018
1.09655e-006,0.0052519
1.0966e-006,0.00524162
1.09665e-006,0.00525018
1.0967e-006,0.00527588
1.09675e-006,0.00530671
1.0968e-006,0.00534611
1.09685e-006,0.00537865
1.0969e-006,0.00541634
1.09695e-006,0.00544032
1.097e-006,0.00542833
1.09705e-006,0.00540435
1.0971e-006,0.0053718
1.09715e-006,0.00532555
1.0972e-006,0.00528273
1.09725e-006,0.00526217
1.0973e-006,0.00520736
1.09735e-006,0.0051731
1.0974e-006,0.00516967
1.09745e-006,0.0051731
1.0975e-006,0.00517995
1.09755e-006,0.00523648
1.0976e-006,0.00528102
1.09765e-006,0.00532726
1.0977e-006,0.00536838
1.09775e-006,0.00541805
1.0978e-006,0.00543004
1.09785e-006,0.00542148
1.0979e-006,0.00543518
1.09795e-006,0.00540092
1.098e-006,0.00538037
1.09805e-006,0.00531527
1.0981e-006,0.00525018
1.09815e-006,0.00518509
1.0982e-006,0.00514912
1.09825e-006,0.00513028
1.0983e-006,0.00509088
1.09835e-006,0.0050669
1.0984e-006,0.00509259
1.09845e-006,0.00513541
1.0985e-006,0.00520051
1.09855e-006,0.00524847
1.0986e-006,0.00532041
1.09865e-006,0.0053718
1.0987e-006,0.00540777
1.09875e-006,0.00542148
1.0988e-006,0.00543518
1.09885e-006,0.00540606
1.0989e-006,0.00537351
1.09895e-006,0.00533412
1.099e-006,0.00527759
1.09905e-006,0.00521935
1.0991e-006,0.0051731
1.09915e-006,0.00514569
1.0992e-006,0.00513028
1.09925e-006,0.00514569
1.0993e-006,0.00518338
1.09935e-006,0.00526217
1.0994e-006,0.00534953
1.09945e-006,0.00543347
1.0995e-006,0.00548657
1.09955e-006,0.00554652
1.0996e-006,0.00557564
1.09965e-006,0.00555337
1.0997e-006,0.00547458
1.09975e-006,0.0053855
1.0998e-006,0.00525703
1.09985e-006,0.00512
1.0999e-006,0.00495898
1.09995e-006,0.00481852
1.1e-006,0.00472773
1.10005e-006,0.00469347
1.1001e-006,0.00466949
1.10015e-006,0.00471574
1.1002e-006,0.00481852
1.10025e-006,0.00494699
1.1003e-006,0.00510458
1.10035e-006,0.00525703
1.1004e-006,0.00540949
1.10045e-006,0.00552768
1.1005e-006,0.00562703
1.10055e-006,0.00564759
1.1006e-006,0.00562189
1.10065e-006,0.00556536
1.1007e-006,0.005478
1.10075e-006,0.00534439
1.1008e-006,0.00520736
1.10085e-006,0.00509259
1.1009e-006,0.00499495
1.10095e-006,0.00492301
1.101e-006,0.00490588
1.10105e-006,0.00493329
1.1011e-006,0.00496926
1.10115e-006,0.00505662
1.1012e-006,0.00512514
1.10125e-006,0.0052262
1.1013e-006,0.00528615
1.10135e-006,0.00533069
1.1014e-006,0.00536838
1.10145e-006,0.00535981
1.1015e-006,0.00535125
1.10155e-006,0.00531014
1.1016e-006,0.00526902
1.10165e-006,0.0052125
1.1017e-006,0.00516453
1.10175e-006,0.00510287
1.1018e-006,0.00507717
1.10185e-006,0.00508574
1.1019e-006,0.00509944
1.10195e-006,0.00510972
1.102e-006,0.00510801
1.10205e-006,0.00514741
1.1021e-006,0.00516796
1.10215e-006,0.00519708
1.1022e-006,0.00521592
1.10225e-006,0.00524162
1.1023e-006,0.00522963
1.10235e-006,0.00522106
1.1024e-006,0.00519708
1.10245e-006,0.00519194
1.1025e-006,0.00514741
1.10255e-006,0.00510287
1.1026e-006,0.0050806
1.10265e-006,0.00504805
1.1027e-006,0.00505491
1.10275e-006,0.00505662
1.1028e-006,0.00505833
1.10285e-006,0.00507889
1.1029e-006,0.00506861
1.10295e-006,0.00507717
1.103e-006,0.0050806
1.10305e-006,0.0050806
1.1031e-006,0.00509602
1.10315e-006,0.00508917
1.1032e-006,0.00511143
1.10325e-006,0.00512685
1.1033e-006,0.00513199
1.10335e-006,0.00517481
1.1034e-006,0.00520907
1.10345e-006,0.0052125
1.1035e-006,0.00527588
1.10355e-006,0.00532555
1.1036e-006,0.00537694
1.10365e-006,0.00538893
1.1037e-006,0.00542662
1.10375e-006,0.00543689
1.1038e-006,0.0054249
1.10385e-006,0.00541976
1.1039e-006,0.00540949
1.10395e-006,0.00538893
1.104e-006,0.00537694
1.10405e-006,0.00534782
1.1041e-006,0.00532726
1.10415e-006,0.00531699
1.1042e-006,0.00532041
1.10425e-006,0.00532041
1.1043e-006,0.00531356
1.10435e-006,0.00532384
1.1044e-006,0.00531699
1.10445e-006,0.005305
1.1045e-006,0.00527759
1.10455e-006,0.00525532
1.1046e-006,0.00524162
1.10465e-006,0.00520051
1.1047e-006,0.00517995
1.10475e-006,0.00518166
1.1048e-006,0.00516111
1.10485e-006,0.00514912
1.1049e-006,0.0051868
1.10495e-006,0.00520907
1.105e-006,0.00523648
1.10505e-006,0.00529986
1.1051e-006,0.00535981
1.10515e-006,0.00542833
1.1052e-006,0.00547972
1.10525e-006,0.00552597
1.1053e-006,0.00557393
1.10535e-006,0.00556879
1.1054e-006,0.0055431
1.10545e-006,0.00552597
1.1055e-006,0.00549171
1.10555e-006,0.00544203
1.1056e-006,0.00538208
1.10565e-006,0.00532898
1.1057e-006,0.00531014
1.10575e-006,0.0052793
1.1058e-006,0.00527416
1.10585e-006,0.00526389
1.1059e-006,0.00523819
1.10595e-006,0.0052262
1.106e-006,0.00518166
1.10605e-006,0.00515768
1.1061e-006,0.00513028
1.10615e-006,0.00511315
1.1062e-006,0.0050806
1.10625e-006,0.00505319
1.1063e-006,0.00505833
1.10635e-006,0.00506347
1.1064e-006,0.00507546
1.10645e-006,0.00511143
1.1065e-006,0.0051594
1.10655e-006,0.00523477
1.1066e-006,0.00529129
1.10665e-006,0.00540092
1.1067e-006,0.00545574
1.10675e-006,0.00552254
1.1068e-006,0.00557907
1.10685e-006,0.0055962
1.1069e-006,0.00560134
1.10695e-006,0.00557736
1.107e-006,0.00552597
1.10705e-006,0.00548999
1.1071e-006,0.00543861
1.10715e-006,0.00541463
1.1072e-006,0.0053718
1.10725e-006,0.0053581
1.1073e-006,0.00537009
1.10735e-006,0.00537351
1.1074e-006,0.00539921
1.10745e-006,0.00543689
1.1075e-006,0.00547115
1.10755e-006,0.00551226
1.1076e-006,0.00554138
1.10765e-006,0.00555166
1.1077e-006,0.00556194
1.10775e-006,0.00555509
1.1078e-006,0.00554652
1.10785e-006,0.00552939
1.1079e-006,0.00550199
1.10795e-006,0.00548486
1.108e-006,0.00546087
1.10805e-006,0.00544717
1.1081e-006,0.00541805
1.10815e-006,0.00540263
1.1082e-006,0.00536838
1.10825e-006,0.0053187
1.1083e-006,0.00529129
1.10835e-006,0.00525361
1.1084e-006,0.00521421
1.10845e-006,0.0052125
1.1085e-006,0.00518166
1.10855e-006,0.00515254
1.1086e-006,0.00516111
1.10865e-006,0.00516967
1.1087e-006,0.00519194
1.10875e-006,0.0052519
1.1088e-006,0.00528958
1.10885e-006,0.00533754
1.1089e-006,0.00539921
1.10895e-006,0.0054643
1.109e-006,0.00549856
1.10905e-006,0.00552597
1.1091e-006,0.0055431
1.10915e-006,0.00554823
1.1092e-006,0.00553111
1.10925e-006,0.00552768
1.1093e-006,0.00553796
1.10935e-006,0.00549856
1.1094e-006,0.00544546
1.10945e-006,0.00540949
1.1095e-006,0.00539921
1.10955e-006,0.00534439
1.1096e-006,0.00528615
1.10965e-006,0.00523648
1.1097e-006,0.00518338
1.10975e-006,0.00509602
1.1098e-006,0.0050412
1.10985e-006,0.00497954
1.1099e-006,0.00491958
1.10995e-006,0.0048956
1.11e-006,0.00487676
1.11005e-006,0.0048956
1.1101e-006,0.00491102
1.11015e-006,0.00495727
1.1102e-006,0.00500009
1.11025e-006,0.00507204
1.1103e-006,0.00510629
1.11035e-006,0.00512171
1.1104e-006,0.00513541
1.11045e-006,0.0051337
1.1105e-006,0.00513199
1.11055e-006,0.00510629
1.1106e-006,0.0050806
1.11065e-006,0.00503949
1.1107e-006,0.00498639
1.11075e-006,0.0049487
1.1108e-006,0.00490931
1.11085e-006,0.00491102
1.1109e-006,0.00491444
1.11095e-006,0.00493843
1.111e-006,0.00497268
1.11105e-006,0.00503606
1.1111e-006,0.00509773
1.11115e-006,0.00514912
1.1112e-006,0.00519365
1.11125e-006,0.00524676
1.1113e-006,0.00526902
1.11135e-006,0.00529301
1.1114e-006,0.00532384
1.11145e-006,0.00531699
1.1115e-006,0.00528444
1.11155e-006,0.00527759
1.1116e-006,0.00525361
1.11165e-006,0.00520907
1.1117e-006,0.00517995
1.11175e-006,0.00517481
1.1118e-006,0.00517995
1.11185e-006,0.00519023
1.1119e-006,0.00521592
1.11195e-006,0.00524504
1.112e-006,0.00527759
1.11205e-006,0.00531699
1.1121e-006,0.00536324
1.11215e-006,0.00537009
1.1122e-006,0.00537009
1.11225e-006,0.00538722
1.1123e-006,0.00535296
1.11235e-006,0.00532041
1.1124e-006,0.00526046
1.11245e-006,0.00522278
1.1125e-006,0.00516796
1.11255e-006,0.00516111
1.1126e-006,0.0051594
1.11265e-006,0.00519365
1.1127e-006,0.00521935
1.11275e-006,0.00526902
1.1128e-006,0.00533754
1.11285e-006,0.00539064
1.1129e-006,0.00542148
1.11295e-006,0.00546087
1.113e-006,0.00548828
1.11305e-006,0.00548486
1.1131e-006,0.0054506
1.11315e-006,0.00544375
1.1132e-006,0.00536666
1.11325e-006,0.00532555
1.1133e-006,0.00526046
1.11335e-006,0.0052125
1.1134e-006,0.00515768
1.11345e-006,0.00512514
1.1135e-006,0.00511657
1.11355e-006,0.00514569
1.1136e-006,0.00519537
1.11365e-006,0.00522449
1.1137e-006,0.00530842
1.11375e-006,0.00536152
1.1138e-006,0.00541976
1.11385e-006,0.00545745
1.1139e-006,0.00551226
1.11395e-006,0.00552425
1.114e-006,0.0055037
1.11405e-006,0.00547115
1.1141e-006,0.00539921
1.11415e-006,0.00535125
1.1142e-006,0.00528444
1.11425e-006,0.00521764
1.1143e-006,0.00515254
1.11435e-006,0.00509088
1.1144e-006,0.00503778
1.11445e-006,0.00501893
1.1145e-006,0.00501893
1.11455e-006,0.0050275
1.1146e-006,0.00503606
1.11465e-006,0.00506861
1.1147e-006,0.00512171
1.11475e-006,0.00516111
1.1148e-006,0.00519708
1.11485e-006,0.00523477
1.1149e-006,0.00527759
1.11495e-006,0.00532384
1.115e-006,0.00536324
1.11505e-006,0.00540777
1.1151e-006,0.00543518
1.11515e-006,0.00542319
1.1152e-006,0.00539578
1.11525e-006,0.00534439
1.1153e-006,0.00528102
1.11535e-006,0.00521421
1.1154e-006,0.00511829
1.11545e-006,0.00503264
1.1155e-006,0.0049487
1.11555e-006,0.00487847
1.1156e-006,0.00485963
1.11565e-006,0.00484079
1.1157e-006,0.00484079
1.11575e-006,0.00490074
1.1158e-006,0.00494356
1.11585e-006,0.00501037
1.1159e-006,0.00509944
1.11595e-006,0.00517995
1.116e-006,0.00525361
1.11605e-006,0.00529986
1.1161e-006,0.00532213
1.11615e-006,0.00531699
1.1162e-006,0.00529643
1.11625e-006,0.00528102
1.1163e-006,0.0052656
1.11635e-006,0.00524847
1.1164e-006,0.00524676
1.11645e-006,0.00526902
1.1165e-006,0.0052793
1.11655e-006,0.00528273
1.1166e-006,0.00533583
1.11665e-006,0.00536666
1.1167e-006,0.00538893
1.11675e-006,0.00542148
1.1168e-006,0.0054643
1.11685e-006,0.00548657
1.1169e-006,0.0054643
1.11695e-006,0.00545745
1.117e-006,0.00543004
1.11705e-006,0.0053718
1.1171e-006,0.00530328
1.11715e-006,0.00524504
1.1172e-006,0.0051868
1.11725e-006,0.00516796
1.1173e-006,0.00515597
1.11735e-006,0.00515768
1.1174e-006,0.00519879
1.11745e-006,0.00522963
1.1175e-006,0.00527588
1.11755e-006,0.00535467
1.1176e-006,0.00541463
1.11765e-006,0.0054506
1.1177e-006,0.00548486
1.11775e-006,0.00552425
1.1178e-006,0.00548143
1.11785e-006,0.00546259
1.1179e-006,0.00540263
1.11795e-006,0.00532726
1.118e-006,0.0052399
1.11805e-006,0.00516796
1.1181e-006,0.00510287
1.11815e-006,0.00505662
1.1182e-006,0.00501722
1.11825e-006,0.00496926
1.1183e-006,0.0049881
1.11835e-006,0.00501037
1.1184e-006,0.00501551
1.11845e-006,0.00508231
1.1185e-006,0.0051337
1.11855e-006,0.00516796
1.1186e-006,0.00522278
1.11865e-006,0.00528102
1.1187e-006,0.00530671
1.11875e-006,0.00533926
1.1188e-006,0.00531014
1.11885e-006,0.00529643
1.1189e-006,0.00526902
1.11895e-006,0.00523648
1.119e-006,0.00516453
1.11905e-006,0.00512
1.1191e-006,0.00505319
1.11915e-006,0.00501893
1.1192e-006,0.00500694
1.11925e-006,0.00501037
1.1193e-006,0.00502579
1.11935e-006,0.00506176
1.1194e-006,0.00512
1.11945e-006,0.00519194
1.1195e-006,0.00526046
1.11955e-006,0.00536838
1.1196e-006,0.00546259
1.11965e-006,0.00552425
1.1197e-006,0.00558249
1.11975e-006,0.00563046
1.1198e-006,0.00562703
1.11985e-006,0.0056099
1.1199e-006,0.00559106
1.11995e-006,0.00556879
1.12e-006,0.00553111
1.12005e-006,0.00549856
1.1201e-006,0.00547458
1.12015e-006,0.00548486
1.1202e-006,0.00548314
1.12025e-006,0.00547115
1.1203e-006,0.00547458
1.12035e-006,0.00553453
1.1204e-006,0.00557736
1.12045e-006,0.00561161
1.1205e-006,0.00565444
1.12055e-006,0.00567842
1.1206e-006,0.00571439
1.12065e-006,0.0057024
1.1207e-006,0.00569555
1.12075e-006,0.00567671
1.1208e-006,0.00562874
1.12085e-006,0.00557564
1.1209e-006,0.00551569
1.12095e-006,0.00545745
1.121e-006,0.00543689
1.12105e-006,0.00542148
1.1211e-006,0.00537694
1.12115e-006,0.0053718
1.1212e-006,0.00534439
1.12125e-006,0.00535125
1.1213e-006,0.00535296
1.12135e-006,0.00536666
1.1214e-006,0.0053718
1.12145e-006,0.00536666
1.1215e-006,0.00538037
1.12155e-006,0.00538893
1.1216e-006,0.00541976
1.12165e-006,0.00541976
1.1217e-006,0.00546773
1.12175e-006,0.00548999
1.1218e-006,0.00552254
1.12185e-006,0.00556194
1.1219e-006,0.00556879
1.12195e-006,0.00558249
1.122e-006,0.00560476
1.12205e-006,0.00558249
1.1221e-006,0.00555337
1.12215e-006,0.00549856
1.1222e-006,0.00543689
1.12225e-006,0.00534953
1.1223e-006,0.00527074
1.12235e-006,0.00519194
1.1224e-006,0.00514398
1.12245e-006,0.0050806
1.1225e-006,0.00503435
1.12255e-006,0.00502065
1.1226e-006,0.00499324
1.12265e-006,0.00503264
1.1227e-006,0.00504977
1.12275e-006,0.00507204
1.1228e-006,0.0051337
1.12285e-006,0.00515597
1.1229e-006,0.00519023
1.12295e-006,0.00523305
1.123e-006,0.00526902
1.12305e-006,0.00533412
1.1231e-006,0.00535125
1.12315e-006,0.00538208
1.1232e-006,0.00537694
1.12325e-006,0.00540606
1.1233e-006,0.00540435
1.12335e-006,0.00539064
1.1234e-006,0.00537009
1.12345e-006,0.00534439
1.1235e-006,0.00532384
1.12355e-006,0.00526731
1.1236e-006,0.00523819
1.12365e-006,0.0052262
1.1237e-006,0.00520736
1.12375e-006,0.00520393
1.1238e-006,0.00520736
1.12385e-006,0.00521764
1.1239e-006,0.00523819
1.12395e-006,0.00527416
1.124e-006,0.00530842
1.12405e-006,0.00537009
1.1241e-006,0.00540949
1.12415e-006,0.00545745
1.1242e-006,0.00551055
1.12425e-006,0.0055568
1.1243e-006,0.00556023
1.12435e-006,0.00553967
1.1244e-006,0.00553967
1.12445e-006,0.00550199
1.1245e-006,0.00544717
1.12455e-006,0.00540435
1.1246e-006,0.0053718
1.12465e-006,0.00532898
1.1247e-006,0.00531527
1.12475e-006,0.00531699
1.1248e-006,0.00530842
1.12485e-006,0.0053187
1.1249e-006,0.0053324
1.12495e-006,0.00535125
1.125e-006,0.00539064
1.12505e-006,0.00541805
1.1251e-006,0.00543347
1.12515e-006,0.00544203
1.1252e-006,0.00542662
1.12525e-006,0.00538722
1.1253e-006,0.0053581
1.12535e-006,0.00532384
1.1254e-006,0.00529643
1.12545e-006,0.00525875
1.1255e-006,0.00524847
1.12555e-006,0.00523819
1.1256e-006,0.00521592
1.12565e-006,0.00521935
1.1257e-006,0.00517995
1.12575e-006,0.00513199
1.1258e-006,0.00510116
1.12585e-006,0.0050806
1.1259e-006,0.00505491
1.12595e-006,0.00501893
1.126e-006,0.00501551
1.12605e-006,0.00501037
1.1261e-006,0.00501722
1.12615e-006,0.00501893
1.1262e-006,0.00505491
1.12625e-006,0.00510287
1.1263e-006,0.00515597
1.12635e-006,0.00520051
1.1264e-006,0.00526902
1.12645e-006,0.00528444
1.1265e-006,0.00530842
1.12655e-006,0.00532041
1.1266e-006,0.00529301
1.12665e-006,0.0052656
1.1267e-006,0.00522449
1.12675e-006,0.00520736
1.1268e-006,0.00518166
1.12685e-006,0.00519537
1.1269e-006,0.00519194
1.12695e-006,0.00525875
1.127e-006,0.005305
1.12705e-006,0.00538893
1.1271e-006,0.00548657
1.12715e-006,0.00556194
1.1272e-006,0.00563217
1.12725e-006,0.00573152
1.1273e-006,0.00577777
1.12735e-006,0.00583601
1.1274e-006,0.00582231
1.12745e-006,0.00580175
1.1275e-006,0.00574351
1.12755e-006,0.00565958
1.1276e-006,0.0055431
1.12765e-006,0.00541634
1.1277e-006,0.00526731
1.12775e-006,0.00513541
1.1278e-006,0.00499495
1.12785e-006,0.00484421
1.1279e-006,0.00475343
1.12795e-006,0.00466607
1.128e-006,0.00463866
1.12805e-006,0.00463181
1.1281e-006,0.00467292
1.12815e-006,0.00477741
1.1282e-006,0.00488361
1.12825e-006,0.00502921
1.1283e-006,0.00517653
1.12835e-006,0.00532555
1.1284e-006,0.00542833
1.12845e-006,0.00553624
1.1285e-006,0.00561333
1.12855e-006,0.00565444
1.1286e-006,0.00564759
1.12865e-006,0.00565786
1.1287e-006,0.00563731
1.12875e-006,0.0056099
1.1288e-006,0.00555166
1.12885e-006,0.0055037
1.1289e-006,0.00546259
1.12895e-006,0.00543518
1.129e-006,0.00538722
1.12905e-006,0.00536324
1.1291e-006,0.00533583
1.12915e-006,0.00532384
1.1292e-006,0.00530842
1.12925e-006,0.00530328
1.1293e-006,0.00526046
1.12935e-006,0.0052519
1.1294e-006,0.00524162
1.12945e-006,0.00522963
1.1295e-006,0.00520736
1.12955e-006,0.00520907
1.1296e-006,0.00520736
1.12965e-006,0.00519879
1.1297e-006,0.0051594
1.12975e-006,0.00514912
1.1298e-006,0.00515083
1.12985e-006,0.00511657
1.1299e-006,0.00508917
1.12995e-006,0.00509088
1.13e-006,0.00510458
1.13005e-006,0.00512856
1.1301e-006,0.00515254
1.13015e-006,0.00518509
1.1302e-006,0.00522106
1.13025e-006,0.00526902
1.1303e-006,0.0053187
1.13035e-006,0.00538208
1.1304e-006,0.00542833
1.13045e-006,0.00547629
1.1305e-006,0.00551911
1.13055e-006,0.00557393
1.1306e-006,0.00559962
1.13065e-006,0.00563388
1.1307e-006,0.00563902
1.13075e-006,0.00565272
1.1308e-006,0.00563902
1.13085e-006,0.00560648
1.1309e-006,0.0056099
1.13095e-006,0.00558421
1.131e-006,0.00553624
1.13105e-006,0.00552083
1.1311e-006,0.00550541
1.13115e-006,0.0054506
1.1312e-006,0.00541634
1.13125e-006,0.00537523
1.1313e-006,0.00535981
1.13135e-006,0.00534268
1.1314e-006,0.005305
1.13145e-006,0.00527588
1.1315e-006,0.00523819
1.13155e-006,0.00520565
1.1316e-006,0.00519365
1.13165e-006,0.00519194
1.1317e-006,0.00518338
1.13175e-006,0.00520222
1.1318e-006,0.00519194
1.13185e-006,0.00521764
1.1319e-006,0.00527759
1.13195e-006,0.00532041
1.132e-006,0.00538208
1.13205e-006,0.00544032
1.1321e-006,0.00545916
1.13215e-006,0.00550199
1.1322e-006,0.00550027
1.13225e-006,0.00548999
1.1323e-006,0.00547287
1.13235e-006,0.0054506
1.1324e-006,0.00542148
1.13245e-006,0.00538893
1.1325e-006,0.00535467
1.13255e-006,0.0053187
1.1326e-006,0.00527074
1.13265e-006,0.00525703
1.1327e-006,0.00523477
1.13275e-006,0.00524162
1.1328e-006,0.00526217
1.13285e-006,0.00527074
1.1329e-006,0.00530671
1.13295e-006,0.00533754
1.133e-006,0.00537865
1.13305e-006,0.00543347
1.1331e-006,0.005478
1.13315e-006,0.00549685
1.1332e-006,0.00552768
1.13325e-006,0.0055431
1.1333e-006,0.00552083
1.13335e-006,0.0055174
1.1334e-006,0.00545745
1.13345e-006,0.0054112
1.1335e-006,0.00535125
1.13355e-006,0.00526217
1.1336e-006,0.00519708
1.13365e-006,0.00516967
1.1337e-006,0.00514055
1.13375e-006,0.00512514
1.1338e-006,0.00510801
1.13385e-006,0.00515254
1.1339e-006,0.00517139
1.13395e-006,0.00520393
1.134e-006,0.00527416
1.13405e-006,0.005305
1.1341e-006,0.00530842
1.13415e-006,0.00535467
1.1342e-006,0.0053581
1.13425e-006,0.00534782
1.1343e-006,0.00534268
1.13435e-006,0.00530671
1.1344e-006,0.00530842
1.13445e-006,0.00529129
1.1345e-006,0.00526731
1.13455e-006,0.00529472
1.1346e-006,0.00531185
1.13465e-006,0.00534097
1.1347e-006,0.00534439
1.13475e-006,0.00537523
1.1348e-006,0.00537351
1.13485e-006,0.00538037
1.1349e-006,0.00538722
1.13495e-006,0.00536495
1.135e-006,0.00533069
1.13505e-006,0.00527416
1.1351e-006,0.00523477
1.13515e-006,0.00517481
1.1352e-006,0.00511829
1.13525e-006,0.00504292
1.1353e-006,0.00498639
1.13535e-006,0.00498639
1.1354e-006,0.00494185
1.13545e-006,0.00492301
1.1355e-006,0.00489218
1.13555e-006,0.0048819
1.1356e-006,0.00484935
1.13565e-006,0.00485449
1.1357e-006,0.00484593
1.13575e-006,0.00485107
1.1358e-006,0.00482708
1.13585e-006,0.00483222
1.1359e-006,0.00486991
1.13595e-006,0.00488875
1.136e-006,0.004935
1.13605e-006,0.00499324
1.1361e-006,0.00504805
1.13615e-006,0.00511486
1.1362e-006,0.00517824
1.13625e-006,0.00523819
1.1363e-006,0.00528958
1.13635e-006,0.00533926
1.1364e-006,0.00537694
1.13645e-006,0.00543175
1.1365e-006,0.00548314
1.13655e-006,0.00551911
1.1366e-006,0.00554481
1.13665e-006,0.00560134
1.1367e-006,0.00563046
1.13675e-006,0.00565101
1.1368e-006,0.00563902
1.13685e-006,0.00563388
1.1369e-006,0.00557393
1.13695e-006,0.00553796
1.137e-006,0.00549685
1.13705e-006,0.00544032
1.1371e-006,0.00537523
1.13715e-006,0.00533754
1.1372e-006,0.0053187
1.13725e-006,0.00531356
1.1373e-006,0.00532041
1.13735e-006,0.00535296
1.1374e-006,0.00540777
1.13745e-006,0.00545402
1.1375e-006,0.00552254
1.13755e-006,0.00556879
1.1376e-006,0.00559106
1.13765e-006,0.00557907
1.1377e-006,0.00556023
1.13775e-006,0.00551226
1.1378e-006,0.00543689
1.13785e-006,0.00540949
1.1379e-006,0.00534611
1.13795e-006,0.00531185
1.138e-006,0.00531699
1.13805e-006,0.0053324
1.1381e-006,0.00535296
1.13815e-006,0.00539407
1.1382e-006,0.00544717
1.13825e-006,0.00548999
1.1383e-006,0.00554652
1.13835e-006,0.00557907
1.1384e-006,0.0055962
1.13845e-006,0.00558078
1.1385e-006,0.00554995
1.13855e-006,0.00551226
1.1386e-006,0.0054112
1.13865e-006,0.00534953
1.1387e-006,0.00530157
1.13875e-006,0.00523819
1.1388e-006,0.00517481
1.13885e-006,0.00515083
1.1389e-006,0.00511143
1.13895e-006,0.00512856
1.139e-006,0.00516282
1.13905e-006,0.00519023
1.1391e-006,0.00524504
1.13915e-006,0.00525532
1.1392e-006,0.00528444
1.13925e-006,0.00528958
1.1393e-006,0.00527416
1.13935e-006,0.0052399
1.1394e-006,0.00518852
1.13945e-006,0.00512514
1.1395e-006,0.00508917
1.13955e-006,0.00503092
1.1396e-006,0.00496926
1.13965e-006,0.00494014
1.1397e-006,0.00492301
1.13975e-006,0.00489903
1.1398e-006,0.00491787
1.13985e-006,0.00493329
1.1399e-006,0.00494699
1.13995e-006,0.00500523
1.14e-006,0.00507204
1.14005e-006,0.00513028
1.1401e-006,0.00520222
1.14015e-006,0.00524504
1.1402e-006,0.00531014
1.14025e-006,0.00533926
1.1403e-006,0.00536152
1.14035e-006,0.0053718
1.1404e-006,0.00537009
1.14045e-006,0.00534782
1.1405e-006,0.00532041
1.14055e-006,0.00528787
1.1406e-006,0.00525532
1.14065e-006,0.00521764
1.1407e-006,0.0051731
1.14075e-006,0.00515426
1.1408e-006,0.00512342
1.14085e-006,0.00512171
1.1409e-006,0.00512856
1.14095e-006,0.00513884
1.141e-006,0.00514055
1.14105e-006,0.00514569
1.1411e-006,0.00513199
1.14115e-006,0.00512685
1.1412e-006,0.00512
1.14125e-006,0.00512
1.1413e-006,0.00509944
1.14135e-006,0.00505319
1.1414e-006,0.00503264
1.14145e-006,0.00501551
1.1415e-006,0.00500523
1.14155e-006,0.00500866
1.1416e-006,0.00499838
1.14165e-006,0.00501551
1.1417e-006,0.00502407
1.14175e-006,0.00502407
1.1418e-006,0.00503949
1.14185e-006,0.00506347
1.1419e-006,0.00506861
1.14195e-006,0.00509088
1.142e-006,0.00507375
1.14205e-006,0.00507889
1.1421e-006,0.0050943
1.14215e-006,0.00508917
1.1422e-006,0.00507546
1.14225e-006,0.0050669
1.1423e-006,0.00505662
1.14235e-006,0.00506176
1.1424e-006,0.00503949
1.14245e-006,0.00501722
1.1425e-006,0.00501893
1.14255e-006,0.0050275
1.1426e-006,0.00503949
1.14265e-006,0.00510801
1.1427e-006,0.00516111
1.14275e-006,0.00521935
1.1428e-006,0.00524676
1.14285e-006,0.00531014
1.1429e-006,0.00534439
1.14295e-006,0.0053718
1.143e-006,0.00538208
1.14305e-006,0.0053718
1.1431e-006,0.00531356
1.14315e-006,0.00525018
1.1432e-006,0.00516111
1.14325e-006,0.00509773
1.1433e-006,0.00504634
1.14335e-006,0.00498981
1.1434e-006,0.00495556
1.14345e-006,0.00492986
1.1435e-006,0.00496069
1.14355e-006,0.00502236
1.1436e-006,0.00507546
1.14365e-006,0.0051594
1.1437e-006,0.00521935
1.14375e-006,0.00529643
1.1438e-006,0.00537009
1.14385e-006,0.00541291
1.1439e-006,0.00544717
1.14395e-006,0.00543518
1.144e-006,0.00541291
1.14405e-006,0.00538379
1.1441e-006,0.00533926
1.14415e-006,0.00532898
1.1442e-006,0.00529643
1.14425e-006,0.00526217
1.1443e-006,0.00523819
1.14435e-006,0.0052519
1.1444e-006,0.00522963
1.14445e-006,0.0052519
1.1445e-006,0.00527588
1.14455e-006,0.005305
1.1446e-006,0.00531699
1.14465e-006,0.00533069
1.1447e-006,0.00534782
1.14475e-006,0.00533926
1.1448e-006,0.00534268
1.14485e-006,0.00534097
1.1449e-006,0.00534782
1.14495e-006,0.00534097
1.145e-006,0.00534782
1.14505e-006,0.00534439
1.1451e-006,0.00533583
1.14515e-006,0.00532041
1.1452e-006,0.00531356
1.14525e-006,0.00530671
1.1453e-006,0.00527759
1.14535e-006,0.00524847
1.1454e-006,0.00521078
1.14545e-006,0.00519537
1.1455e-006,0.00516111
1.14555e-006,0.00512685
1.1456e-006,0.00508403
1.14565e-006,0.00505833
1.1457e-006,0.00506347
1.14575e-006,0.00506347
1.1458e-006,0.00505833
1.14585e-006,0.00506176
1.1459e-006,0.00506518
1.14595e-006,0.00506347
1.146e-006,0.00506347
1.14605e-006,0.00503606
1.1461e-006,0.00501551
1.14615e-006,0.00499838
1.1462e-006,0.00497782
1.14625e-006,0.00497782
1.1463e-006,0.00494699
1.14635e-006,0.00495042
1.1464e-006,0.00493671
1.14645e-006,0.00496926
1.1465e-006,0.00498125
1.14655e-006,0.00498981
1.1466e-006,0.00503435
1.14665e-006,0.0050806
1.1467e-006,0.00511829
1.14675e-006,0.00514227
1.1468e-006,0.00516111
1.14685e-006,0.00517995
1.1469e-006,0.00517653
1.14695e-006,0.00516282
1.147e-006,0.00514741
1.14705e-006,0.00514227
1.1471e-006,0.00513541
1.14715e-006,0.00517824
1.1472e-006,0.00519879
1.14725e-006,0.0052399
1.1473e-006,0.00532041
1.14735e-006,0.00541805
1.1474e-006,0.00551398
1.14745e-006,0.00558935
1.1475e-006,0.00565615
1.14755e-006,0.00569897
1.1476e-006,0.00574522
1.14765e-006,0.00574522
1.1477e-006,0.00571096
1.14775e-006,0.00566985
1.1478e-006,0.00557736
1.14785e-006,0.00548999
1.1479e-006,0.00540092
1.14795e-006,0.00531699
1.148e-006,0.00524333
1.14805e-006,0.00518852
1.1481e-006,0.0051594
1.14815e-006,0.00516796
1.1482e-006,0.0051731
1.14825e-006,0.00522278
1.1483e-006,0.00525875
1.14835e-006,0.00532041
1.1484e-006,0.00537523
1.14845e-006,0.00538893
1.1485e-006,0.00543518
1.14855e-006,0.00542662
1.1486e-006,0.00543861
1.14865e-006,0.00542833
1.1487e-006,0.00538722
1.14875e-006,0.00535467
1.1488e-006,0.00530328
1.14885e-006,0.00525018
1.1489e-006,0.00521764
1.14895e-006,0.00519365
1.149e-006,0.0051594
1.14905e-006,0.00515768
1.1491e-006,0.00512514
1.14915e-006,0.00515597
1.1492e-006,0.00517481
1.14925e-006,0.00523305
1.1493e-006,0.00526046
1.14935e-006,0.00531185
1.1494e-006,0.00533926
1.14945e-006,0.00535467
1.1495e-006,0.00537523
1.14955e-006,0.00534782
1.1496e-006,0.00533754
1.14965e-006,0.00527416
1.1497e-006,0.00522278
1.14975e-006,0.00517995
1.1498e-006,0.00512171
1.14985e-006,0.00509088
1.1499e-006,0.00505662
1.14995e-006,0.00509259
1.15e-006,0.00512
1.15005e-006,0.00520222
1.1501e-006,0.00528444
1.15015e-006,0.00536666
1.1502e-006,0.00543689
1.15025e-006,0.00547287
1.1503e-006,0.00551569
1.15035e-006,0.00552254
1.1504e-006,0.00549856
1.15045e-006,0.00541291
1.1505e-006,0.00532384
1.15055e-006,0.0052656
1.1506e-006,0.00516111
1.15065e-006,0.00508917
1.1507e-006,0.0050138
1.15075e-006,0.0049881
1.1508e-006,0.0049881
1.15085e-006,0.00501208
1.1509e-006,0.00504292
1.15095e-006,0.00509944
1.151e-006,0.00514912
1.15105e-006,0.00521421
1.1511e-006,0.00525703
1.15115e-006,0.00527074
1.1512e-006,0.00528444
1.15125e-006,0.00524676
1.1513e-006,0.00521764
1.15135e-006,0.00515768
1.1514e-006,0.00507717
1.15145e-006,0.0050275
1.1515e-006,0.00495556
1.15155e-006,0.00489732
1.1516e-006,0.00484079
1.15165e-006,0.00480653
1.1517e-006,0.00477912
1.15175e-006,0.00479283
1.1518e-006,0.00479796
1.15185e-006,0.00479111
1.1519e-006,0.00479796
1.15195e-006,0.00481167
1.152e-006,0.00479968
1.15205e-006,0.00479625
1.1521e-006,0.00476884
1.15215e-006,0.00473801
1.1522e-006,0.00471574
1.15225e-006,0.00469347
1.1523e-006,0.00467121
1.15235e-006,0.00466949
1.1524e-006,0.00468491
1.15245e-006,0.00472431
1.1525e-006,0.00473972
1.15255e-006,0.00482195
1.1526e-006,0.00489046
1.15265e-006,0.00496069
1.1527e-006,0.00500523
1.15275e-006,0.00503606
1.1528e-006,0.00507717
1.15285e-006,0.00511657
1.1529e-006,0.00515426
1.15295e-006,0.00516967
1.153e-006,0.0051731
1.15305e-006,0.00521078
1.1531e-006,0.00521592
1.15315e-006,0.00523477
1.1532e-006,0.00525018
1.15325e-006,0.00526902
1.1533e-006,0.00527759
1.15335e-006,0.00528958
1.1534e-006,0.00531185
1.15345e-006,0.00532898
1.1535e-006,0.00534268
1.15355e-006,0.00532384
1.1536e-006,0.00530328
1.15365e-006,0.0052656
1.1537e-006,0.00519879
1.15375e-006,0.00512171
1.1538e-006,0.00505319
1.15385e-006,0.00495042
1.1539e-006,0.00487333
1.15395e-006,0.0048288
1.154e-006,0.00478426
1.15405e-006,0.0048031
1.1541e-006,0.00481167
1.15415e-006,0.0048562
1.1542e-006,0.00491273
1.15425e-006,0.00499153
1.1543e-006,0.00507204
1.15435e-006,0.00513884
1.1544e-006,0.00518852
1.15445e-006,0.00522449
1.1545e-006,0.00521764
1.15455e-006,0.00520565
1.1546e-006,0.00517139
1.15465e-006,0.00512856
1.1547e-006,0.00508574
1.15475e-006,0.00503435
1.1548e-006,0.00502065
1.15485e-006,0.00501208
1.1549e-006,0.00503606
1.15495e-006,0.00504634
1.155e-006,0.00509088
1.15505e-006,0.00514227
1.1551e-006,0.00517824
1.15515e-006,0.00519879
1.1552e-006,0.00522963
1.15525e-006,0.00524847
1.1553e-006,0.00526731
1.15535e-006,0.00528787
1.1554e-006,0.00529472
1.15545e-006,0.00529986
1.1555e-006,0.005305
1.15555e-006,0.00529129
1.1556e-006,0.00528787
1.15565e-006,0.00528444
1.1557e-006,0.00527074
1.15575e-006,0.00524162
1.1558e-006,0.00521078
1.15585e-006,0.00516796
1.1559e-006,0.00507546
1.15595e-006,0.00500866
1.156e-006,0.00491787
1.15605e-006,0.00482366
1.1561e-006,0.00478769
1.15615e-006,0.00478083
1.1562e-006,0.00476542
1.15625e-006,0.00481338
1.1563e-006,0.00487333
1.15635e-006,0.00497097
1.1564e-006,0.00504463
1.15645e-006,0.00518852
1.1565e-006,0.00527074
1.15655e-006,0.00538893
1.1566e-006,0.00548999
1.15665e-006,0.00554995
1.1567e-006,0.00557907
1.15675e-006,0.00558935
1.1568e-006,0.00558592
1.15685e-006,0.00551398
1.1569e-006,0.00546773
1.15695e-006,0.00540263
1.157e-006,0.00534439
1.15705e-006,0.00528102
1.1571e-006,0.00524162
1.15715e-006,0.00520907
1.1572e-006,0.00518509
1.15725e-006,0.00518166
1.1573e-006,0.00515254
1.15735e-006,0.00511829
1.1574e-006,0.00513028
1.15745e-006,0.00511829
1.1575e-006,0.00510287
1.15755e-006,0.00511486
1.1576e-006,0.00511829
1.15765e-006,0.00511315
1.1577e-006,0.00510629
1.15775e-006,0.00512856
1.1578e-006,0.00516453
1.15785e-006,0.00518852
1.1579e-006,0.00521764
1.15795e-006,0.0052399
1.158e-006,0.00527759
1.15805e-006,0.00527245
1.1581e-006,0.00526046
1.15815e-006,0.00524847
1.1582e-006,0.00521935
1.15825e-006,0.00518338
1.1583e-006,0.00513884
1.15835e-006,0.00511829
1.1584e-006,0.00509602
1.15845e-006,0.00510972
1.1585e-006,0.00511657
1.15855e-006,0.00516453
1.1586e-006,0.00520736
1.15865e-006,0.0052399
1.1587e-006,0.00525875
1.15875e-006,0.00529301
1.1588e-006,0.00529986
1.15885e-006,0.00528102
1.1589e-006,0.00527245
1.15895e-006,0.00523648
1.159e-006,0.00520393
1.15905e-006,0.00518166
1.1591e-006,0.00515426
1.15915e-006,0.00513713
1.1592e-006,0.00513541
1.15925e-006,0.00512856
1.1593e-006,0.00514398
1.15935e-006,0.00516111
1.1594e-006,0.00517824
1.15945e-006,0.00517995
1.1595e-006,0.00516625
1.15955e-006,0.00515597
1.1596e-006,0.00514741
1.15965e-006,0.00514227
1.1597e-006,0.00514398
1.15975e-006,0.00516453
1.1598e-006,0.00517139
1.15985e-006,0.00521764
1.1599e-006,0.00525532
1.15995e-006,0.00529301
1.16e-006,0.00531185
1.16005e-006,0.00533069
1.1601e-006,0.00537009
1.16015e-006,0.0054112
1.1602e-006,0.00541291
1.16025e-006,0.0053975
1.1603e-006,0.00540263
1.16035e-006,0.00539236
1.1604e-006,0.00537351
1.16045e-006,0.00538722
1.1605e-006,0.00541976
1.16055e-006,0.00545231
1.1606e-006,0.00546087
1.16065e-006,0.00548657
1.1607e-006,0.00547629
1.16075e-006,0.00547972
1.1608e-006,0.00542833
1.16085e-006,0.00540263
1.1609e-006,0.00534611
1.16095e-006,0.00527416
1.161e-006,0.00517995
1.16105e-006,0.00513541
1.1611e-006,0.00506347
1.16115e-006,0.00503264
1.1612e-006,0.00497782
1.16125e-006,0.00494014
1.1613e-006,0.00489046
1.16135e-006,0.00487162
1.1614e-006,0.00483907
1.16145e-006,0.00482366
1.1615e-006,0.00479111
1.16155e-006,0.00477056
1.1616e-006,0.00473287
1.16165e-006,0.00470375
1.1617e-006,0.00472773
1.16175e-006,0.00474315
1.1618e-006,0.00478255
1.16185e-006,0.00485278
1.1619e-006,0.00494185
1.16195e-006,0.00504292
1.162e-006,0.00512
1.16205e-006,0.00519023
1.1621e-006,0.00525703
1.16215e-006,0.00532041
1.1622e-006,0.00535125
1.16225e-006,0.00534782
1.1623e-006,0.00536666
1.16235e-006,0.00535638
1.1624e-006,0.00532041
1.16245e-006,0.00529814
1.1625e-006,0.00526046
1.16255e-006,0.00523134
1.1626e-006,0.00521935
1.16265e-006,0.00520736
1.1627e-006,0.00518509
1.16275e-006,0.00517481
1.1628e-006,0.00519194
1.16285e-006,0.00516625
1.1629e-006,0.00517139
1.16295e-006,0.0051868
1.163e-006,0.00519879
1.16305e-006,0.00521592
1.1631e-006,0.00522791
1.16315e-006,0.00525361
1.1632e-006,0.00523648
1.16325e-006,0.0052656
1.1633e-006,0.00525361
1.16335e-006,0.00527416
1.1634e-006,0.00527759
1.16345e-006,0.00530328
1.1635e-006,0.00529472
1.16355e-006,0.00528615
1.1636e-006,0.00527759
1.16365e-006,0.0052793
1.1637e-006,0.00524162
1.16375e-006,0.00526902
1.1638e-006,0.00522963
1.16385e-006,0.0052262
1.1639e-006,0.0052125
1.16395e-006,0.00522278
1.164e-006,0.00519194
1.16405e-006,0.00517995
1.1641e-006,0.00518509
1.16415e-006,0.0051868
1.1642e-006,0.00521421
1.16425e-006,0.0052399
1.1643e-006,0.0052656
1.16435e-006,0.00532726
1.1644e-006,0.00537865
1.16445e-006,0.00542319
1.1645e-006,0.00548314
1.16455e-006,0.00553796
1.1646e-006,0.00554823
1.16465e-006,0.00556536
1.1647e-006,0.00558078
1.16475e-006,0.00554652
1.1648e-006,0.00552597
1.16485e-006,0.0055037
1.1649e-006,0.00543347
1.16495e-006,0.00537694
1.165e-006,0.00532726
1.16505e-006,0.00530842
1.1651e-006,0.00527759
1.16515e-006,0.0052656
1.1652e-006,0.00525532
1.16525e-006,0.00524847
1.1653e-006,0.00522963
1.16535e-006,0.0052399
1.1654e-006,0.00527588
1.16545e-006,0.00525532
1.1655e-006,0.00526217
1.16555e-006,0.00528102
1.1656e-006,0.00526731
1.16565e-006,0.00526046
1.1657e-006,0.0052399
1.16575e-006,0.0052262
1.1658e-006,0.00521592
1.16585e-006,0.00520907
1.1659e-006,0.00519365
1.16595e-006,0.00518166
1.166e-006,0.00512514
1.16605e-006,0.00508745
1.1661e-006,0.00506005
1.16615e-006,0.00501551
1.1662e-006,0.00494185
1.16625e-006,0.00489732
1.1663e-006,0.00484764
1.16635e-006,0.00481852
1.1664e-006,0.00480482
1.16645e-006,0.00479111
1.1665e-006,0.0047757
1.16655e-006,0.00481681
1.1666e-006,0.00486134
1.16665e-006,0.00496241
1.1667e-006,0.00506347
1.16675e-006,0.0051868
1.1668e-006,0.00526731
1.16685e-006,0.00535125
1.1669e-006,0.00542148
1.16695e-006,0.00549171
1.167e-006,0.00550712
1.16705e-006,0.00551055
1.1671e-006,0.00549685
1.16715e-006,0.00547287
1.1672e-006,0.00542662
1.16725e-006,0.00539578
1.1673e-006,0.0053324
1.16735e-006,0.00528102
1.1674e-006,0.0052519
1.16745e-006,0.0052519
1.1675e-006,0.00528102
1.16755e-006,0.00533069
1.1676e-006,0.00533754
1.16765e-006,0.00537009
1.1677e-006,0.00539921
1.16775e-006,0.00539578
1.1678e-006,0.00538037
1.16785e-006,0.00534953
1.1679e-006,0.00528787
1.16795e-006,0.00522106
1.168e-006,0.00512
1.16805e-006,0.00504292
1.1681e-006,0.00493843
1.16815e-006,0.00487505
1.1682e-006,0.00481681
1.16825e-006,0.00478597
1.1683e-006,0.00476713
1.16835e-006,0.00478083
1.1684e-006,0.00487162
1.16845e-006,0.00495042
1.1685e-006,0.00506176
1.16855e-006,0.00515597
1.1686e-006,0.00524333
1.16865e-006,0.00534097
1.1687e-006,0.00540606
1.16875e-006,0.00545745
1.1688e-006,0.00543861
1.16885e-006,0.0054249
1.1689e-006,0.00535638
1.16895e-006,0.00528102
1.169e-006,0.00519023
1.16905e-006,0.00512342
1.1691e-006,0.00501722
1.16915e-006,0.00494528
1.1692e-006,0.00489903
1.16925e-006,0.00489046
1.1693e-006,0.00492301
1.16935e-006,0.00498981
1.1694e-006,0.00504463
1.16945e-006,0.00512
1.1695e-006,0.0051868
1.16955e-006,0.00525018
1.1696e-006,0.00529129
1.16965e-006,0.00536152
1.1697e-006,0.00537009
1.16975e-006,0.00537351
1.1698e-006,0.00535467
1.16985e-006,0.005305
1.1699e-006,0.00523819
1.16995e-006,0.00518509
1.17e-006,0.00513199
1.17005e-006,0.00508745
1.1701e-006,0.00506005
1.17015e-006,0.00505148
1.1702e-006,0.00504463
1.17025e-006,0.00506861
1.1703e-006,0.00509259
1.17035e-006,0.00511315
1.1704e-006,0.00515597
1.17045e-006,0.00517995
1.1705e-006,0.00522106
1.17055e-006,0.00522791
1.1706e-006,0.00521764
1.17065e-006,0.00521764
1.1707e-006,0.00520393
1.17075e-006,0.00518852
1.1708e-006,0.00515254
1.17085e-006,0.00512342
1.1709e-006,0.00513884
1.17095e-006,0.00513713
1.171e-006,0.00515597
1.17105e-006,0.00517481
1.1711e-006,0.00518338
1.17115e-006,0.00520565
1.1712e-006,0.00523134
1.17125e-006,0.00523477
1.1713e-006,0.00520393
1.17135e-006,0.00518509
1.1714e-006,0.0051594
1.17145e-006,0.00511829
1.1715e-006,0.00508574
1.17155e-006,0.00502236
1.1716e-006,0.00499495
1.17165e-006,0.00497097
1.1717e-006,0.00495898
1.17175e-006,0.00496241
1.1718e-006,0.00495898
1.17185e-006,0.00500694
1.1719e-006,0.00503606
1.17195e-006,0.00508403
1.172e-006,0.00514055
1.17205e-006,0.00517653
1.1721e-006,0.00520222
1.17215e-006,0.00524847
1.1722e-006,0.00529643
1.17225e-006,0.00534439
1.1723e-006,0.00536666
1.17235e-006,0.0053718
1.1724e-006,0.00535296
1.17245e-006,0.00532555
1.1725e-006,0.00532555
1.17255e-006,0.00527588
1.1726e-006,0.0052519
1.17265e-006,0.00524676
1.1727e-006,0.00522963
1.17275e-006,0.00523134
1.1728e-006,0.00524333
1.17285e-006,0.00525703
1.1729e-006,0.00524504
1.17295e-006,0.00526217
1.173e-006,0.00529472
1.17305e-006,0.00530842
1.1731e-006,0.00529814
1.17315e-006,0.00531699
1.1732e-006,0.00535638
1.17325e-006,0.00537865
1.1733e-006,0.00540949
1.17335e-006,0.00542319
1.1734e-006,0.00543689
1.17345e-006,0.00545916
1.1735e-006,0.00548314
1.17355e-006,0.00549171
1.1736e-006,0.00548828
1.17365e-006,0.00547458
1.1737e-006,0.00543861
1.17375e-006,0.00538379
1.1738e-006,0.00530328
1.17385e-006,0.00526046
1.1739e-006,0.00520222
1.17395e-006,0.00514398
1.174e-006,0.00513028
1.17405e-006,0.0050943
1.1741e-006,0.00508917
1.17415e-006,0.00510629
1.1742e-006,0.00513028
1.17425e-006,0.00514398
1.1743e-006,0.00514741
1.17435e-006,0.0051731
1.1744e-006,0.00519708
1.17445e-006,0.0052125
1.1745e-006,0.00519537
1.17455e-006,0.00515083
1.1746e-006,0.00508403
1.17465e-006,0.00502407
1.1747e-006,0.00493671
1.17475e-006,0.00486134
1.1748e-006,0.00480995
1.17485e-006,0.00476371
1.1749e-006,0.0047363
1.17495e-006,0.00473972
1.175e-006,0.00473459
1.17505e-006,0.00475857
1.1751e-006,0.00480995
1.17515e-006,0.00486306
1.1752e-006,0.00492472
1.17525e-006,0.00496583
1.1753e-006,0.00501551
1.17535e-006,0.00507032
1.1754e-006,0.00505662
1.17545e-006,0.00507032
1.1755e-006,0.00504463
1.17555e-006,0.00500352
1.1756e-006,0.00497097
1.17565e-006,0.00493157
1.1757e-006,0.0048956
1.17575e-006,0.0048682
1.1758e-006,0.00486991
1.17585e-006,0.0049213
1.1759e-006,0.00497782
1.17595e-006,0.00502921
1.176e-006,0.00512342
1.17605e-006,0.00517653
1.1761e-006,0.0052656
1.17615e-006,0.00532041
1.1762e-006,0.00537009
1.17625e-006,0.00537009
1.1763e-006,0.0053581
1.17635e-006,0.00534782
1.1764e-006,0.00532898
1.17645e-006,0.00532213
1.1765e-006,0.00527759
1.17655e-006,0.00526902
1.1766e-006,0.00525018
1.17665e-006,0.00525703
1.1767e-006,0.00525875
1.17675e-006,0.00527074
1.1768e-006,0.00527759
1.17685e-006,0.00527245
1.1769e-006,0.0052519
1.17695e-006,0.00521421
1.177e-006,0.00514227
1.17705e-006,0.00507375
1.1771e-006,0.00500352
1.17715e-006,0.00495556
1.1772e-006,0.00492815
1.17725e-006,0.00488875
1.1773e-006,0.00489218
1.17735e-006,0.00493329
1.1774e-006,0.00499153
1.17745e-006,0.00506176
1.1775e-006,0.00514227
1.17755e-006,0.0052399
1.1776e-006,0.00529643
1.17765e-006,0.00533926
1.1777e-006,0.00536152
1.17775e-006,0.00537523
1.1778e-006,0.00537351
1.17785e-006,0.00530157
1.1779e-006,0.00526046
1.17795e-006,0.0051594
1.178e-006,0.00510972
1.17805e-006,0.00506518
1.1781e-006,0.0050275
1.17815e-006,0.00501208
1.1782e-006,0.00498468
1.17825e-006,0.00498981
1.1783e-006,0.00500352
1.17835e-006,0.0050412
1.1784e-006,0.00507032
1.17845e-006,0.00508574
1.1785e-006,0.00512171
1.17855e-006,0.00516111
1.1786e-006,0.00517995
1.17865e-006,0.00519194
1.1787e-006,0.00519708
1.17875e-006,0.00518509
1.1788e-006,0.00517653
1.17885e-006,0.00515426
1.1789e-006,0.00515083
1.17895e-006,0.00510629
1.179e-006,0.00508745
1.17905e-006,0.0050806
1.1791e-006,0.00506861
1.17915e-006,0.00507375
1.1792e-006,0.00509088
1.17925e-006,0.00512
1.1793e-006,0.00514398
1.17935e-006,0.00516453
1.1794e-006,0.00521078
1.17945e-006,0.00522449
1.1795e-006,0.00522106
1.17955e-006,0.00525018
1.1796e-006,0.0052399
1.17965e-006,0.00522106
1.1797e-006,0.00516453
1.17975e-006,0.00511486
1.1798e-006,0.00506861
1.17985e-006,0.00501208
1.1799e-006,0.00493329
1.17995e-006,0.00490074
1.18e-006,0.00489732
1.18005e-006,0.00486648
1.1801e-006,0.00487676
1.18015e-006,0.00492815
1.1802e-006,0.00497782
1.18025e-006,0.00503949
1.1803e-006,0.00511829
1.18035e-006,0.00519194
1.1804e-006,0.0052519
1.18045e-006,0.00527416
1.1805e-006,0.00528273
1.18055e-006,0.00528787
1.1806e-006,0.00524676
1.18065e-006,0.00521421
1.1807e-006,0.00517653
1.18075e-006,0.00514227
1.1808e-006,0.00511657
1.18085e-006,0.00510801
1.1809e-006,0.00510801
1.18095e-006,0.00513028
1.181e-006,0.0051337
1.18105e-006,0.00518509
1.1811e-006,0.00519537
1.18115e-006,0.00522791
1.1812e-006,0.00523648
1.18125e-006,0.00522106
1.1813e-006,0.00519708
1.18135e-006,0.00513713
1.1814e-006,0.00509088
1.18145e-006,0.00504292
1.1815e-006,0.00498468
1.18155e-006,0.0049487
1.1816e-006,0.00490759
1.18165e-006,0.00491273
1.1817e-006,0.00488361
1.18175e-006,0.00491444
1.1818e-006,0.00493671
1.18185e-006,0.0049744
1.1819e-006,0.00499838
1.18195e-006,0.00503435
1.182e-006,0.00507204
1.18205e-006,0.00509602
1.1821e-006,0.00513199
1.18215e-006,0.00514055
1.1822e-006,0.00516453
1.18225e-006,0.00516453
1.1823e-006,0.00517824
1.18235e-006,0.00516282
1.1824e-006,0.00512685
1.18245e-006,0.00513028
1.1825e-006,0.00510972
1.18255e-006,0.00510801
1.1826e-006,0.00511315
1.18265e-006,0.00510116
1.1827e-006,0.00512171
1.18275e-006,0.00512685
1.1828e-006,0.00512856
1.18285e-006,0.00516282
1.1829e-006,0.00517995
1.18295e-006,0.00520222
1.183e-006,0.00521592
1.18305e-006,0.00522449
1.1831e-006,0.00524504
1.18315e-006,0.00522449
1.1832e-006,0.00523305
1.18325e-006,0.00523134
1.1833e-006,0.00520051
1.18335e-006,0.00515254
1.1834e-006,0.00511657
1.18345e-006,0.0050806
1.1835e-006,0.0050669
1.18355e-006,0.00507204
1.1836e-006,0.00507204
1.18365e-006,0.00504805
1.1837e-006,0.00504463
1.18375e-006,0.00504292
1.1838e-006,0.00504463
1.18385e-006,0.00505148
1.1839e-006,0.00503264
1.18395e-006,0.00501208
1.184e-006,0.00499153
1.18405e-006,0.00497268
1.1841e-006,0.00495384
1.18415e-006,0.00491958
1.1842e-006,0.00490074
1.18425e-006,0.00487847
1.1843e-006,0.00488361
1.18435e-006,0.00488875
1.1844e-006,0.00494699
1.18445e-006,0.00498639
1.1845e-006,0.00504463
1.18455e-006,0.00508231
1.1846e-006,0.00514055
1.18465e-006,0.00518852
1.1847e-006,0.00519708
1.18475e-006,0.00519365
1.1848e-006,0.00517139
1.18485e-006,0.00514398
1.1849e-006,0.00510287
1.18495e-006,0.00507032
1.185e-006,0.00503435
1.18505e-006,0.00500866
1.1851e-006,0.00499838
1.18515e-006,0.0049744
1.1852e-006,0.00496755
1.18525e-006,0.0050018
1.1853e-006,0.00502407
1.18535e-006,0.00505319
1.1854e-006,0.00507717
1.18545e-006,0.00511143
1.1855e-006,0.00514055
1.18555e-006,0.00515254
1.1856e-006,0.00515254
1.18565e-006,0.00513199
1.1857e-006,0.00510629
1.18575e-006,0.00508231
1.1858e-006,0.00503606
1.18585e-006,0.00500352
1.1859e-006,0.00496412
1.18595e-006,0.00494185
1.186e-006,0.00489903
1.18605e-006,0.00491273
1.1861e-006,0.00492644
1.18615e-006,0.00496755
1.1862e-006,0.00501551
1.18625e-006,0.00505833
1.1863e-006,0.00509773
1.18635e-006,0.00513713
1.1864e-006,0.00512342
1.18645e-006,0.00513028
1.1865e-006,0.00508745
1.18655e-006,0.00504977
1.1866e-006,0.00501722
1.18665e-006,0.00494699
1.1867e-006,0.00486991
1.18675e-006,0.0048031
1.1868e-006,0.00472259
1.18685e-006,0.0047106
1.1869e-006,0.00472602
1.18695e-006,0.00473972
1.187e-006,0.00478597
1.18705e-006,0.00485107
1.1871e-006,0.0049213
1.18715e-006,0.00497611
1.1872e-006,0.00507375
1.18725e-006,0.00515426
1.1873e-006,0.00521592
1.18735e-006,0.00526902
1.1874e-006,0.00528615
1.18745e-006,0.00528615
1.1875e-006,0.00528444
1.18755e-006,0.0052656
1.1876e-006,0.00522106
1.18765e-006,0.00517824
1.1877e-006,0.00515597
1.18775e-006,0.00510801
1.1878e-006,0.0050669
1.18785e-006,0.00505319
1.1879e-006,0.00501551
1.18795e-006,0.00503778
1.188e-006,0.00504805
1.18805e-006,0.00506861
1.1881e-006,0.00510629
1.18815e-006,0.00515768
1.1882e-006,0.00521078
1.18825e-006,0.00529301
1.1883e-006,0.00533069
1.18835e-006,0.00537523
1.1884e-006,0.00540777
1.18845e-006,0.00541291
1.1885e-006,0.00541634
1.18855e-006,0.00539407
1.1886e-006,0.00535981
1.18865e-006,0.00532384
1.1887e-006,0.00525532
1.18875e-006,0.00520051
1.1888e-006,0.00514227
1.18885e-006,0.00508917
1.1889e-006,0.0050669
1.18895e-006,0.00508403
1.189e-006,0.00509259
1.18905e-006,0.00512
1.1891e-006,0.0051594
1.18915e-006,0.00520051
1.1892e-006,0.00523477
1.18925e-006,0.00525361
1.1893e-006,0.00526217
1.18935e-006,0.00526217
1.1894e-006,0.00525703
1.18945e-006,0.00523477
1.1895e-006,0.0052125
1.18955e-006,0.00513713
1.1896e-006,0.00506518
1.18965e-006,0.00500694
1.1897e-006,0.00497611
1.18975e-006,0.00492301
1.1898e-006,0.00487676
1.18985e-006,0.00485107
1.1899e-006,0.00481509
1.18995e-006,0.00479454
1.19e-006,0.0047894
1.19005e-006,0.00478083
1.1901e-006,0.00476713
1.19015e-006,0.00476028
1.1902e-006,0.00473287
1.19025e-006,0.00473972
1.1903e-006,0.00472945
1.19035e-006,0.00471574
1.1904e-006,0.00470204
1.19045e-006,0.00472431
1.1905e-006,0.00471574
1.19055e-006,0.00472773
1.1906e-006,0.00474486
1.19065e-006,0.00475514
1.1907e-006,0.00479796
1.19075e-006,0.0048288
1.1908e-006,0.00484593
1.19085e-006,0.00489732
1.1909e-006,0.00494014
1.19095e-006,0.00497268
1.191e-006,0.00501037
1.19105e-006,0.00504463
1.1911e-006,0.00506518
1.19115e-006,0.00509259
1.1912e-006,0.00509088
1.19125e-006,0.0050806
1.1913e-006,0.0050806
1.19135e-006,0.00509259
1.1914e-006,0.00510116
1.19145e-006,0.00510116
1.1915e-006,0.00513028
1.19155e-006,0.00516453
1.1916e-006,0.00521764
1.19165e-006,0.00528787
1.1917e-006,0.00534097
1.19175e-006,0.00539236
1.1918e-006,0.00542148
1.19185e-006,0.00546601
1.1919e-006,0.00550027
1.19195e-006,0.0055174
1.192e-006,0.00551911
1.19205e-006,0.00546944
1.1921e-006,0.00544032
1.19215e-006,0.0053855
1.1922e-006,0.00533412
1.19225e-006,0.00529643
1.1923e-006,0.00522963
1.19235e-006,0.00517824
1.1924e-006,0.00516796
1.19245e-006,0.00511657
1.1925e-006,0.00510287
1.19255e-006,0.0050806
1.1926e-006,0.00508231
1.19265e-006,0.00510972
1.1927e-006,0.00513199
1.19275e-006,0.00514741
1.1928e-006,0.00518338
1.19285e-006,0.00524333
1.1929e-006,0.00528958
1.19295e-006,0.00532555
1.193e-006,0.00536324
1.19305e-006,0.0054112
1.1931e-006,0.00543518
1.19315e-006,0.00545402
1.1932e-006,0.00547629
1.19325e-006,0.00547458
1.1933e-006,0.00548999
1.19335e-006,0.00547115
1.1934e-006,0.00543861
1.19345e-006,0.00542662
1.1935e-006,0.00538379
1.19355e-006,0.00537351
1.1936e-006,0.00534611
1.19365e-006,0.00529472
1.1937e-006,0.00527074
1.19375e-006,0.00526731
1.1938e-006,0.00527759
1.19385e-006,0.0052519
1.1939e-006,0.00523477
1.19395e-006,0.0052399
1.194e-006,0.00524333
1.19405e-006,0.00521935
1.1941e-006,0.00521421
1.19415e-006,0.00518338
1.1942e-006,0.00516967
1.19425e-006,0.0051868
1.1943e-006,0.0051594
1.19435e-006,0.0051731
1.1944e-006,0.00518166
1.19445e-006,0.00520736
1.1945e-006,0.00521935
1.19455e-006,0.00527416
1.1946e-006,0.00530328
1.19465e-006,0.00534782
1.1947e-006,0.00539578
1.19475e-006,0.00544888
1.1948e-006,0.00546259
1.19485e-006,0.00545402
1.1949e-006,0.00543175
1.19495e-006,0.00540777
1.195e-006,0.00535296
1.19505e-006,0.00527588
1.1951e-006,0.00521078
1.19515e-006,0.00512685
1.1952e-006,0.00505833
1.19525e-006,0.00499495
1.1953e-006,0.00492472
1.19535e-006,0.00490417
1.1954e-006,0.00488704
1.19545e-006,0.00488361
1.1955e-006,0.00488361
1.19555e-006,0.00490759
1.1956e-006,0.00492644
1.19565e-006,0.00494014
1.1957e-006,0.00496583
1.19575e-006,0.00499667
1.1958e-006,0.00499667
1.19585e-006,0.00500009
1.1959e-006,0.00499153
1.19595e-006,0.00494699
1.196e-006,0.00492472
1.19605e-006,0.00487333
1.1961e-006,0.00483565
1.19615e-006,0.00482195
1.1962e-006,0.00481509
1.19625e-006,0.00479968
1.1963e-006,0.00480653
1.19635e-006,0.00483051
1.1964e-006,0.00485963
1.19645e-006,0.0048956
1.1965e-006,0.00488875
1.19655e-006,0.00489218
1.1966e-006,0.00489389
1.19665e-006,0.00487333
1.1967e-006,0.00486306
1.19675e-006,0.00484079
1.1968e-006,0.00480653
1.19685e-006,0.00478083
1.1969e-006,0.00475857
1.19695e-006,0.00475685
1.197e-006,0.00477912
1.19705e-006,0.00482537
1.1971e-006,0.00483907
1.19715e-006,0.0048819
1.1972e-006,0.00494185
1.19725e-006,0.0049744
1.1973e-006,0.00503092
1.19735e-006,0.00506861
1.1974e-006,0.00509259
1.19745e-006,0.00511486
1.1975e-006,0.00511829
1.19755e-006,0.00510629
1.1976e-006,0.00508403
1.19765e-006,0.00507717
1.1977e-006,0.00506176
1.19775e-006,0.00503092
1.1978e-006,0.00500009
1.19785e-006,0.00498296
1.1979e-006,0.00497097
1.19795e-006,0.00493329
1.198e-006,0.00494356
1.19805e-006,0.00493157
1.1981e-006,0.0049213
1.19815e-006,0.00495213
1.1982e-006,0.00498468
1.19825e-006,0.00501208
1.1983e-006,0.00508574
1.19835e-006,0.00513541
1.1984e-006,0.00520051
1.19845e-006,0.00526389
1.1985e-006,0.00529814
1.19855e-006,0.00533069
1.1986e-006,0.00533412
1.19865e-006,0.00538379
1.1987e-006,0.00540435
1.19875e-006,0.00540435
1.1988e-006,0.00544888
1.19885e-006,0.00546601
1.1989e-006,0.00548486
1.19895e-006,0.0055431
1.199e-006,0.00553796
1.19905e-006,0.00555337
1.1991e-006,0.00555509
1.19915e-006,0.00554138
1.1992e-006,0.00550541
1.19925e-006,0.0054249
1.1993e-006,0.00530671
1.19935e-006,0.00517824
1.1994e-006,0.0050412
1.19945e-006,0.00492644
1.1995e-006,0.00481167
1.19955e-006,0.00471917
1.1996e-006,0.00464722
1.19965e-006,0.0046301
1.1997e-006,0.00461639
1.19975e-006,0.00464894
1.1998e-006,0.00468834
1.19985e-006,0.00472945
1.1999e-006,0.00479111
1.19995e-006,0.00487505
1.2e-006,0.00493671
1.20005e-006,0.00497954
1.2001e-006,0.00503264
1.20015e-006,0.0050669
1.2002e-006,0.0050669
1.20025e-006,0.00509259
1.2003e-006,0.00512856
1.20035e-006,0.00513713
1.2004e-006,0.00515083
1.20045e-006,0.00518509
1.2005e-006,0.00519708
1.20055e-006,0.0052399
1.2006e-006,0.00525703
1.20065e-006,0.00524676
1.2007e-006,0.00525018
1.20075e-006,0.00526389
1.2008e-006,0.00525361
1.20085e-006,0.00526217
1.2009e-006,0.00525532
1.20095e-006,0.0052399
1.201e-006,0.00522963
1.20105e-006,0.0052125
1.2011e-006,0.0052125
1.20115e-006,0.00521078
1.2012e-006,0.00520222
1.20125e-006,0.00519194
1.2013e-006,0.00519879
1.20135e-006,0.00518509
1.2014e-006,0.00517995
1.20145e-006,0.00517995
1.2015e-006,0.00519879
1.20155e-006,0.00519537
1.2016e-006,0.00519194
1.20165e-006,0.00520736
1.2017e-006,0.00520907
1.20175e-006,0.0052656
1.2018e-006,0.00533926
1.20185e-006,0.00538893
1.2019e-006,0.00543861
1.20195e-006,0.00546601
1.202e-006,0.00547629
1.20205e-006,0.00550027
1.2021e-006,0.00551226
1.20215e-006,0.00546601
1.2022e-006,0.00537865
1.20225e-006,0.00528273
1.2023e-006,0.0051868
1.20235e-006,0.00510458
1.2024e-006,0.00498981
1.20245e-006,0.00489732
1.2025e-006,0.00484764
1.20255e-006,0.00481852
1.2026e-006,0.00480824
1.20265e-006,0.00484079
1.2027e-006,0.00487505
1.20275e-006,0.00492644
1.2028e-006,0.00500523
1.20285e-006,0.00506005
1.2029e-006,0.00509944
1.20295e-006,0.00512171
1.203e-006,0.00515768
1.20305e-006,0.00514912
1.2031e-006,0.00513199
1.20315e-006,0.00510972
1.2032e-006,0.00508231
1.20325e-006,0.00506861
1.2033e-006,0.00505662
1.20335e-006,0.00504977
1.2034e-006,0.00504634
1.20345e-006,0.00505662
1.2035e-006,0.00508231
1.20355e-006,0.00507546
1.2036e-006,0.00508574
1.20365e-006,0.00509088
1.2037e-006,0.00509088
1.20375e-006,0.00509602
1.2038e-006,0.00510972
1.20385e-006,0.00512
1.2039e-006,0.00514398
1.20395e-006,0.00516282
1.204e-006,0.00520222
1.20405e-006,0.00524333
1.2041e-006,0.00528615
1.20415e-006,0.00530328
1.2042e-006,0.00534953
1.20425e-006,0.00536838
1.2043e-006,0.00536324
1.20435e-006,0.0053187
1.2044e-006,0.00529129
1.20445e-006,0.0052262
1.2045e-006,0.00519194
1.20455e-006,0.00511829
1.2046e-006,0.00508574
1.20465e-006,0.00507204
1.2047e-006,0.00503949
1.20475e-006,0.00503606
1.2048e-006,0.00500523
1.20485e-006,0.00497782
1.2049e-006,0.00497097
1.20495e-006,0.00496241
1.205e-006,0.00493671
1.20505e-006,0.00495042
1.2051e-006,0.00496241
1.20515e-006,0.00493671
1.2052e-006,0.00496583
1.20525e-006,0.00498296
1.2053e-006,0.00500694
1.20535e-006,0.00503092
1.2054e-006,0.00506347
1.20545e-006,0.00511143
1.2055e-006,0.00513884
1.20555e-006,0.00517653
1.2056e-006,0.00519537
1.20565e-006,0.00520051
1.2057e-006,0.0051868
1.20575e-006,0.00514912
1.2058e-006,0.00511143
1.20585e-006,0.00508231
1.2059e-006,0.00505662
1.20595e-006,0.0050669
1.206e-006,0.00504463
1.20605e-006,0.00506176
1.2061e-006,0.00507204
1.20615e-006,0.00508574
1.2062e-006,0.00510629
1.20625e-006,0.00514055
1.2063e-006,0.00513884
1.20635e-006,0.00516625
1.2064e-006,0.0051337
1.20645e-006,0.00513713
1.2065e-006,0.00510629
1.20655e-006,0.00507546
1.2066e-006,0.00503092
1.20665e-006,0.00504634
1.2067e-006,0.00499495
1.20675e-006,0.00498125
1.2068e-006,0.00496583
1.20685e-006,0.00497782
1.2069e-006,0.00498468
1.20695e-006,0.00500009
1.207e-006,0.00500866
1.20705e-006,0.00505491
1.2071e-006,0.00510629
1.20715e-006,0.00515083
1.2072e-006,0.0052125
1.20725e-006,0.00524847
1.2073e-006,0.00526731
1.20735e-006,0.00527588
1.2074e-006,0.00528102
1.20745e-006,0.00528787
1.2075e-006,0.00529129
1.20755e-006,0.00528273
1.2076e-006,0.00527074
1.20765e-006,0.00529643
1.2077e-006,0.00527245
1.20775e-006,0.00525532
1.2078e-006,0.00522278
1.20785e-006,0.00523819
1.2079e-006,0.00523305
1.20795e-006,0.00524504
1.208e-006,0.00522963
1.20805e-006,0.00523648
1.2081e-006,0.00519708
1.20815e-006,0.00518509
1.2082e-006,0.00513541
1.20825e-006,0.00504805
1.2083e-006,0.00496755
1.20835e-006,0.004935
1.2084e-006,0.00486134
1.20845e-006,0.0047894
1.2085e-006,0.00476028
1.20855e-006,0.00471403
1.2086e-006,0.00471917
1.20865e-006,0.00475
1.2087e-006,0.00479454
1.20875e-006,0.0048819
1.2088e-006,0.00497097
1.20885e-006,0.00507375
1.2089e-006,0.0051731
1.20895e-006,0.00526389
1.209e-006,0.00533412
1.20905e-006,0.00539064
1.2091e-006,0.0054112
1.20915e-006,0.00540777
1.2092e-006,0.00538379
1.20925e-006,0.00535296
1.2093e-006,0.00528615
1.20935e-006,0.0051868
1.2094e-006,0.00513713
1.20945e-006,0.00506176
1.2095e-006,0.0050018
1.20955e-006,0.00496755
1.2096e-006,0.00495384
1.20965e-006,0.00497954
1.2097e-006,0.00501722
1.20975e-006,0.00506518
1.2098e-006,0.00510287
1.20985e-006,0.00517995
1.2099e-006,0.00523648
1.20995e-006,0.00527588
1.21e-006,0.00526389
1.21005e-006,0.0052399
1.2101e-006,0.00519365
1.21015e-006,0.00515426
1.2102e-006,0.00508403
1.21025e-006,0.00500009
1.2103e-006,0.00493329
1.21035e-006,0.00485792
1.2104e-006,0.00480139
1.21045e-006,0.00478255
1.2105e-006,0.00476884
1.21055e-006,0.00476713
1.2106e-006,0.00476199
1.21065e-006,0.00477056
1.2107e-006,0.00477398
1.21075e-006,0.00478083
1.2108e-006,0.00474658
1.21085e-006,0.00476199
1.2109e-006,0.00473287
1.21095e-006,0.00471574
1.211e-006,0.00471403
1.21105e-006,0.00469347
1.2111e-006,0.00473459
1.21115e-006,0.00478426
1.2112e-006,0.0048425
1.21125e-006,0.00490074
1.2113e-006,0.0050138
1.21135e-006,0.00512
1.2114e-006,0.00521592
1.21145e-006,0.00531527
1.2115e-006,0.00543518
1.21155e-006,0.0055174
1.2116e-006,0.00557736
1.21165e-006,0.00566472
1.2117e-006,0.00570925
1.21175e-006,0.00575379
1.2118e-006,0.00574694
1.21185e-006,0.00576064
1.2119e-006,0.00570411
1.21195e-006,0.00565444
1.212e-006,0.0055705
1.21205e-006,0.005478
1.2121e-006,0.00535981
1.21215e-006,0.00524676
1.2122e-006,0.00517139
1.21225e-006,0.0050943
1.2123e-006,0.00500866
1.21235e-006,0.00496583
1.2124e-006,0.00491273
1.21245e-006,0.00486477
1.2125e-006,0.00483051
1.21255e-006,0.00482708
1.2126e-006,0.00481681
1.21265e-006,0.00479796
1.2127e-006,0.0047894
1.21275e-006,0.00478426
1.2128e-006,0.00480824
1.21285e-006,0.00485278
1.2129e-006,0.00487847
1.21295e-006,0.00493157
1.213e-006,0.00499838
1.21305e-006,0.00507204
1.2131e-006,0.00513199
1.21315e-006,0.00518852
1.2132e-006,0.0052399
1.21325e-006,0.00525703
1.2133e-006,0.00526217
1.21335e-006,0.00524162
1.2134e-006,0.00517481
1.21345e-006,0.00511829
1.2135e-006,0.00504977
1.21355e-006,0.00497268
1.2136e-006,0.0048819
1.21365e-006,0.00481681
1.2137e-006,0.00475514
1.21375e-006,0.00472259
1.2138e-006,0.00469519
1.21385e-006,0.00467634
1.2139e-006,0.00470547
1.21395e-006,0.00472431
1.214e-006,0.00476028
1.21405e-006,0.00480482
1.2141e-006,0.00482708
1.21415e-006,0.00486306
1.2142e-006,0.00490931
1.21425e-006,0.00492644
1.2143e-006,0.00493671
1.21435e-006,0.00495384
1.2144e-006,0.00497097
1.21445e-006,0.00495213
1.2145e-006,0.00492986
1.21455e-006,0.00492815
1.2146e-006,0.00490931
1.21465e-006,0.00488704
1.2147e-006,0.00489903
1.21475e-006,0.00486477
1.2148e-006,0.00489046
1.21485e-006,0.00491958
1.2149e-006,0.00494699
1.21495e-006,0.0049744
1.215e-006,0.00502065
1.21505e-006,0.00506347
1.2151e-006,0.00510116
1.21515e-006,0.00515254
1.2152e-006,0.00519023
1.21525e-006,0.00521078
1.2153e-006,0.00522449
1.21535e-006,0.00520393
1.2154e-006,0.00517995
1.21545e-006,0.00511486
1.2155e-006,0.00504805
1.21555e-006,0.00499324
1.2156e-006,0.0049213
1.21565e-006,0.0048562
1.2157e-006,0.00479454
1.21575e-006,0.00476028
1.2158e-006,0.00476542
1.21585e-006,0.00477056
1.2159e-006,0.00480824
1.21595e-006,0.00487333
1.216e-006,0.00495213
1.21605e-006,0.00500009
1.2161e-006,0.00505148
1.21615e-006,0.00509259
1.2162e-006,0.00514569
1.21625e-006,0.00516111
1.2163e-006,0.00517139
1.21635e-006,0.00516453
1.2164e-006,0.00514741
1.21645e-006,0.00511315
1.2165e-006,0.0050943
1.21655e-006,0.00507375
1.2166e-006,0.0050412
1.21665e-006,0.00502236
1.2167e-006,0.0050412
1.21675e-006,0.00503435
1.2168e-006,0.00505491
1.21685e-006,0.0050806
1.2169e-006,0.00511143
1.21695e-006,0.00517481
1.217e-006,0.0051868
1.21705e-006,0.00523819
1.2171e-006,0.00524333
1.21715e-006,0.00525703
1.2172e-006,0.00526046
1.21725e-006,0.00527588
1.2173e-006,0.00526217
1.21735e-006,0.00527588
1.2174e-006,0.00527074
1.21745e-006,0.00528273
1.2175e-006,0.00528787
1.21755e-006,0.00527245
1.2176e-006,0.00524504
1.21765e-006,0.00527245
1.2177e-006,0.00528273
1.21775e-006,0.0052262
1.2178e-006,0.00519023
1.21785e-006,0.00514055
1.2179e-006,0.00507889
1.21795e-006,0.00501037
1.218e-006,0.00494185
1.21805e-006,0.00489389
1.2181e-006,0.00483907
1.21815e-006,0.0048288
1.2182e-006,0.00483736
1.21825e-006,0.00486306
1.2183e-006,0.00491444
1.21835e-006,0.00498981
1.2184e-006,0.00506861
1.21845e-006,0.00516282
1.2185e-006,0.0052262
1.21855e-006,0.0052793
1.2186e-006,0.00528958
1.21865e-006,0.00527588
1.2187e-006,0.00522278
1.21875e-006,0.00516625
1.2188e-006,0.00509259
1.21885e-006,0.00501551
1.2189e-006,0.00492644
1.21895e-006,0.00487505
1.219e-006,0.00482366
1.21905e-006,0.00479796
1.2191e-006,0.00480482
1.21915e-006,0.00477056
1.2192e-006,0.00479111
1.21925e-006,0.00481167
1.2193e-006,0.00482708
1.21935e-006,0.00484421
1.2194e-006,0.00485963
1.21945e-006,0.00490759
1.2195e-006,0.00495213
1.21955e-006,0.00497954
1.2196e-006,0.00501551
1.21965e-006,0.00506861
1.2197e-006,0.00512685
1.21975e-006,0.0051868
1.2198e-006,0.0052399
1.21985e-006,0.00529814
1.2199e-006,0.00534439
1.21995e-006,0.00540949
1.22e-006,0.00541463
1.22005e-006,0.00540949
1.2201e-006,0.00540949
1.22015e-006,0.0053975
1.2202e-006,0.00535296
1.22025e-006,0.00529643
1.2203e-006,0.0052399
1.22035e-006,0.00516625
1.2204e-006,0.00510458
1.22045e-006,0.00504634
1.2205e-006,0.00500009
1.22055e-006,0.00494014
1.2206e-006,0.00489732
1.22065e-006,0.00488361
1.2207e-006,0.00487505
1.22075e-006,0.00486991
1.2208e-006,0.00488704
1.22085e-006,0.00490931
1.2209e-006,0.00492301
1.22095e-006,0.00497611
1.221e-006,0.00497954
1.22105e-006,0.00500694
1.2211e-006,0.00502065
1.22115e-006,0.00503435
1.2212e-006,0.00504977
1.22125e-006,0.00506005
1.2213e-006,0.00505319
1.22135e-006,0.00504292
1.2214e-006,0.00501893
1.22145e-006,0.00501208
1.2215e-006,0.00499495
1.22155e-006,0.00498639
1.2216e-006,0.00498639
1.22165e-006,0.00499324
1.2217e-006,0.00499153
1.22175e-006,0.00503606
1.2218e-006,0.00504634
1.22185e-006,0.00505833
1.2219e-006,0.00512342
1.22195e-006,0.00513713
1.222e-006,0.00515083
1.22205e-006,0.00514055
1.2221e-006,0.00513713
1.22215e-006,0.00512
1.2222e-006,0.00508574
1.22225e-006,0.00507032
1.2223e-006,0.00501722
1.22235e-006,0.00502236
1.2224e-006,0.00501551
1.22245e-006,0.00501551
1.2225e-006,0.00501722
1.22255e-006,0.0050275
1.2226e-006,0.00502579
1.22265e-006,0.00502407
1.2227e-006,0.00498981
1.22275e-006,0.00495556
1.2228e-006,0.00493157
1.22285e-006,0.00489903
1.2229e-006,0.00486306
1.22295e-006,0.0048031
1.223e-006,0.00479454
1.22305e-006,0.00479796
1.2231e-006,0.00482195
1.22315e-006,0.00483394
1.2232e-006,0.00485449
1.22325e-006,0.00489046
1.2233e-006,0.00493671
1.22335e-006,0.00495042
1.2234e-006,0.00495556
1.22345e-006,0.00494528
1.2235e-006,0.00491787
1.22355e-006,0.00486134
1.2236e-006,0.00480995
1.22365e-006,0.00478597
1.2237e-006,0.00473287
1.22375e-006,0.00469347
1.2238e-006,0.00468662
1.22385e-006,0.00470033
1.2239e-006,0.0047106
1.22395e-006,0.00473972
1.224e-006,0.00476884
